          20  0.8750000      0.8077375       1.669466      0.4373513      0.5483871    
          40  0.8750000      0.7963875       1.631840      0.4307528      0.5433334    
          60  0.8750000      0.8012500       1.634227      0.4340346      0.5423729    
          80  0.8750000      0.8002375       1.640070      0.4310880      0.5774202    
         100   1.000000      0.9106375       1.478706      0.4317551      0.5649413    
         120   1.000000      0.8997500       1.382952      0.4196577      0.5722494    
         140   1.000000      0.9322750       1.361016      0.4215597      0.5332987    
         160   1.000000      0.9118125       1.324492      0.4218971      0.5209960    
         180   1.000000      0.9113625       1.337874      0.4206514      0.5336915    
         200   1.000000      0.9208500       1.364664      0.4156514      0.5376492    
         220   1.000000      0.9233875       1.394819      0.4152088      0.5136741    
         240   1.000000      0.9217625       1.408329      0.4161963      0.5166469    
         260   1.000000      0.9190500       1.383548      0.4171583      0.4978584    
         280   1.000000      0.9241125       1.363531      0.4158192      0.5187305    
         300   1.000000      0.9041500       1.414696      0.4138010      0.5116668    
         320   1.000000      0.9255250       1.407398      0.4123811      0.5398585    
         340   1.000000      0.9091250       1.467644      0.4161267      0.5119678    
         360   1.000000      0.9254750       1.439807      0.4148327      0.5161112    
         380   1.000000      0.9311375       1.530305      0.4176349      0.5331801    
         400   1.000000      0.9235000       1.499887      0.4154336      0.5339761    
         420   1.000000      0.9165500       1.557563      0.4157681      0.5184305    
         440   1.000000      0.9212750       1.611042      0.4169419      0.5457856    
         460   1.000000      0.9185625       1.597791      0.4119801      0.5257002    
         480   1.000000      0.9200000       1.602837      0.4133990      0.5416981    
         500   1.000000      0.9196250       1.569013      0.4139961      0.5350000    
         520   1.000000      0.9199375       1.546885      0.4183539      0.5230536    
         540   1.000000      0.9215875       1.551959      0.4202156      0.5288900    
         560   1.000000      0.9264000       1.552009      0.4190373      0.5472454    
         580   1.000000      0.9150500       1.509282      0.4165265      0.5364204    
         600   1.000000      0.9296125       1.555083      0.4195967      0.5229778    
         620   1.000000      0.9017875       1.564775      0.4170464      0.5223140    
         640   1.000000      0.9232125       1.586654      0.4143313      0.5389030    
         660   1.000000      0.9252875       1.627678      0.4146631      0.5317383    
         680   1.000000      0.9049875       1.605159      0.4140349      0.5389256    
         700   1.000000      0.9234750       1.620807      0.4169739      0.5306249    
         701  0.7500000      0.4972250       1.616220      0.4171452      0.5263158    
         702  0.7500000      0.5327750       1.616763      0.4157543      0.5240236    
         703  0.8750000      0.5823875       1.590414      0.4173190      0.5255733    
         704   1.000000      0.6371250       1.582669      0.4174508      0.5249023    
         705   1.000000      0.6721000       1.587159      0.4175552      0.5311244    
         706   1.000000      0.7143500       1.603904      0.4172101      0.5509912    
         707   1.000000      0.7129500       1.594600      0.4167088      0.5257110    
         708   1.000000      0.7253375       1.602580      0.4164135      0.5650969    
         709   1.000000      0.7196375       1.595456      0.4153690      0.5341395    
         710   1.000000      0.7485875       1.615465      0.4143604      0.5388889    
         711   1.000000      0.7806375       1.641217      0.4138848      0.5154577    
         712   1.000000      0.8112500       1.660566      0.4131458      0.5250001    
         713   1.000000      0.8463250       1.662137      0.4103410      0.5250001    
         714   1.000000      0.8704125       1.652757      0.4053140      0.5416172    
         715   1.000000      0.8848875       1.596569      0.3990626      0.5249703    
         716   1.000000      0.9147875       1.580675      0.3953881      0.5096237    
         717   1.000000      0.9237875       1.574366      0.3954090      0.4847337    
         718   1.000000      0.9360500       1.588343      0.3972879      0.4847337    
         719   1.000000      0.9244625       1.583043      0.3993171      0.4923154    
         720   1.000000      0.9330500       1.609456      0.4003784      0.4852071    
         721   1.000000      0.9214500       1.606697      0.4018579      0.5305026    
         722   1.000000      0.9328000       1.620814      0.4029853      0.5305026    
         723   1.000000      0.9265875       1.624010      0.4027076      0.5009765    
         724   1.000000      0.9316875       1.621286      0.4061507      0.4958428    
         725   1.000000      0.9377750       1.628803      0.4065828      0.4958428    
         726   1.000000      0.9355750       1.626006      0.4081977      0.4958428    
         727   1.000000      0.9264625       1.631364      0.4097671      0.5275888    
         728   1.000000      0.9287750       1.639084      0.4098238      0.5083246    
         729   1.000000      0.9275250       1.632591      0.4106610      0.5435220    
         730   1.000000      0.9198375       1.624657      0.4113499      0.5000000    
         731   1.000000      0.9273250       1.644952      0.4118944      0.5134795    
         732   1.000000      0.9172500       1.638086      0.4120548      0.5044092    
         733   1.000000      0.9297875       1.646940      0.4141609      0.5159903    
         734   1.000000      0.9232375       1.640825      0.4139264      0.5084745    
         735   1.000000      0.9165250       1.634474      0.4152913      0.5249023    
         736   1.000000      0.9211250       1.641260      0.4159362      0.5249023    
         737   1.000000      0.9311250       1.665087      0.4171793      0.5561523    
         738   1.000000      0.9323875       1.663730      0.4172986      0.5294276    
         739   1.000000      0.9257250       1.657319      0.4164665      0.5084655    
         740   1.000000      0.9343375       1.664895      0.4174054      0.5197634    
         741   1.000000      0.9293875       1.656985      0.4172270      0.5176027    
         742   1.000000      0.9218375       1.653749      0.4173957      0.5176027    
         743   1.000000      0.9307125       1.658930      0.4163530      0.5176898    
         744   1.000000      0.9235625       1.654883      0.4155904      0.5331801    
         745   1.000000      0.9194000       1.655976      0.4164522      0.5337547    
         746   1.000000      0.9182000       1.661024      0.4161970      0.5312501    
         747   1.000000      0.9294000       1.665423      0.4177180      0.5312501    
         748   1.000000      0.9212875       1.665804      0.4172009      0.5307617    
         749   1.000000      0.9186000       1.667299      0.4168585      0.5576172    
         750   1.000000      0.9245000       1.674595      0.4155917      0.5230538    
         751   1.000000      0.9197875       1.672969      0.4164945      0.5127732    
         752   1.000000      0.9360125       1.692127      0.4167476      0.5213912    
         753   1.000000      0.9240750       1.682982      0.4166411      0.5116667    
         754   1.000000      0.9289375       1.688702      0.4174290      0.5364204    
         755   1.000000      0.9191500       1.683733      0.4159688      0.5364204    
         756   1.000000      0.9282000       1.698037      0.4159832      0.5266206    
         757   1.000000      0.9148625       1.707454      0.4171642      0.5234131    
         758   1.000000      0.9240375       1.711228      0.4160813      0.5311499    
         759   1.000000      0.9297250       1.735699      0.4166662      0.5229492    
