         200  0.8125000      0.6465625       1.117629      0.4377846      0.5412237    
         400  0.8750000      0.6835000       1.458362      0.4111024      0.5243344    
         600   1.000000      0.8188750       1.345048      0.4526592      0.5336357    
         800   1.000000      0.7916875       1.307780      0.4542392      0.5415040    
        1000   1.000000      0.8093750       1.333838      0.4575300      0.5665143    
        1200   1.000000      0.8085000       1.330254      0.4517245      0.5263672    
        1400   1.000000      0.8173125       1.325650      0.4533561      0.5292308    
        1600   1.000000      0.8163125       1.324922      0.4546472      0.5440772    
        1800   1.000000      0.8144375       1.340720      0.4493363      0.5436181    
        2000   1.000000      0.8080625       1.338300      0.4558468      0.5532600    
        2200   1.000000      0.8061250       1.321467      0.4592954      0.5600645    
        2400   1.000000      0.8118125       1.359936      0.4512156      0.5668945    
        2600   1.000000      0.7934375       1.325123      0.4510423      0.5395421    
        2800   1.000000      0.7993750       1.333272      0.4520690      0.5346435    
        3000   1.000000      0.8023750       1.330653      0.4534549      0.5458984    
        3200   1.000000      0.8256250       1.339945      0.4570584      0.5336357    
        3400   1.000000      0.7746875       1.329976      0.4537113      0.5405273    
        3600   1.000000      0.8021250       1.341795      0.4571191      0.5266299    
        3800  0.9923278      0.8028573       1.218828      0.4709167      0.5610352    
        4000  0.9923278      0.8016389       1.213777      0.4705569      0.5587928    
        4200  0.9923278      0.7924101       1.208378      0.4732670      0.5550129    
        4400  0.9923278      0.7940843       1.217515      0.4699035      0.5466297    
        4600  0.9923278      0.7974448       1.218838      0.4696014      0.5655565    
        4800  0.9923278      0.7973133       1.217874      0.4705696      0.5573193    
        5000  0.9923278      0.8013510       1.212852      0.4714170      0.5627778    
        5200  0.9923278      0.7894884       1.217861      0.4691179      0.5454102    
        5400  0.9923278      0.8057975       1.218396      0.4700054      0.5550001    
        5600  0.9923278      0.8154199       1.220814      0.4723964      0.5709246    
        5800  0.9923278      0.7934031       1.211501      0.4689224      0.5616770    
        6000  0.9923278      0.8045497       1.217054      0.4675932      0.5371630    
        6200  0.9923278      0.7949399       1.215611      0.4672621      0.5799516    
        6400  0.9923278      0.7859547       1.209255      0.4701468      0.5714287    
        6600  0.9923278      0.7978741       1.214144      0.4729975      0.5590820    
        6800   1.000000      0.8164375       1.344234      0.4556930      0.5361112    
        7000   1.000000      0.8303750       1.307662      0.4556583      0.5491123    
        7200   1.000000      0.8250000       1.312011      0.4572327      0.5489074    
        7400   1.000000      0.8203750       1.333927      0.4548260      0.5619146    
        7600   1.000000      0.7896875       1.318795      0.4602721      0.5434320    
        7800   1.000000      0.7931250       1.327193      0.4513028      0.5268639    
        8000   1.000000      0.8163125       1.330040      0.4530016      0.5366274    
        8200   1.000000      0.8105000       1.310308      0.4582187      0.5493165    
        8400   1.000000      0.7991250       1.297252      0.4635233      0.5497607    
        8600   1.000000      0.8161250       1.308824      0.4604759      0.5585799    
        8800   1.000000      0.7966875       1.304015      0.4716384      0.5859375    
        9000   1.000000      0.7948750       1.322800      0.4660883      0.5629882    
        9200   1.000000      0.7908125       1.330168      0.4626808      0.5528007    
        9400   1.000000      0.8037500       1.340972      0.4592966      0.5686785    
        9600   1.000000      0.8005625       1.306095      0.4559135      0.5477451    
        9800   1.000000      0.7953125       1.310743      0.4604731      0.5483397    
       10000   1.000000      0.8034375       1.300745      0.4631656      0.5434024    
       10200   1.000000      0.7923750       1.327286      0.4600461      0.5415038    
       10400   1.000000      0.8028750       1.313840      0.4583182      0.5442176    
       10600   1.000000      0.8175000       1.340500      0.4547723      0.5449954    
       10800   1.000000      0.8107500       1.330220      0.4586221      0.5391715    
       11000   1.000000      0.7839375       1.330880      0.4638120      0.5509886    
       11200   1.000000      0.7958125       1.328185      0.4732161      0.5799516    
       11400   1.000000      0.7973750       1.315107      0.4681949      0.5865457    
       11600   1.000000      0.8095625       1.323754      0.4673502      0.5627779    
       11800   1.000000      0.7956875       1.321693      0.4613893      0.5495867    
       12000   1.000000      0.7974375       1.303322      0.4668350      0.5827219    
       12200   1.000000      0.8031250       1.307849      0.4746185      0.5922852    
       12400   1.000000      0.8028750       1.326215      0.4610617      0.5583271    
       12600   1.000000      0.8031250       1.328972      0.4628544      0.5502646    
       12800   1.000000      0.8036250       1.313566      0.4545165      0.5537111    
       13000   1.000000      0.8070000       1.311525      0.4561011      0.5353798    
       13200   1.000000      0.8186250       1.326239      0.4615845      0.5633661    
       13400   1.000000      0.8074375       1.321268      0.4504014      0.5405273    
       13600   1.000000      0.8227500       1.332665      0.4568511      0.5476922    
       13800   1.000000      0.8148125       1.314614      0.4605488      0.5561523    
       14000   1.000000      0.7998750       1.319608      0.4586686      0.5372222    
       14200   1.000000      0.8176875       1.337444      0.4627991      0.5477504    
       14400   1.000000      0.8053750       1.325397      0.4537131      0.5275117    
       14600   1.000000      0.8102500       1.305087      0.4591539      0.5415384    
       14800   1.000000      0.7878750       1.311335      0.4547715      0.5593132    
       15000   1.000000      0.7835000       1.301401      0.4537067      0.5366211    
       15200   1.000000      0.7992500       1.311729      0.4538685      0.5538887    
       15400   1.000000      0.8079375       1.325369      0.4558841      0.5327783    
       15600   1.000000      0.8190625       1.333509      0.4550845      0.5284665    
       15800   1.000000      0.8002500       1.306833      0.4648215      0.5686643    
       16000   1.000000      0.8008125       1.327469      0.4630235      0.5671175    
       16200   1.000000      0.8045625       1.308986      0.4562817      0.5572321    
       16400   1.000000      0.8067500       1.345914      0.4560630      0.5413224    
       16600   1.000000      0.7851875       1.294791      0.4602785      0.5522461    
       16800   1.000000      0.7750625       1.289258      0.4609340      0.5415038    
       17000   1.000000      0.7977500       1.306800      0.4578689      0.5307094    
       17200   1.000000      0.8071250       1.308014      0.4586940      0.5421436    
       17400   1.000000      0.8071250       1.343719      0.4569288      0.5462722    
       17600   1.000000      0.7966875       1.325808      0.4610549      0.5463730    
       17800   1.000000      0.8043750       1.305202      0.4632766      0.5532598    
       18000   1.000000      0.8004375       1.304846      0.4659176      0.5444336    
       18200   1.000000      0.7918125       1.330780      0.4660780      0.5608466    
       18400   1.000000      0.7866250       1.320083      0.4687799      0.6199368    
