         200  0.9375000      0.7453750       1.322556      0.4069016      0.5089286    
         400  0.9375000      0.7646250       1.388453      0.4018281      0.5124869    
         600  0.9375000      0.7709375       1.410576      0.4049870      0.4941406    
         800  0.9375000      0.7496875       1.398166      0.4066083      0.5072840    
        1000  0.9375000      0.7633125       1.387411      0.4028362      0.4948350    
        1200  0.9375000      0.7501875       1.367265      0.4011589      0.4994445    
        1400  0.9375000      0.7515625       1.380343      0.4054338      0.4973546    
        1600  0.9375000      0.7638125       1.393954      0.4007271      0.4975586    
        1800  0.9375000      0.7588125       1.395766      0.4041032      0.4995117    
        2000  0.9375000      0.7413750       1.363607      0.4044354      0.4872222    
        2200  0.9375000      0.7612500       1.387877      0.3973469      0.4824219    
        2400  0.9375000      0.7663750       1.380647      0.4009410      0.4857648    
        2600  0.9375000      0.7604375       1.371527      0.4038015      0.5493164    
        2800  0.9375000      0.7580625       1.426313      0.4004568      0.4885536    
        3000  0.9375000      0.7540000       1.367374      0.4037077      0.5197710    
        3200  0.9375000      0.7569375       1.389393      0.3999467      0.4858398    
        3400  0.9375000      0.7600625       1.423470      0.4015864      0.4789035    
        3600  0.9375000      0.7550000       1.362679      0.4040394      0.4877803    
        3800  0.9375000      0.7643750       1.388177      0.4062168      0.5052029    
        4000  0.9375000      0.7587500       1.386942      0.4037964      0.4938272    
        4200  0.9375000      0.7366875       1.373574      0.4038550      0.4961031    
        4400  0.9375000      0.7464375       1.392020      0.4030397      0.5104560    
        4600  0.9375000      0.7575000       1.381890      0.4031045      0.5013857    
        4800  0.9375000      0.7380625       1.383110      0.4024270      0.4935365    
        5000  0.9375000      0.7603125       1.370632      0.3996884      0.4946290    
        5200  0.9375000      0.7593750       1.383322      0.4023374      0.5166493    
        5400  0.9375000      0.7356875       1.370581      0.4070045      0.4981328    
        5600  0.9375000      0.7422500       1.415670      0.4018808      0.4882842    
        5800  0.9375000      0.7683750       1.407435      0.4012465      0.4755462    
        6000  0.9375000      0.7626875       1.424607      0.3979185      0.4880409    
        6200  0.9375000      0.7550000       1.410523      0.4040833      0.5130073    
        6400  0.9375000      0.7633750       1.407635      0.4040679      0.4927777    
        6600  0.9375000      0.7381875       1.357646      0.4025529      0.5067509    
        6800  0.9375000      0.7548750       1.380150      0.4025704      0.4912380    
        7000  0.9375000      0.7565000       1.405108      0.4030620      0.5004032    
        7200  0.9375000      0.7348750       1.332971      0.4028971      0.5084655    
        7400  0.9375000      0.7618750       1.384185      0.4045544      0.4988110    
        7600  0.9375000      0.7555000       1.369583      0.4033709      0.5027291    
        7800  0.9375000      0.7637500       1.401278      0.3980903      0.4890738    
        8000  0.9375000      0.7687500       1.395794      0.4024830      0.4892578    
        8200  0.9375000      0.7550625       1.367834      0.4039442      0.4873046    
        8400  0.9375000      0.7595625       1.418165      0.4038261      0.4872164    
        8600  0.9375000      0.7533125       1.396555      0.4040801      0.4898930    
        8800  0.9375000      0.7567500       1.410470      0.4044051      0.5049131    
        9000  0.9375000      0.7586250       1.390912      0.4041402      0.4938271    
        9200  0.9375000      0.7658125       1.381588      0.4023165      0.4979882    
        9400  0.9375000      0.7542500       1.352143      0.4009967      0.4960947    
        9600  0.9375000      0.7346875       1.398675      0.4062313      0.5244536    
        9800  0.9375000      0.7590625       1.399798      0.4004563      0.4942766    
       10000  0.9375000      0.7398750       1.382274      0.4043960      0.5063477    
       10200  0.9375000      0.7488750       1.361014      0.4032226      0.4994083    
       10400  0.9375000      0.7361875       1.352026      0.4020598      0.5036421    
       10600  0.9375000      0.7588750       1.359664      0.4047258      0.4973545    
       10800  0.9375000      0.7405000       1.389878      0.4032604      0.4918033    
       11000  0.9375000      0.7722500       1.393226      0.4073220      0.5225498    
       11200  0.9375000      0.7456250       1.372353      0.3975613      0.5004309    
       11400  0.9375000      0.7584375       1.390682      0.4041825      0.5238890    
       11600  0.9375000      0.7496250       1.395018      0.4037979      0.5183132    
       11800  0.9375000      0.7479375       1.352831      0.4039681      0.4968783    
       12000  0.9375000      0.7576250       1.387946      0.4025576      0.4877803    
       12200  0.9375000      0.7598750       1.384418      0.4027380      0.5014648    
       12400  0.9375000      0.7353750       1.397303      0.3979285      0.4895941    
       12600  0.9375000      0.7586875       1.376594      0.4015937      0.4833334    
       12800  0.9375000      0.7488750       1.394386      0.4037812      0.5017751    
       13000  0.9375000      0.7674375       1.370151      0.4065040      0.5146483    
       13200  0.9375000      0.7590000       1.396484      0.4025796      0.5088449    
       13400  0.9375000      0.7554375       1.391982      0.4021508      0.4978585    
       13600  0.9375000      0.7482500       1.365150      0.3995760      0.4787098    
       13800  0.9375000      0.7578750       1.398963      0.3999442      0.4770432    
       14000  0.9375000      0.7449375       1.375070      0.4021749      0.4837690    
       14200  0.9375000      0.7468750       1.402788      0.4050215      0.5119667    
       14400  0.9375000      0.7696250       1.403939      0.4039420      0.5166492    
       14600  0.9375000      0.7594375       1.399637      0.4015852      0.5004030    
       14800  0.9375000      0.7263125       1.367693      0.4046370      0.5094483    
       15000  0.9375000      0.7578125       1.415613      0.4055724      0.5056019    
       15200  0.9375000      0.7509375       1.362385      0.4027735      0.5165029    
       15400  0.9375000      0.7491875       1.383890      0.4055811      0.5050504    
       15600  0.9375000      0.7730000       1.418635      0.4011134      0.4916667    
       15800  0.9375000      0.7542500       1.370420      0.4012089      0.5089179    
       16000  0.9375000      0.7648125       1.404387      0.4003682      0.4912109    
       16200  0.9375000      0.7753125       1.400273      0.4020170      0.4853534    
       16400  0.9375000      0.7493750       1.378940      0.3987508      0.5044093    
       16600  0.9375000      0.7700625       1.399495      0.4021343      0.5154951    
       16800  0.9375000      0.7654375       1.377366      0.4078253      0.5025531    
       17000  0.9375000      0.7522500       1.378172      0.4036848      0.5073905    
       17200  0.9375000      0.7685000       1.386882      0.4031940      0.5195313    
       17400  0.9375000      0.7790000       1.384210      0.3988586      0.4935721    
       17600  0.9375000      0.7633125       1.355668      0.4028394      0.4940314    
       17800  0.9375000      0.7611875       1.400506      0.4044356      0.4908876    
       18000  0.9375000      0.7478125       1.355491      0.4032067      0.5107691    
       18200  0.9375000      0.7397500       1.369548      0.4036109      0.4864284    
       18400  0.9375000      0.7818750       1.384347      0.4062709      0.4905556    
       18600  0.9375000      0.7500000       1.367633      0.4077682      0.5114639    
       18800  0.9375000      0.7607500       1.357556      0.4031291      0.5100779    
       19000  0.9375000      0.7772500       1.419310      0.4055417      0.5249739    
       19200  0.9375000      0.7573125       1.423883      0.3992851      0.4853534    
       19400  0.9375000      0.7598125       1.382765      0.4026718      0.4965822    
       19600  0.9375000      0.7587500       1.392169      0.4007342      0.4944445    
       19800  0.9375000      0.7792500       1.360068      0.4023777      0.5165030    
       20000  0.9375000      0.7490625       1.382623      0.4026195      0.4931640    
       20200  0.9375000      0.7639375       1.402325      0.4035071      0.4937566    
       20400  0.9375000      0.7648750       1.361292      0.4021544      0.4933333    
       20600  0.9375000      0.7338125       1.395640      0.4003371      0.4938888    
       20800  0.9375000      0.7604375       1.386656      0.4040621      0.4926758    
       21000  0.9375000      0.7701250       1.403482      0.4049868      0.4902345    
       21200  0.9375000      0.7658750       1.380400      0.3997667      0.4995117    
       21400  0.9375000      0.7343125       1.370394      0.4033096      0.5180146    
       21600  0.9375000      0.7462500       1.353791      0.4018292      0.4794444    
       21800  0.9375000      0.7626875       1.378502      0.4032905      0.5041624    
       22000  0.9375000      0.7535000       1.363009      0.4004511      0.4979188    
       22200   1.000000      0.7810000       1.663840      0.3961987      0.4692382    
       22400   1.000000      0.7868750       1.672568      0.3868800      0.4506509    
       22600   1.000000      0.7780625       1.657666      0.3889904      0.4615772    
       22800   1.000000      0.7918750       1.680566      0.3856269      0.4771597    
       23000   1.000000      0.8148125       1.695980      0.3910536      0.4718200    
       23200   1.000000      0.8088125       1.692886      0.3873218      0.4731447    
       23400   1.000000      0.7939375       1.679539      0.3903318      0.4719526    
       23600   1.000000      0.8083125       1.679749      0.3937758      0.4726631    
       23800   1.000000      0.7991250       1.676712      0.3923979      0.4601184    
       24000   1.000000      0.7926875       1.677199      0.3914415      0.4897960    
       24200   1.000000      0.7923750       1.684546      0.3885786      0.4630889    
       24400   1.000000      0.8001875       1.688057      0.3898515      0.4667969    
       24600   1.000000      0.7892500       1.678497      0.3896684      0.4705326    
       24800   1.000000      0.7982500       1.685043      0.3888624      0.4771983    
       25000   1.000000      0.7978125       1.688057      0.3935484      0.4780574    
       25200   1.000000      0.7936875       1.675997      0.3874199      0.4646007    
       25400  0.9890000      0.8194851       1.654373      0.4038659      0.4941406    
       25600  0.9890000      0.7898307       1.626077      0.4023682      0.4790040    
       25800  0.9890000      0.8042802       1.640164      0.4030737      0.4907227    
       26000  0.9890000      0.7879451       1.629782      0.4042174      0.4852608    
       26200  0.9890000      0.8161488       1.651200      0.4034954      0.4849115    
       26400  0.9890000      0.8082526       1.652576      0.4005960      0.4686320    
       26600  0.9890000      0.8001410       1.639442      0.4022029      0.4938271    
       26800  0.9890000      0.7852823       1.629836      0.4027981      0.4803217    
       27000  0.9890000      0.8236250       1.658005      0.4043469      0.4710058    
       27200  0.9890000      0.8063738       1.644195      0.4048062      0.4852608    
       27400  0.9890000      0.8160773       1.653628      0.4051461      0.4939533    
       27600  0.9890000      0.8096274       1.649621      0.4047748      0.4853515    
       27800  0.9890000      0.8027512       1.639802      0.4051923      0.4832452    
       28000  0.9890000      0.8074786       1.638417      0.4061078      0.5053712    
       28200  0.9890000      0.8077929       1.649132      0.4021931      0.4803217    
       28400   1.000000      0.8005000       1.665014      0.3976304      0.4770508    
       28600   1.000000      0.8096250       1.684647      0.3946688      0.4824218    
       28800   1.000000      0.8059375       1.678457      0.3927484      0.4765841    
       29000   1.000000      0.7886875       1.668850      0.3926569      0.4715336    
       29200   1.000000      0.8116875       1.685576      0.3895417      0.4733701    
       29400   1.000000      0.7962500       1.680681      0.3877574      0.4858908    
       29600   1.000000      0.8018750       1.681149      0.3869418      0.4686913    
       29800   1.000000      0.8146250       1.693603      0.3929340      0.4832452    
       30000   1.000000      0.8033125       1.680193      0.3910016      0.4705326    
       30200   1.000000      0.8003125       1.674151      0.3929628      0.4662722    
       30400   1.000000      0.7958125       1.662166      0.3948189      0.4916992    
       30600   1.000000      0.7871250       1.663462      0.3920684      0.4816667    
       30800   1.000000      0.8076250       1.685137      0.3915015      0.4790039    
       31000   1.000000      0.7812500       1.668968      0.3886139      0.4934157    
       31200   1.000000      0.7983750       1.668810      0.3924083      0.4738406    
       31400   1.000000      0.8011875       1.674512      0.3919952      0.4885216    
       31600   1.000000      0.7990000       1.682094      0.3888796      0.4746787    
       31800   1.000000      0.7990625       1.666570      0.3924774      0.4746094    
       32000   1.000000      0.7920000       1.657005      0.3971879      0.4855556    
       32200   1.000000      0.8005625       1.673945      0.3905115      0.4918032    
       32400   1.000000      0.8043750       1.687348      0.3906154      0.4756785    
       32600   1.000000      0.7846875       1.673859      0.3916472      0.4708412    
       32800   1.000000      0.8030625       1.681816      0.3904884      0.4623508    
       33000   1.000000      0.7886875       1.671484      0.3921253      0.4942012    
       33200   1.000000      0.7998750       1.677848      0.3887303      0.4711514    
       33400   1.000000      0.8018125       1.679420      0.3899182      0.4681656    
       33600   1.000000      0.8003125       1.673041      0.3905954      0.4660238    
       33800   1.000000      0.8001875       1.682542      0.3913043      0.4741748    
       34000   1.000000      0.8144375       1.684347      0.3945988      0.4838867    
       34200   1.000000      0.7870625       1.648097      0.3951973      0.4628907    
       34400   1.000000      0.8282500       1.699092      0.3919300      0.4794922    
       34600   1.000000      0.8162500       1.680939      0.3935794      0.4756866    
       34800   1.000000      0.7986250       1.664601      0.3959031      0.4834710    
       35000   1.000000      0.8163750       1.702149      0.3860077      0.4710059    
       35200   1.000000      0.7886875       1.674646      0.3914143      0.4904142    
       35400   1.000000      0.8060625       1.683942      0.3903873      0.4771597    
       35600   1.000000      0.7866875       1.669079      0.3892094      0.4715336    
       35800   1.000000      0.8199375       1.700562      0.3912925      0.4707031    
       36000   1.000000      0.7943750       1.673817      0.3906173      0.4620812    
       36200   1.000000      0.7909375       1.678021      0.3896146      0.4711913    
       36400   1.000000      0.7874375       1.669860      0.3862478      0.4568411    
       36600   1.000000      0.8215000       1.693661      0.3923177      0.4735286    
       36800   1.000000      0.7868125       1.668047      0.3912732      0.4701560    
       37000   1.000000      0.7956875       1.675847      0.3936007      0.4782061    
       37200   1.000000      0.8175000       1.681647      0.3939106      0.4835640    
       37400   1.000000      0.7932500       1.668105      0.3917478      0.4687825    
       37600   1.000000      0.7958125       1.675861      0.3905261      0.4678604    
       37800   1.000000      0.8050625       1.671679      0.3954488      0.4958788    
       38000   1.000000      0.8046250       1.683728      0.3912103      0.5018367    
       38200   1.000000      0.8015000       1.672478      0.3949267      0.4682617    
       38400   1.000000      0.7928125       1.673135      0.3913735      0.4651056    
       38600   1.000000      0.7991250       1.673416      0.3943321      0.4755859    
       38800   1.000000      0.7963125       1.671561      0.4001919      0.4746035    
       39000   1.000000      0.7890625       1.684636      0.3910549      0.4782061    
       39200   1.000000      0.7961250       1.674547      0.3960012      0.4923077    
       39400   1.000000      0.8301875       1.699645      0.3931680      0.4710744    
       39600   1.000000      0.8087500       1.677825      0.3913564      0.4716668    
       39800   1.000000      0.8018125       1.677600      0.3939324      0.4833984    
       40000   1.000000      0.7810625       1.654396      0.3920906      0.4708638    
