          20  0.7500000      0.6309375       2.138927      0.4038669      0.5078126    
          40  0.8750000      0.7890000       1.854900      0.4220882      0.5312501    
          60  0.8125000      0.6926875       1.658814      0.4139928      0.5339441    
          80   1.000000      0.8476875       1.729438      0.4164955      0.5165290    
         100  0.8750000      0.7311250       1.946019      0.3754812      0.5200877    
         120  0.9375000      0.8339375       1.841285      0.4009173      0.4988683    
         140  0.8125000      0.7237500       1.574604      0.4023635      0.5106173    
         160  0.8750000      0.8333750       1.774230      0.4128093      0.5389649    
         180  0.8125000      0.7217500       1.545169      0.3951205      0.5094519    
         200   1.000000      0.8207500       1.914909      0.3925687      0.5051240    
         220  0.8750000      0.7358750       1.902694      0.3924655      0.5118343    
         240  0.8750000      0.8226250       1.880593      0.4070438      0.5285997    
         260  0.8750000      0.6928125       1.799667      0.4215055      0.5389649    
         280  0.8750000      0.8295000       1.848688      0.4119245      0.5187501    
         300  0.8750000      0.7292500       1.738492      0.3827415      0.5133334    
         320   1.000000      0.8367500       1.867690      0.4151178      0.5251827    
         340  0.8750000      0.7258750       1.584306      0.3771931      0.5138407    
         360   1.000000      0.9463125       1.948445      0.3981077      0.5098613    
         380  0.8750000      0.7558750       1.375994      0.3579412      0.4716063    
         400   1.000000      0.8922500       1.669654      0.3748253      0.4773243    
         420  0.8750000      0.7607500       1.440469      0.3602318      0.4688582    
         440  0.9375000      0.8553125       1.949103      0.3978995      0.4848772    
         460  0.8750000      0.7483125       1.646721      0.3650122      0.4886579    
         480   1.000000      0.8776875       1.798123      0.4118189      0.5088757    
         500  0.9375000      0.7890625       1.834091      0.4005731      0.5303820    
         520  0.8750000      0.8274375       1.715762      0.4396573      0.5272803    
         540  0.8750000      0.7715625       2.016376      0.4011615      0.5307616    
         560   1.000000      0.8115625       1.963432      0.4061910      0.5145678    
         580  0.8750000      0.7838750       1.909512      0.3989442      0.4989671    
         600  0.8750000      0.8060000       1.954420      0.4005563      0.4981259    
         620  0.8750000      0.7933125       1.648973      0.3905170      0.5338542    
         640   1.000000      0.8135625       1.798821      0.4302544      0.5493827    
         660  0.8750000      0.7863125       1.966011      0.4047405      0.5173611    
         680   1.000000      0.9233125       1.736632      0.4331309      0.5204083    
         700  0.8750000      0.7549375       1.546933      0.4089230      0.5189505    
         720   1.000000      0.9426250       1.671941      0.4535480      0.5382231    
         740  0.8750000      0.7600000       1.769606      0.4243941      0.5680473    
         760   1.000000      0.8970000       1.679456      0.4178504      0.5204939    
         780  0.8750000      0.7893125       1.695414      0.4189080      0.5287500    
         800   1.000000      0.9278125       1.518087      0.4498020      0.5160698    
         820  0.8750000      0.7954375       1.711561      0.4028620      0.5110803    
         840   1.000000      0.8488125       1.655749      0.4380315      0.5362501    
         860   1.000000      0.7913125       1.773718      0.4020976      0.5264474    
         880   1.000000      0.8576875       1.732399      0.4274830      0.5302457    
         900  0.8750000      0.7920625       1.714943      0.4118647      0.5022676    
         920   1.000000      0.8397500       1.715005      0.4354647      0.5360111    
         940  0.8750000      0.8103125       1.570329      0.3960250      0.4853534    
         960  0.8750000      0.8304375       1.800114      0.4310369      0.5609505    
         980  0.8750000      0.7800000       1.748358      0.4157164      0.5160697    
        1000  0.8750000      0.8170625       1.957341      0.4407917      0.5548945    
        1020  0.8750000      0.7955625       1.491322      0.3978248      0.5079222    
        1040  0.8750000      0.8205000       1.812374      0.4214667      0.5548946    
        1060  0.8750000      0.7930000       1.511852      0.3989733      0.5166205    
        1080   1.000000      0.8613750       1.615744      0.4356910      0.5278407    
        1100  0.8750000      0.7906250       1.388217      0.4035244      0.5154959    
        1120   1.000000      0.8389375       1.698936      0.4286515      0.5090703    
        1140   1.000000      0.8200000       1.550281      0.4520425      0.5264651    
        1160  0.9375000      0.8800625       1.841153      0.4417999      0.5134297    
        1180  0.8750000      0.7873125       1.532089      0.4354187      0.5712500    
        1200  0.8750000      0.8230000       1.696262      0.4387303      0.5498866    
        1220  0.8750000      0.7978750       1.442733      0.4260768      0.5245746    
        1240   1.000000      0.8749375       1.552970      0.4465246      0.5249703    
        1260  0.8750000      0.8066250       1.402463      0.4242586      0.5264651    
        1280   1.000000      0.8260625       1.678394      0.4397395      0.5526859    
        1300  0.8750000      0.7948125       1.346433      0.3973906      0.5177778    
        1320  0.9375000      0.8245625       1.744638      0.3991798      0.5108025    
        1340  0.8750000      0.7765625       1.647080      0.3975725      0.4984568    
        1360  0.8750000      0.8161875       1.701613      0.4168822      0.5337500    
        1380  0.8750000      0.7940625       1.613552      0.4136681      0.4892985    
        1400  0.8750000      0.8185625       1.707732      0.4348309      0.5392000    
        1420  0.8750000      0.8106875       1.481805      0.4107339      0.4896194    
        1440  0.8750000      0.8296875       1.647017      0.4085581      0.5160699    
        1460  0.8750000      0.8023750       1.596520      0.3980124      0.5000000    
        1480  0.8750000      0.8255000       1.693824      0.4392264      0.5303704    
        1500  0.8750000      0.7800625       1.667041      0.4082921      0.5127550    
        1520   1.000000      0.8596250       1.683330      0.4583064      0.5680529    
        1540  0.8750000      0.7964375       1.549079      0.4272097      0.5087500    
        1560   1.000000      0.9105000       1.660028      0.4610416      0.5337501    
        1580  0.8750000      0.7997500       1.689792      0.4141806      0.4896193    
        1600   1.000000      0.8770000       1.753837      0.4065875      0.4988682    
        1620  0.8750000      0.8120000       1.543749      0.3958727      0.5158731    
        1640  0.8750000      0.8286875       1.741290      0.4354867      0.5407986    
        1660  0.8750000      0.8048125       1.523926      0.4147179      0.4989668    
        1680   1.000000      0.8461875       1.635358      0.4454130      0.5322782    
        1700  0.8750000      0.8040000       1.534359      0.4138736      0.5303820    
        1720   1.000000      0.8385625       1.832607      0.4356739      0.5437240    
        1740  0.8750000      0.8142500       1.469786      0.4132290      0.5094646    
        1760   1.000000      0.8940000       1.997487      0.4294789      0.5322783    
        1780  0.8750000      0.7970000       1.591108      0.4175037      0.5145679    
        1800   1.000000      0.8736875       1.773902      0.4294479      0.5251736    
        1820  0.8750000      0.8163125       1.380877      0.4291284      0.5182292    
        1840   1.000000      0.8181875       1.670153      0.4447488      0.5362812    
        1860  0.8750000      0.7768125       1.646197      0.4025194      0.5000001    
        1880  0.8750000      0.8231875       1.722503      0.4160961      0.5182102    
        1900  0.8750000      0.7654375       1.643320      0.3863388      0.5080000    
        1920  0.9375000      0.8276250       1.663361      0.4338827      0.5303704    
        1940  0.8750000      0.8119375       1.535146      0.4061796      0.4870983    
        1960  0.8750000      0.8224375       1.741190      0.4274145      0.5437239    
        1980  0.8750000      0.7976875       1.262159      0.4028781      0.5461017    
        2000  0.8750000      0.7834375       1.861178      0.4231150      0.5317462    
        2020  0.8750000      0.7951875       1.262249      0.3973718      0.5159904    
        2040  0.8750000      0.8049375       1.756732      0.4355640      0.5461019    
        2060  0.8750000      0.7931875       1.374468      0.4033279      0.5166206    
        2080  0.8750000      0.8271250       1.623239      0.4318899      0.5175782    
        2100  0.8750000      0.8064375       1.420725      0.3931097      0.5000000    
        2120   1.000000      0.8720625       1.915035      0.4427144      0.5299586    
        2140   1.000000      0.8158125       1.394365      0.4409767      0.5440779    
        2160   1.000000      0.9305000       1.786384      0.4748496      0.5534979    
        2180  0.8750000      0.7920000       1.888003      0.4391832      0.5462412    
        2200   1.000000      0.9491875       1.435998      0.4572647      0.5432001    
        2220   1.000000      0.8407500       1.396591      0.4366655      0.5407987    
        2240   1.000000      0.9333125       1.374306      0.4860405      0.5658669    
        2260   1.000000      0.8216250       1.453060      0.4422653      0.5272000    
        2280   1.000000      0.9174375       1.499471      0.4720732      0.5513806    
        2300   1.000000      0.8150625       1.496137      0.4522601      0.5619753    
        2320   1.000000      0.9298750       1.411295      0.4769199      0.5835798    
        2340   1.000000      0.9283750       1.030792      0.4752838      0.5272000    
        2360   1.000000      0.8275000       1.717742      0.4665853      0.5507669    
        2380   1.000000      0.8035625       1.648904      0.4290977      0.5207940    
        2400  0.9375000      0.8058750       1.916488      0.4496750      0.5818182    
        2420  0.8750000      0.8017500       1.413115      0.4093474      0.5029746    
        2440   1.000000      0.8211250       1.783083      0.4389066      0.5415878    
        2460   1.000000      0.8173750       1.600227      0.4438628      0.5338541    
        2480   1.000000      0.8578125       1.766600      0.4291985      0.5278408    
        2500   1.000000      0.8190000       1.574783      0.4613066      0.5342935    
        2520  0.9375000      0.8898750       1.763557      0.4174570      0.5264198    
        2540  0.8750000      0.7534375       1.854432      0.4279763      0.5032718    
        2560  0.9375000      0.8954375       1.785721      0.4028013      0.4840000    
        2580  0.8750000      0.7473750       1.943246      0.4143688      0.5051379    
        2600  0.9375000      0.8816875       1.809775      0.4121754      0.5272846    
        2620  0.8750000      0.7384375       1.949217      0.4177551      0.5051652    
        2640  0.9375000      0.8919375       1.883668      0.4291639      0.5007397    
        2660  0.8750000      0.7317500       2.113940      0.4102891      0.5116280    
        2680  0.9375000      0.8856250       1.820216      0.4122456      0.5056000    
        2700  0.8750000      0.7500000       1.867610      0.4154817      0.5189036    
        2720   1.000000      0.9045000       1.703336      0.4390826      0.5302457    
        2740  0.8750000      0.7596875       1.724167      0.4261337      0.5242190    
        2760   1.000000      0.9246250       1.330558      0.4697044      0.5513808    
        2780   1.000000      0.8150625       1.656617      0.4501453      0.5303819    
        2800   1.000000      0.9232500       1.417042      0.4751001      0.5736000    
        2820   1.000000      0.9216875       1.203977      0.4755357      0.5278407    
        2840   1.000000      0.9221875       1.398951      0.4929132      0.5835798    
        2860   1.000000      0.8435625       1.457856      0.4657834      0.5338542    
        2880   1.000000      0.9321250       1.392166      0.4869959      0.5736001    
        2900   1.000000      0.8419375       1.351600      0.4478061      0.5251735    
        2920   1.000000      0.9178125       1.488845      0.4736451      0.5437240    
        2940   1.000000      0.8334375       1.543759      0.4566840      0.5389649    
        2960   1.000000      0.8586875       1.571207      0.4564065      0.5432001    
        2980   1.000000      0.9192500       1.275649      0.4755496      0.5495563    
        3000   1.000000      0.9419375       1.463649      0.4626389      0.5496616    
        3020   1.000000      0.9050625       1.146012      0.4684675      0.5278407    
        3040   1.000000      0.9258750       1.668691      0.4365685      0.5110946    
        3060   1.000000      0.8145000       1.611048      0.4567786      0.5338542    
        3080   1.000000      0.9251875       1.384820      0.4837792      0.5513807    
        3100   1.000000      0.8081875       1.461746      0.4324629      0.5338544    
        3120   1.000000      0.9195625       1.648445      0.4562698      0.5427297    
        3140   1.000000      0.8281875       1.474579      0.4422211      0.5278408    
        3160   1.000000      0.9297500       1.524910      0.4734515      0.5736001    
        3180   1.000000      0.9083125       1.309355      0.4671011      0.5338544    
        3200   1.000000      0.9165000       1.460075      0.4838199      0.5517977    
        3220   1.000000      0.8278125       1.424001      0.4632569      0.5495562    
        3240   1.000000      0.8875000       1.491493      0.4644737      0.5513808    
        3260   1.000000      0.8175000       1.410197      0.4330945      0.5437240    
        3280   1.000000      0.8535000       1.610566      0.4566407      0.5540123    
        3300   1.000000      0.9258125       1.154034      0.4772037      0.5555874    
        3320   1.000000      0.9299375       1.285357      0.5100119      0.5736001    
        3340   1.000000      0.8304375       1.461780      0.4628564      0.5338541    
        3360   1.000000      0.9170625       1.390105      0.5041258      0.5547107    
        3400   1.000000      0.9334375       1.098323      0.4797325      0.5619754    
        3600   1.000000      0.9407500      0.9641859      0.4786395      0.5437239    
        3800   1.000000      0.9325000       1.017208      0.4782522      0.5555874    
        4000   1.000000      0.9276875       1.071682      0.4762265      0.5547107    
        4200   1.000000      0.9271250       1.084286      0.4767169      0.5507545    
        4400   1.000000      0.9336875       1.021189      0.4780277      0.5303820    
        4600   1.000000      0.9354375       1.007115      0.4773901      0.5436370    
        4800   1.000000      0.9366875      0.9840466      0.4779404      0.5272847    
        5000   1.000000      0.9245000       1.046863      0.4773417      0.5439952    
        5200   1.000000      0.9287500       1.074828      0.4773024      0.5362501    
        5400   1.000000      0.9249375       1.080951      0.4767499      0.5642720    
        5600   1.000000      0.9315000       1.036996      0.4768396      0.5415879    
        5800   1.000000      0.9348750      0.9528503      0.4790806      0.5344099    
        6000   1.000000      0.9293125       1.056922      0.4774698      0.5415999    
        6200   1.000000      0.9349375       1.018262      0.4787295      0.5580357    
        6400   1.000000      0.9231875       1.101850      0.4761556      0.5548945    
        6600   1.000000      0.9310625       1.046062      0.4768242      0.5362500    
        6800   1.000000      0.9228125       1.105422      0.4765932      0.5338542    
        7000   1.000000      0.9258750       1.079866      0.4765437      0.5500826    
        7200   1.000000      0.9273125       1.052023      0.4769676      0.5498867    
        7400   1.000000      0.9304375       1.043785      0.4777134      0.5547107    
        7600   1.000000      0.9271250       1.050889      0.4769932      0.5207940    
        7800   1.000000      0.9365625       1.000613      0.4774801      0.5362501    
        8000   1.000000      0.9415625      0.9618868      0.4787909      0.5303820    
        8200   1.000000      0.9320625       1.038558      0.4780848      0.5415879    
        8400   1.000000      0.9183750       1.129433      0.4755371      0.5338541    
        8600   1.000000      0.9275625       1.064283      0.4777371      0.5619752    
        8800   1.000000      0.9220000       1.105997      0.4759314      0.5389421    
        9000   1.000000      0.9305625       1.073639      0.4769027      0.5513808    
        9200   1.000000      0.9242500       1.079237      0.4765337      0.5437241    
        9400   1.000000      0.9348125       1.014277      0.4786215      0.5416000    
        9600   1.000000      0.9256875       1.045153      0.4770751      0.5437240    
        9800   1.000000      0.9215625       1.075065      0.4770194      0.5513807    
       10000   1.000000      0.9322500       1.005801      0.4780518      0.5498867    
       10200   1.000000      0.9316250       1.032294      0.4773114      0.5437239    
       10400   1.000000      0.9252500       1.065273      0.4766224      0.5338542    
       10600   1.000000      0.9325000       1.040084      0.4770892      0.5482506    
       10800   1.000000      0.9411250      0.9989846      0.4793516      0.5498866    
       11000   1.000000      0.9378750      0.9758298      0.4794360      0.5322783    
       11200   1.000000      0.9295000       1.075966      0.4762263      0.5498868    
       11400   1.000000      0.9348750       1.004399      0.4780869      0.5381091    
       11600   1.000000      0.9358750       1.009406      0.4782402      0.5166205    
       11800   1.000000      0.9274375       1.053604      0.4766729      0.5362501    
       12000   1.000000      0.9323125      0.9841846      0.4774844      0.5290138    
       12200   1.000000      0.9278125       1.069943      0.4768345      0.5498866    
       12400   1.000000      0.9260625       1.071288      0.4763802      0.5772570    
       12600   1.000000      0.9308750       1.036283      0.4770040      0.5338541    
       12800   1.000000      0.9376250      0.9719999      0.4798798      0.5588842    
       13000   1.000000      0.9364375       1.017682      0.4774396      0.5303819    
       13200   1.000000      0.9369375      0.9938742      0.4786486      0.5415879    
       13400   1.000000      0.9366250      0.9909479      0.4786078      0.5327779    
       13600   1.000000      0.9197500       1.108643      0.4749169      0.5415879    
       13800   1.000000      0.9252500       1.049263      0.4767626      0.5619754    
       14000   1.000000      0.9286250       1.066299      0.4763528      0.5835798    
       14200   1.000000      0.9341875       1.033049      0.4791431      0.5338543    
       14400   1.000000      0.9260625       1.095165      0.4767577      0.5415879    
       14600   1.000000      0.9160625       1.137514      0.4749798      0.5272847    
       14800   1.000000      0.9274375       1.049974      0.4763535      0.5432000    
       15000   1.000000      0.9257500       1.064361      0.4772657      0.5344099    
       15200   1.000000      0.9291250       1.050883      0.4779587      0.5598959    
       15400   1.000000      0.9308125       1.040890      0.4774852      0.5303820    
       15600   1.000000      0.9368125      0.9886295      0.4787889      0.5776628    
       15800   1.000000      0.9308125       1.039193      0.4772606      0.5548946    
       16000   1.000000      0.9278125       1.125088      0.4751411      0.5344099    
       16200   1.000000      0.9391250      0.9894683      0.4784141      0.5437239    
       16400   1.000000      0.9278125       1.075631      0.4768491      0.5498868    
       16600   1.000000      0.9408125      0.9617519      0.4789509      0.5437239    
       16800   1.000000      0.9212500       1.113664      0.4759281      0.5668404    
       17000   1.000000      0.9336250       1.029399      0.4780456      0.5273483    
       17200   1.000000      0.9278750       1.047514      0.4776753      0.5498866    
       17400   1.000000      0.9228750       1.061396      0.4757108      0.5271999    
       17600   1.000000      0.9295000       1.033441      0.4774691      0.5415879    
       17800   1.000000      0.9230625       1.088146      0.4759203      0.5322782    
       18000   1.000000      0.9290625       1.062810      0.4775802      0.5507544    
       18200   1.000000      0.9311250       1.068660      0.4765868      0.5335999    
       18400   1.000000      0.9293750       1.065784      0.4775541      0.5642722    
       18600   1.000000      0.9267500       1.097775      0.4758005      0.5432000    
       18800   1.000000      0.9203750       1.121285      0.4756775      0.5498866    
       19000   1.000000      0.9349375       1.031771      0.4786138      0.5507544    
       19200   1.000000      0.9363125       1.018566      0.4783818      0.5437241    
       19400   1.000000      0.9308125       1.011923      0.4772188      0.5406805    
       19600   1.000000      0.9351250       1.012001      0.4780378      0.5437241    
       19800   1.000000      0.9323750       1.023126      0.4776065      0.5672000    
       20000   1.000000      0.9374375      0.9949796      0.4775613      0.5338541    
       20200   1.000000      0.9243750       1.082039      0.4757671      0.5323676    
       20400   1.000000      0.9339375       1.020036      0.4769635      0.5437239    
       20600   1.000000      0.9352500       1.002384      0.4785538      0.5454546    
       20800   1.000000      0.9286875       1.082068      0.4769282      0.5437241    
       21000   1.000000      0.9315625       1.012230      0.4784019      0.5454102    
       21200   1.000000      0.9289375       1.057072      0.4778654      0.5272846    
       21400   1.000000      0.9321875      0.9689199      0.4777428      0.5279429    
       21600   1.000000      0.9353750       1.019827      0.4779795      0.5362501    
       21800   1.000000      0.9289375       1.087389      0.4769301      0.5322782    
       22000   1.000000      0.9347500      0.9985020      0.4781690      0.5303704    
       22200   1.000000      0.9273750       1.044036      0.4771409      0.5498866    
       22400   1.000000      0.9325000       1.024597      0.4784327      0.5619753    
       22600   1.000000      0.9325625       1.016457      0.4782582      0.5548947    
       22800   1.000000      0.9209375       1.145899      0.4747171      0.5482506    
       23000   1.000000      0.9290625       1.047005      0.4776180      0.5498866    
       23200   1.000000      0.9258750       1.107951      0.4771124      0.5498867    
       23400   1.000000      0.9312500       1.019475      0.4772754      0.5658669    
       23600   1.000000      0.9323125       1.059081      0.4772263      0.5672001    
       23800   1.000000      0.9280000       1.078454      0.4770648      0.5437239    
       24000   1.000000      0.9336250       1.031812      0.4770475      0.5287462    
