          20  0.8125000      0.6763125       1.811712      0.4043028      0.5127550    
          40  0.8125000      0.7646875       2.027615      0.3971989      0.5110805    
          60  0.8125000      0.6683750       1.902079      0.4015279      0.4940312    
          80  0.8125000      0.7405625       2.269281      0.3830800      0.5488281    
         100  0.8125000      0.6803750       1.916631      0.3584533      0.4862500    
         120  0.8750000      0.7511875       2.138016      0.3905273      0.5037037    
         140  0.8125000      0.7252500       2.269204      0.3668533      0.5311112    
         160  0.8750000      0.7998750       1.843551      0.4068674      0.5581716    
         180  0.8750000      0.7636875       1.998726      0.3516037      0.4704144    
         200  0.8750000      0.8269375       1.577058      0.4519358      0.5516495    
         220  0.8750000      0.8020625       1.788037      0.3922125      0.5278407    
         240  0.8750000      0.8372500       1.619766      0.4352972      0.5299587    
         260  0.8750000      0.7994375       1.930936      0.3797415      0.5377219    
         280  0.8750000      0.8201875       1.823559      0.4468625      0.5570370    
         300  0.8750000      0.8081250       1.864096      0.3804113      0.5234568    
         320  0.8750000      0.8120625       1.845287      0.4426627      0.5496619    
         340  0.8750000      0.8019375       1.869176      0.3789115      0.4887499    
         360   1.000000      0.8076875       1.945559      0.4182400      0.5057399    
         380  0.8750000      0.7980000       1.618973      0.3850178      0.5000000    
         400  0.8750000      0.8104375       1.825779      0.4291124      0.5484430    
         420  0.8750000      0.7950000       1.615840      0.4092582      0.5020577    
         440  0.8750000      0.8218750       1.675668      0.4395587      0.5303705    
         460  0.8750000      0.8011875       1.504153      0.4186715      0.5164666    
         480  0.8750000      0.8313125       1.629899      0.4368923      0.5278407    
         500  0.8750000      0.8020625       1.565462      0.4250624      0.5286458    
         520  0.8750000      0.8193125       1.806828      0.4323700      0.5277009    
         540  0.8750000      0.7915000       1.591091      0.4133124      0.4948347    
         560  0.8750000      0.8259375       1.624236      0.4351513      0.5167653    
         580  0.8750000      0.8136875       1.479550      0.4104308      0.4920635    
         600   1.000000      0.8283750       1.696077      0.4317643      0.5337501    
         620  0.8750000      0.7913125       1.543739      0.4170635      0.5037500    
         640   1.000000      0.8397500       1.630257      0.4372961      0.5306122    
         660  0.8750000      0.7981875       1.529939      0.4151894      0.4940313    
         680   1.000000      0.8557500       1.629058      0.4403301      0.5234374    
         700  0.8750000      0.7983125       1.588644      0.4225671      0.5432001    
         720   1.000000      0.9286875       2.052429      0.4496462      0.5178327    
         740  0.8750000      0.8061250       1.390970      0.4056009      0.5092977    
         760   1.000000      0.8296250       2.032830      0.4350744      0.5278406    
         780  0.8750000      0.8178750       1.553062      0.4130190      0.5022676    
         800   1.000000      0.9330000       1.672005      0.4387476      0.5119259    
         820  0.8750000      0.7999375       1.671894      0.4236908      0.5215030    
         840   1.000000      0.9275625       1.594157      0.4332077      0.5277779    
         860  0.8750000      0.7901875       1.708767      0.4104649      0.4887153    
         880   1.000000      0.9003125       1.656792      0.4521343      0.5501235    
         900  0.8750000      0.7921875       1.501233      0.4105512      0.5175309    
         920   1.000000      0.8383750       1.712071      0.4410205      0.5614328    
         940  0.8750000      0.8006875       1.589126      0.4289948      0.4949434    
         960   1.000000      0.8740000       1.860939      0.4407862      0.5432000    
         980  0.8750000      0.8006250       1.434781      0.4220608      0.5266668    
        1000   1.000000      0.9391250       1.604064      0.4392238      0.5389422    
        1020  0.8750000      0.7973750       1.620180      0.4290981      0.5264651    
        1040   1.000000      0.9201875       1.690240      0.4334670      0.5189505    
        1060  0.8750000      0.7963125       1.504130      0.4244727      0.5214815    
        1080   1.000000      0.8927500       1.704872      0.4307376      0.5264649    
        1100  0.8750000      0.8113125       1.556929      0.4222255      0.5032000    
        1120   1.000000      0.9110000       1.733815      0.4506275      0.5305570    
        1140  0.8750000      0.7840625       1.909997      0.4493666      0.5272846    
        1160   1.000000      0.8526875       1.648848      0.4523929      0.5952382    
        1180  0.8750000      0.7936250       1.759252      0.4214706      0.5040175    
        1200   1.000000      0.8548750       1.748616      0.4349577      0.5356102    
        1220  0.8750000      0.8018125       1.491859      0.4218214      0.5364432    
        1240   1.000000      0.8566250       1.855852      0.4282232      0.5302458    
        1260  0.8750000      0.8008750       1.512735      0.4283604      0.5415999    
        1280   1.000000      0.9238125       2.021158      0.4498625      0.5251735    
        1300  0.8750000      0.7953750       1.577469      0.4201987      0.5044214    
        1320   1.000000      0.8200000       1.859800      0.4279268      0.5485538    
        1340  0.8750000      0.7905000       1.884634      0.4066262      0.4937537    
        1360   1.000000      0.8320625       1.688791      0.4327274      0.5289346    
        1380  0.8750000      0.7774375       1.595055      0.4115760      0.5075446    
        1400   1.000000      0.9295625       1.660668      0.4419902      0.5233137    
        1420  0.8750000      0.8138125       1.517876      0.4258206      0.5072314    
        1440   1.000000      0.8191875       1.822754      0.4453796      0.5516495    
        1460  0.8750000      0.8064375       1.569840      0.4156707      0.5175309    
        1480  0.8750000      0.8204375       1.726576      0.4492432      0.5246876    
        1500  0.8750000      0.7986250       1.649921      0.4176984      0.4931973    
        1520  0.8750000      0.8251875       1.674327      0.4371884      0.5360000    
        1540  0.8750000      0.7921250       1.860730      0.4097264      0.5030991    
        1560  0.8750000      0.8299375       1.714259      0.4353058      0.5406804    
        1580  0.8750000      0.8203750       1.557611      0.4153496      0.5030991    
        1600  0.9375000      0.8735000       1.724143      0.4497045      0.5224000    
        1620  0.8750000      0.8116875       1.582315      0.4608445      0.5548947    
        1640  0.9375000      0.8955000       1.719998      0.4344914      0.5115056    
        1660  0.8750000      0.7820000       1.589255      0.4184042      0.5022677    
        1680  0.9375000      0.8843750       1.726204      0.4275359      0.5094646    
        1700  0.8750000      0.7444375       1.887299      0.4428529      0.5355902    
        1720  0.9375000      0.8867500       1.697450      0.4311879      0.5014578    
        1740   1.000000      0.7566250       1.811181      0.4180980      0.5609504    
        1760  0.9375000      0.8576250       1.719618      0.4404381      0.5437240    
        1780   1.000000      0.8195000       1.577015      0.4553325      0.5272847    
        1800   1.000000      0.8958125       1.746968      0.4440835      0.4994445    
        1820  0.8750000      0.7969375       1.435952      0.4153950      0.5432000    
        1840  0.9375000      0.8190000       1.834754      0.4390857      0.5292968    
        1860  0.8750000      0.8108750       1.598148      0.4296762      0.5216050    
        1880  0.8750000      0.8202500       1.793726      0.4486662      0.5658668    
        1900   1.000000      0.8080625       1.548878      0.4439858      0.5389422    
        1920  0.8750000      0.8168125       1.764125      0.4480275      0.5996430    
        1940   1.000000      0.8124375       1.331213      0.4312814      0.5278406    
        1960  0.8750000      0.8198750       1.809634      0.4511029      0.5498867    
        1980   1.000000      0.8061250       1.601341      0.4361206      0.5245746    
        2000  0.8750000      0.8201250       1.765223      0.4524437      0.5272847    
        2020   1.000000      0.8070625       1.280175      0.4695682      0.5410156    
        2040  0.8750000      0.8156250       1.712907      0.4430698      0.5642720    
        2060  0.8750000      0.7975625       1.494989      0.4059702      0.5074971    
        2080   1.000000      0.8308125       1.714707      0.4515356      0.5305568    
        2100  0.8750000      0.7950625       1.605285      0.4241936      0.5177778    
        2120   1.000000      0.8245000       1.685612      0.4463068      0.5275899    
        2140  0.8750000      0.7668750       1.886167      0.3919986      0.4986479    
        2160  0.8750000      0.8224375       1.842616      0.4392679      0.5337500    
        2180  0.8750000      0.8071875       1.356132      0.3979048      0.5000001    
        2200  0.8750000      0.8286875       1.692635      0.4395010      0.5246876    
        2220  0.8750000      0.7757500       1.543626      0.4045187      0.5097656    
        2240  0.8750000      0.8245625       1.674578      0.4411669      0.5548946    
        2260  0.8750000      0.7978125       1.428288      0.4170021      0.5314622    
        2280  0.8750000      0.8206875       1.696235      0.4457101      0.5425342    
        2300  0.8750000      0.7721875       1.589300      0.4107587      0.5160697    
        2320  0.8750000      0.8176250       1.721980      0.4371072      0.5296513    
        2340  0.8750000      0.7926250       1.469681      0.4088019      0.5598959    
        2360  0.8750000      0.8076875       1.807198      0.4481637      0.5430840    
        2380  0.8750000      0.7581875       1.709191      0.4022518      0.5075446    
        2400  0.8750000      0.8184375       1.701251      0.4451412      0.5658668    
        2420  0.8750000      0.7658125       1.650412      0.4089245      0.5347100    
        2440  0.8750000      0.8229375       1.666600      0.4317513      0.5656000    
        2460  0.8750000      0.7981250       1.509655      0.4143423      0.5289345    
        2480  0.8750000      0.8186875       1.715134      0.4226015      0.5238094    
        2500  0.8750000      0.7905625       1.582730      0.4272012      0.5138408    
        2520  0.8750000      0.8251250       1.668149      0.4237513      0.5234160    
        2540  0.8750000      0.7918125       1.528147      0.4297894      0.4948345    
        2560   1.000000      0.8576250       1.605459      0.4568878      0.5496384    
        2580  0.8750000      0.7980000       1.320217      0.4565720      0.5425239    
        2600   1.000000      0.8365000       1.615180      0.4494879      0.5416000    
        2620  0.8750000      0.7894375       1.694074      0.4055382      0.5110948    
        2640   1.000000      0.8250000       1.751324      0.4383232      0.5314622    
        2660  0.8750000      0.7885625       1.830976      0.4001452      0.5212500    
        2680   1.000000      0.8713750       2.262659      0.4099602      0.5212499    
        2700  0.8750000      0.7897500       1.916814      0.3906351      0.4891976    
        2720  0.8750000      0.8174375       1.895125      0.4150759      0.5187500    
        2740  0.8750000      0.7973125       1.622591      0.4052004      0.4992000    
        2760  0.8750000      0.8143750       1.731173      0.4602169      0.5511112    
        2780  0.8750000      0.8010625       1.502514      0.4123008      0.5000001    
        2800   1.000000      0.8189375       1.684495      0.4438289      0.5397751    
        2820  0.8750000      0.8043750       1.300978      0.4010330      0.5383999    
        2840   1.000000      0.8983125       1.491068      0.4446608      0.5356102    
        2860  0.8750000      0.7945625       1.505575      0.4279077      0.5235970    
        2880   1.000000      0.8509375       1.823321      0.4256601      0.5302457    
        2900  0.8750000      0.7851875       1.650895      0.4067987      0.5000001    
        2920   1.000000      0.8218750       1.808426      0.4507826      0.5412346    
        2940  0.8750000      0.7907500       1.561765      0.4308872      0.5449826    
        2960   1.000000      0.8791875       1.563414      0.4575041      0.5736001    
        2980  0.8750000      0.7975625       1.411663      0.4359899      0.5484428    
        3000   1.000000      0.9291250       1.489450      0.4453376      0.5402893    
        3020  0.8750000      0.8034375       1.589654      0.4122227      0.5205556    
        3040   1.000000      0.8222500       1.805872      0.4461145      0.5390234    
        3060  0.8750000      0.7741250       1.605997      0.4230912      0.5251246    
        3080   1.000000      0.8265000       1.669307      0.4477126      0.5680528    
        3100  0.8750000      0.7943750       1.307855      0.3994188      0.5127551    
        3120  0.8750000      0.8218750       1.628641      0.4176751      0.5289345    
        3140  0.8750000      0.7771250       1.782180      0.4020495      0.5075446    
        3160  0.8750000      0.8063125       1.885634      0.4388468      0.5548947    
        3180  0.8750000      0.8041250       1.593484      0.4224506      0.5304708    
        3200   1.000000      0.8338125       1.671336      0.4256297      0.5367805    
        3220  0.8750000      0.8028750       1.504065      0.4106486      0.5480769    
        3240  0.8750000      0.8165000       1.692585      0.4397784      0.5247418    
        3260  0.8750000      0.8114375       1.443988      0.4228463      0.4861111    
        3280   1.000000      0.8275625       1.715442      0.4386168      0.5513806    
        3300  0.8750000      0.8070625       1.872071      0.4187193      0.5085067    
        3320   1.000000      0.8771875       1.713908      0.4350887      0.5401654    
        3340  0.8750000      0.8076250       1.466773      0.4339100      0.4956267    
        3360   1.000000      0.9240000       1.607897      0.4139205      0.5092974    
        3380  0.8750000      0.7926250       1.689780      0.3918716      0.4837500    
        3400   1.000000      0.9288750       1.713309      0.4389969      0.5507545    
        3420   1.000000      0.8020625       1.590628      0.4264713      0.5338542    
        3440   1.000000      0.9411250       1.651672      0.4439558      0.5267206    
        3460  0.8750000      0.8090625       1.481622      0.4146573      0.4971646    
        3480   1.000000      0.9323750       1.624358      0.4299384      0.5070153    
        3500  0.8750000      0.7968125       1.665279      0.4059955      0.5092976    
        3520   1.000000      0.8528125       1.782530      0.4409966      0.5347633    
        3540  0.8750000      0.8045000       1.431632      0.4092446      0.5000001    
        3560   1.000000      0.9278125       1.649436      0.4315715      0.5316666    
        3580  0.8750000      0.7913750       1.719936      0.4358646      0.5381091    
        3600   1.000000      0.8379375       1.822398      0.4382887      0.5314622    
        3620  0.8750000      0.8031875       1.545189      0.4376450      0.5256144    
        3640   1.000000      0.9426875       1.587778      0.4331415      0.5397924    
        3660  0.8750000      0.7961250       1.590097      0.4106322      0.5212499    
        3680   1.000000      0.9375625       1.856148      0.4340543      0.5432538    
        3700  0.8750000      0.7912500       1.584080      0.4160008      0.5245746    
        3720   1.000000      0.9329375       1.703390      0.4322852      0.5178327    
        3740  0.8750000      0.7956875       1.728649      0.4137050      0.5349717    
        3760   1.000000      0.9373125       1.509491      0.4735420      0.5342935    
        3780  0.8750000      0.7896250       1.544096      0.4072896      0.5233400    
        3800   1.000000      0.8185000       1.786545      0.4515133      0.5425342    
        3820  0.8750000      0.8020000       1.520784      0.4224693      0.5412346    
        3840  0.8750000      0.8161875       1.904781      0.4450205      0.5328719    
        3860  0.8750000      0.8071250       1.596774      0.4190552      0.5175308    
        3880   1.000000      0.8222500       1.794384      0.4463557      0.5430838    
        3900  0.8750000      0.7906875       1.456479      0.4051919      0.5337501    
        3920   1.000000      0.8284375       1.792157      0.4419955      0.5592213    
        3940   1.000000      0.7679375       1.774535      0.4005682      0.5096000    
        3960  0.8750000      0.8226875       1.790820      0.4352010      0.5289345    
        3980   1.000000      0.8164375       1.619390      0.4488958      0.5278407    
        4000  0.9375000      0.8373125       1.783083      0.4467419      0.5412500    
        4020   1.000000      0.8078125       1.656900      0.4164937      0.5245619    
        4040  0.8750000      0.8096875       1.879560      0.4331898      0.5390624    
        4060  0.8750000      0.8041250       1.546740      0.4151475      0.5094645    
        4080  0.8750000      0.8177500       1.683389      0.4382105      0.5609503    
        4100  0.8750000      0.8020625       1.356776      0.4084161      0.5278407    
        4120  0.9375000      0.8237500       1.753060      0.4375013      0.5278407    
        4140  0.8750000      0.8100000       1.569992      0.4322051      0.5164610    
        4160  0.8750000      0.8126875       1.844617      0.4457353      0.5588843    
        4180  0.8750000      0.7971875       1.501290      0.4373102      0.5369407    
        4200  0.8750000      0.8150625       1.740013      0.4288926      0.5371093    
        4220  0.8750000      0.7952500       1.428617      0.4045430      0.5282570    
        4240  0.9375000      0.8365000       1.683152      0.4384838      0.5246876    
        4260  0.8750000      0.7948125       1.487882      0.3897541      0.5305569    
        4280  0.9375000      0.8304375       1.793729      0.4368740      0.5740153    
        4300  0.8750000      0.7620625       1.778413      0.3910402      0.5025565    
        4320  0.9375000      0.8793125       1.807660      0.4287626      0.5160679    
        4340  0.8750000      0.7176875       2.105124      0.4264908      0.5080309    
        4360  0.9375000      0.8816250       2.023105      0.4324014      0.5157025    
        4380  0.8750000      0.7321250       2.123563      0.4216467      0.5338541    
        4400  0.9375000      0.8936250       1.703153      0.4270065      0.5092207    
        4420  0.8750000      0.7276250       2.202093      0.4333753      0.5277008    
        4440  0.9375000      0.8890000       1.673477      0.4457563      0.5167999    
        4460   1.000000      0.7886250       1.558333      0.4340229      0.5155556    
        4480  0.9375000      0.8760000       1.797321      0.4253816      0.5389422    
        4500  0.8750000      0.7941250       1.427455      0.4061581      0.5046296    
        4520   1.000000      0.8197500       1.718857      0.4335913      0.5264196    
        4540  0.8750000      0.7960000       1.625491      0.4143067      0.5056790    
        4560   1.000000      0.8293125       1.656112      0.4397236      0.5498866    
        4580  0.8750000      0.7937500       1.672055      0.4049538      0.5022676    
        4600  0.9375000      0.8892500       2.015279      0.4356126      0.5000001    
        4620  0.8750000      0.7498750       2.093583      0.4061701      0.5272002    
        4640   1.000000      0.8980000       2.136964      0.4098436      0.4989588    
        4660  0.8750000      0.7360625       2.301487      0.3949209      0.4881632    
        4680   1.000000      0.8941250       1.962447      0.4124837      0.4959999    
        4700  0.8750000      0.7753125       1.927566      0.4244137      0.5355903    
        4720  0.9375000      0.8178750       1.796789      0.4653642      0.5332858    
        4740  0.8750000      0.7946875       1.589648      0.4214456      0.5233400    
        4760   1.000000      0.8420625       1.853464      0.4512129      0.5598959    
        4780   1.000000      0.8083125       1.695587      0.4499108      0.5166203    
        4800  0.8750000      0.8106250       1.755435      0.4508846      0.5588842    
        4820   1.000000      0.8074375       1.698867      0.4410735      0.5285996    
        4840  0.9375000      0.8273750       1.744572      0.4555498      0.5588842    
        4860   1.000000      0.8167500       1.647563      0.4511197      0.5170133    
        4880  0.8750000      0.8260000       1.720505      0.4434749      0.5540122    
        4900   1.000000      0.8138125       1.662904      0.4377368      0.5151230    
        4920  0.9375000      0.8410000       1.735716      0.4369086      0.5437240    
        4940   1.000000      0.8076875       1.620110      0.4509016      0.5321181    
        4960  0.8750000      0.8322500       1.701513      0.4377849      0.5278925    
        4980   1.000000      0.8061875       1.531517      0.4152710      0.5278407    
        5000  0.8750000      0.8192500       1.740260      0.4219130      0.5294784    
        5020  0.8750000      0.7994375       1.504315      0.4139186      0.5041322    
        5040  0.8750000      0.8258125       1.599542      0.4390437      0.5501235    
        5060  0.8750000      0.7772500       1.691666      0.3997392      0.5197704    
        5080  0.8750000      0.8263125       1.593317      0.4321941      0.5467128    
        5100   1.000000      0.8091875       1.570799      0.4104300      0.5338542    
        5120  0.8750000      0.8170625       1.740788      0.4539120      0.5437239    
        5140  0.8750000      0.7930000       1.417421      0.3963558      0.5154960    
        5160  0.9375000      0.8072500       1.823213      0.4311398      0.5246876    
        5180  0.8750000      0.7967500       1.657854      0.4027154      0.5083830    
        5200  0.8750000      0.8128125       1.838676      0.4376475      0.5303819    
        5220  0.8750000      0.8015000       1.911167      0.3803258      0.4861111    
        5240  0.8750000      0.8076875       1.975092      0.4296649      0.5077160    
        5260  0.8750000      0.7930625       1.414783      0.4079822      0.5303818    
        5280   1.000000      0.8205625       1.803944      0.4562792      0.5406804    
        5300  0.8750000      0.7620625       1.726528      0.4017416      0.4949434    
        5320   1.000000      0.8110000       1.906043      0.4472831      0.5885016    
        5340  0.8750000      0.7826250       2.322627      0.4734888      0.5362812    
        5360  0.8750000      0.8286250       1.717461      0.4435398      0.5476190    
        5380  0.8750000      0.7972500       1.745598      0.4020911      0.5369405    
        5400  0.8750000      0.8182500       1.714645      0.4386506      0.5364432    
        5420  0.8750000      0.7830625       1.931864      0.4416275      0.5286458    
        5440  0.9375000      0.8093125       1.789809      0.4211910      0.5139798    
        5460  0.8750000      0.7914375       1.934949      0.4442234      0.5075446    
        5480  0.8750000      0.8131875       1.828098      0.4309473      0.5175619    
        5500  0.8750000      0.7940625       1.674203      0.4288042      0.5440779    
        5520  0.8750000      0.7770625       2.039662      0.4318990      0.5516496    
        5540  0.8750000      0.7303750       2.067503      0.3997720      0.4999999    
        5560  0.9375000      0.8905625       1.979429      0.4399018      0.5122865    
        5580  0.8750000      0.7571875       2.105535      0.4237824      0.5362812    
        5600  0.9375000      0.8442500       1.983631      0.4202753      0.5029746    
        5620  0.8750000      0.7346875       2.109494      0.3653409      0.4708013    
        5640  0.9375000      0.8333125       1.902719      0.3945064      0.5115057    
        5660  0.8750000      0.7451875       1.962680      0.4199322      0.5152355    
        5680  0.9375000      0.8885625       1.729523      0.4433408      0.5154860    
        5700  0.8750000      0.7344375       2.113115      0.4093470      0.5226843    
        5720  0.9375000      0.8900000       1.934803      0.4254206      0.5170248    
        5740  0.8750000      0.7427500       1.924766      0.4159532      0.5264474    
        5760  0.9375000      0.8938750       1.727976      0.4317894      0.4956597    
        5780  0.8750000      0.7395625       1.951957      0.4235426      0.5349716    
        5800  0.9375000      0.8885625       1.802240      0.4193927      0.5175999    
        5820  0.8750000      0.7320000       1.993765      0.4170684      0.5234568    
        5840  0.9375000      0.8482500       1.768636      0.4226561      0.5740154    
        5860  0.8750000      0.7415625       1.891621      0.3910684      0.5278407    
        5880  0.9375000      0.8864375       1.926061      0.4184838      0.4914619    
        5900  0.8750000      0.7491875       1.849788      0.4096728      0.5425342    
        5920  0.9375000      0.8995000       2.018482      0.4350013      0.4960000    
        5940  0.8750000      0.7468750       1.843596      0.4201459      0.5088758    
        5960  0.9375000      0.8888750       2.011140      0.4318207      0.5277778    
        5980  0.8750000      0.7531250       1.879150      0.4025013      0.5498867    
        6000  0.9375000      0.8932500       2.022495      0.4258135      0.5127096    
        6020  0.8750000      0.7443750       1.873984      0.3927265      0.4957265    
        6040  0.9375000      0.8965625       1.815088      0.4287366      0.5128205    
        6060  0.8750000      0.7766875       1.550624      0.4197142      0.5559762    
        6080   1.000000      0.8449375       1.709377      0.4298618      0.5273669    
        6100   1.000000      0.8076875       1.449841      0.4224764      0.5182102    
        6120  0.8750000      0.8286875       1.658131      0.4235077      0.5642723    
        6140   1.000000      0.8233125       1.622013      0.4555114      0.5389422    
        6160  0.9375000      0.8496875       1.737823      0.4407195      0.5389421    
        6180  0.8750000      0.7990000       1.381282      0.4140528      0.5204938    
        6200  0.8750000      0.8180625       1.763745      0.4386492      0.5503826    
        6220  0.8750000      0.7605625       1.824460      0.4177815      0.5416000    
        6240  0.8750000      0.8288125       1.715851      0.4527827      0.5437240    
        6260   1.000000      0.8122500       1.633309      0.4349581      0.5094646    
        6280  0.8750000      0.8105625       1.869533      0.4421214      0.5658669    
        6300  0.8750000      0.8089375       1.626242      0.4257188      0.5264650    
        6320  0.8750000      0.8183750       1.785471      0.4447440      0.5498866    
        6340  0.8750000      0.8051250       1.259903      0.4354184      0.5292968    
        6360  0.8750000      0.8188125       1.759764      0.4419287      0.5362962    
        6380  0.8750000      0.8003125       1.726006      0.4259446      0.5362811    
        6400  0.8750000      0.8168125       1.778199      0.4537707      0.5672637    
        6420   1.000000      0.8045000       1.773203      0.4453813      0.5431999    
        6440   1.000000      0.8800625       1.665083      0.4614653      0.5736001    
        6460   1.000000      0.8460625       1.381729      0.4562804      0.5467128    
        6480   1.000000      0.8759375       1.665412      0.4529083      0.5699433    
        6500   1.000000      0.8789375       1.326416      0.4664615      0.5619753    
        6520   1.000000      0.9323750       1.398391      0.4883592      0.5790080    
        6540   1.000000      0.8995625       1.165226      0.4703594      0.5659259    
        6560   1.000000      0.9125000       1.440641      0.4894651      0.5513808    
        6580   1.000000      0.8672500       1.389589      0.4661236      0.5338542    
        6600   1.000000      0.9193125       1.422123      0.5077810      0.5835799    
        6620   1.000000      0.9150625       1.290906      0.4762159      0.5495561    
        6640   1.000000      0.9283750       1.394761      0.4901401      0.5790082    
        6660   1.000000      0.9111875       1.339444      0.4708558      0.5432001    
        6680   1.000000      0.9288125       1.437622      0.4999198      0.5964912    
        6700   1.000000      0.9073750       1.157093      0.4715140      0.5272001    
        6720   1.000000      0.8470000       1.724704      0.4294698      0.5461019    
        6740   1.000000      0.8231250       1.555486      0.4545311      0.5461017    
        6760   1.000000      0.8981250       1.698447      0.4535666      0.5196280    
        6780  0.8750000      0.8043125       1.684607      0.4330442      0.5584320    
        6800  0.9375000      0.8388125       1.758438      0.4430372      0.5389419    
        6820  0.8750000      0.8145000       1.591529      0.4256994      0.5030991    
        6840  0.8750000      0.8170000       1.787949      0.4322060      0.5355904    
        6860  0.8750000      0.8091875       1.580069      0.4076257      0.5289257    
        6880  0.8750000      0.8232500       1.710196      0.4419467      0.5566107    
        6900   1.000000      0.8158125       1.638223      0.4250076      0.5303820    
        6920  0.9375000      0.8330625       1.780271      0.4322779      0.5402892    
        6940  0.8750000      0.7997500       1.623404      0.4237688      0.5245745    
        6960   1.000000      0.8850625       1.684462      0.4352221      0.5338542    
        6980   1.000000      0.8415000       1.412248      0.4521934      0.5338542    
        7000   1.000000      0.9165000       1.381613      0.4839243      0.5513809    
        7020   1.000000      0.8561250       1.231683      0.4655902      0.5338542    
        7040   1.000000      0.9173750       1.490070      0.4851617      0.5736000    
        7060   1.000000      0.8456875       1.404682      0.4661020      0.5328719    
        7080   1.000000      0.8985625       1.533436      0.4957778      0.5736000    
        7100   1.000000      0.8647500       1.353774      0.4690450      0.5461018    
        7120   1.000000      0.8543125       1.738874      0.4433769      0.5642722    
        7140  0.8750000      0.7832500       1.694971      0.4008625      0.4999999    
        7160   1.000000      0.8456875       1.734202      0.4319447      0.5618311    
        7180  0.8750000      0.8017500       1.277279      0.4016846      0.5127552    
        7200   1.000000      0.8965625       1.604578      0.4410499      0.5437240    
        7220  0.8750000      0.7983750       1.395362      0.3946875      0.5000001    
        7240   1.000000      0.8332500       1.847211      0.4078785      0.5516495    
        7260  0.8750000      0.7499375       1.773762      0.3899325      0.5022190    
        7280  0.8750000      0.8243125       1.666219      0.4328797      0.5207612    
        7300  0.8750000      0.7866875       1.533859      0.4312802      0.5389648    
        7320  0.8750000      0.8223125       1.756377      0.4439288      0.5447530    
        7340  0.8750000      0.7960000       1.732258      0.3866836      0.5246078    
        7360  0.8750000      0.8166875       1.773572      0.4185184      0.5272847    
        7380  0.8750000      0.7879375       1.475455      0.4300439      0.5588430    
        7400  0.8750000      0.8248750       1.669677      0.4409689      0.5415878    
        7420  0.8750000      0.8029375       1.795209      0.3986520      0.5246079    
        7440  0.8750000      0.8291875       1.751646      0.4403333      0.5415513    
        7460  0.8750000      0.8011250       1.769033      0.4115506      0.5289463    
        7480  0.8750000      0.8169375       1.762540      0.4325920      0.5348594    
        7500  0.8750000      0.7908750       1.554877      0.4070238      0.5000001    
        7520  0.9375000      0.8130625       1.749544      0.4142734      0.5476191    
        7540  0.8750000      0.7849375       1.584780      0.4064100      0.4917818    
        7560  0.8750000      0.8221250       1.725500      0.4365593      0.5476190    
        7580  0.8750000      0.7366250       1.827883      0.4038400      0.5127550    
        7600   1.000000      0.8113125       1.902945      0.4368773      0.5588844    
        7620  0.8750000      0.7714375       1.654445      0.4309284      0.5336000    
        7640   1.000000      0.8407500       1.775176      0.4355924      0.5303819    
        7660  0.8750000      0.8044375       1.469236      0.4083439      0.5154960    
        7680   1.000000      0.8463750       1.826840      0.4331014      0.5407987    
        7700  0.8750000      0.7769375       1.928991      0.4256991      0.5054871    
        7720   1.000000      0.9346875       1.923260      0.4619726      0.5364432    
        7740  0.8750000      0.7814375       1.781212      0.4401056      0.5110803    
        7760   1.000000      0.9052500       1.988104      0.4575260      0.5278407    
        7780  0.8750000      0.8074375       1.481210      0.4187792      0.5264651    
        7800   1.000000      0.8706250       1.773665      0.4468939      0.5154958    
        7820  0.8750000      0.7917500       1.863581      0.4149964      0.5136055    
        7840   1.000000      0.9181875       1.577886      0.4354001      0.5314622    
        7860  0.8750000      0.7999375       1.394305      0.4000035      0.5410156    
        7880   1.000000      0.8473125       1.640719      0.4103125      0.5181180    
        7900  0.8750000      0.7403125       1.720668      0.3860788      0.4922840    
        7920  0.8750000      0.8297500       1.813446      0.4199976      0.5009862    
        7940  0.8750000      0.7511250       1.789750      0.3791297      0.4746094    
        7960  0.8750000      0.8382500       1.806930      0.4180479      0.4930612    
        7980  0.8125000      0.7454375       1.827533      0.3782261      0.4640347    
        8000  0.8750000      0.8190625       2.033671      0.3971955      0.5004959    
        8020  0.8750000      0.7446250       1.835141      0.3840959      0.5390234    
        8040  0.8750000      0.8266250       1.826830      0.4407469      0.5573553    
        8060  0.8750000      0.7433750       1.770687      0.3865774      0.5079001    
        8080  0.9375000      0.8230000       1.930031      0.4349199      0.5520988    
        8100  0.8750000      0.7376875       1.971955      0.3949655      0.5154959    
        8120  0.9375000      0.8880000       1.776019      0.4078724      0.4813102    
        8140  0.8750000      0.7550625       1.953840      0.4278109      0.5256143    
        8160  0.8750000      0.8373125       2.008712      0.4067967      0.4817709    
        8180  0.8750000      0.7615000       1.684976      0.4165603      0.5288889    
        8200  0.9375000      0.8867500       1.713225      0.3943594      0.4887152    
        8220  0.8750000      0.7548125       1.706329      0.4207514      0.5072314    
        8240  0.9375000      0.8352500       1.634326      0.4360089      0.5559762    
        8260  0.8750000      0.7940625       1.520213      0.4121802      0.5008112    
        8280   1.000000      0.8378125       1.634885      0.4474941      0.5553578    
        8300  0.8750000      0.7863750       1.758106      0.4095646      0.5272776    
        8320  0.8750000      0.8266250       1.703743      0.4441240      0.5303704    
        8340  0.8750000      0.8086875       1.633168      0.4417520      0.5166205    
        8360   1.000000      0.8778125       1.687813      0.4233631      0.5274102    
        8380   1.000000      0.8079375       1.401138      0.4607165      0.5303141    
        8400   1.000000      0.8932500       1.496514      0.4363724      0.5362500    
        8420  0.8750000      0.8041875       1.750964      0.4166802      0.5072314    
        8440  0.9375000      0.8360625       1.810089      0.4294979      0.5272847    
        8460  0.8750000      0.7928750       1.717253      0.3922129      0.5022675    
        8480   1.000000      0.8841250       1.841845      0.3785626      0.5079221    
        8500  0.9375000      0.8051875       1.570357      0.3600351      0.4661458    
        8520   1.000000      0.8221875       1.807988      0.3859335      0.5069204    
        8540  0.8750000      0.7596875       1.704895      0.3858820      0.5113378    
        8560   1.000000      0.9314375       1.717768      0.4333070      0.5067282    
        8580  0.8750000      0.7972500       1.606937      0.4212112      0.5133500    
        8600   1.000000      0.9512500       1.718977      0.4053055      0.5112000    
        8620  0.8750000      0.7985625       1.513458      0.4036609      0.5235969    
        8640   1.000000      0.9507500       1.533779      0.4385649      0.5175309    
        8660  0.8750000      0.8045000       1.270888      0.4046127      0.5138408    
        8680   1.000000      0.8966250       1.976775      0.4462399      0.5215486    
        8700  0.8750000      0.8105000       1.718870      0.4018450      0.5167654    
        8720   1.000000      0.8769375       1.700397      0.4231239      0.5040176    
        8740  0.8750000      0.8003750       1.447824      0.4022197      0.4954649    
        8760   1.000000      0.9499375       1.544339      0.4202533      0.5401546    
        8780  0.8750000      0.8170000       1.490455      0.4184153      0.5251737    
        8800   1.000000      0.9476875       1.552699      0.4261728      0.5318046    
        8820  0.8750000      0.7900000       1.879903      0.4361114      0.5509271    
        8840   1.000000      0.8331875       1.801564      0.4383356      0.5205762    
        8860  0.8750000      0.7940000       1.350285      0.4525318      0.5276816    
        8880  0.8750000      0.8125625       1.890242      0.4340013      0.5337501    
        8900  0.8750000      0.7991875       1.457522      0.4452180      0.5371430    
        8920  0.8750000      0.8227500       1.767006      0.4450377      0.5498867    
        8940  0.8750000      0.7978750       1.499390      0.4125839      0.5302457    
        8960  0.9375000      0.8336875       1.691181      0.4572114      0.5703937    
        8980   1.000000      0.8171250       1.668876      0.4425091      0.5498866    
        9000  0.9375000      0.8241250       1.758773      0.4502087      0.5731100    
        9020  0.8750000      0.8182500       1.663147      0.4146827      0.5030992    
        9040   1.000000      0.8224375       1.710561      0.4447278      0.5642722    
        9060   1.000000      0.8538750       1.296654      0.4615478      0.5659259    
        9080  0.8750000      0.8235625       1.686890      0.4521169      0.5588842    
        9100   1.000000      0.8078125       1.740539      0.4395828      0.5338542    
        9120   1.000000      0.8251875       1.834654      0.4455532      0.5437239    
        9140   1.000000      0.9033750       1.126263      0.4669591      0.5344098    
        9160   1.000000      0.9337500       1.529856      0.4415767      0.5437240    
        9180   1.000000      0.8256250       1.354804      0.4520460      0.5338542    
        9200   1.000000      0.9155000       1.542515      0.4429539      0.5580356    
        9220  0.8750000      0.8007500       1.689072      0.4033779      0.5207938    
        9240   1.000000      0.8405625       1.619039      0.4397433      0.5461019    
        9260  0.8750000      0.8034375       1.548307      0.4183692      0.5272109    
        9280   1.000000      0.8283750       1.770639      0.4332042      0.5362812    
        9300   1.000000      0.7921875       1.502908      0.4162667      0.5278406    
        9320   1.000000      0.8918750       1.600347      0.4458899      0.5534980    
        9340   1.000000      0.7880625       1.935821      0.3949099      0.4983333    
        9360  0.8750000      0.8108750       1.870617      0.4261297      0.5266667    
        9380   1.000000      0.7946250       1.471961      0.4324256      0.5368620    
        9400  0.8750000      0.8103125       1.845368      0.4188390      0.5588843    
        9420  0.8750000      0.7464375       1.762231      0.3875974      0.5540124    
        9440  0.8750000      0.8231250       1.788489      0.4276792      0.5384001    
        9460  0.8750000      0.7451875       1.760029      0.3742096      0.5090779    
        9480  0.8750000      0.8202500       1.938803      0.4212097      0.5314622    
        9500  0.8750000      0.7391875       1.796902      0.3729991      0.4637500    
        9520   1.000000      0.8201250       1.988906      0.4211257      0.5272847    
        9540  0.8750000      0.7475625       1.829716      0.3880197      0.4880037    
        9560  0.9375000      0.8252500       1.868043      0.4348940      0.5278406    
        9580  0.8750000      0.7790000       1.702988      0.3974225      0.5027701    
        9600  0.9375000      0.8246875       1.789715      0.4254785      0.5299587    
        9620  0.8750000      0.8095000       1.610106      0.4293274      0.5095485    
        9640   1.000000      0.8185625       1.838728      0.4346758      0.5437242    
        9660   1.000000      0.8129375       1.663920      0.4440579      0.5223215    
        9680  0.8750000      0.8140000       1.904862      0.4399409      0.5671999    
        9700  0.8750000      0.8104375       1.685520      0.4127793      0.5154958    
        9720  0.8750000      0.8163125       1.771728      0.4451348      0.5338542    
        9740  0.8750000      0.8110625       1.634629      0.4246342      0.5154958    
        9760   1.000000      0.8154375       1.830873      0.4488167      0.5642722    
        9780   1.000000      0.8251875       1.572925      0.4532959      0.5392011    
        9800  0.9375000      0.8415000       1.737192      0.4476602      0.5498867    
        9820   1.000000      0.8228750       1.573061      0.4575777      0.5154958    
        9840   1.000000      0.8219375       1.718625      0.4515882      0.5437239    
        9860   1.000000      0.8091875       1.435373      0.4381515      0.5231481    
        9880  0.8750000      0.8250000       1.755582      0.4489780      0.5431999    
        9900   1.000000      0.8227500       1.486772      0.4427607      0.5264649    
        9920   1.000000      0.8372500       1.661934      0.4462209      0.5680529    
        9940  0.8750000      0.7976875       1.561299      0.4318506      0.5056709    
        9960  0.9375000      0.8411250       1.852388      0.4417416      0.5815971    
        9980  0.8750000      0.7977500       1.570006      0.4137320      0.5064002    
       10000  0.9375000      0.8333125       1.650685      0.4458063      0.5532420    
       10020  0.8750000      0.8098750       1.700793      0.4507298      0.5204939    
       10040  0.8750000      0.8233750       1.763750      0.4425359      0.5437241    
       10060   1.000000      0.8117500       1.602441      0.4464489      0.5272846    
       10080   1.000000      0.9076250       1.637637      0.4653461      0.5836763    
       10100   1.000000      0.8243750       1.463376      0.4703676      0.5495561    
       10120   1.000000      0.8485000       1.731097      0.4441861      0.5797585    
       10140   1.000000      0.8290000       1.491549      0.4627864      0.5303819    
       10160   1.000000      0.9175000       1.430229      0.4989573      0.5658669    
       10180   1.000000      0.8493750       1.290712      0.4662637      0.5498866    
       10200   1.000000      0.8395625       1.777600      0.4577518      0.5509259    
       10220   1.000000      0.8101250       1.585830      0.4555501      0.5245748    
       10240  0.8750000      0.8201250       1.828879      0.4545551      0.5668404    
       10260  0.8750000      0.8031875       1.641505      0.4196592      0.5207939    
       10280  0.9375000      0.8254375       1.801897      0.4397982      0.5540123    
       10300   1.000000      0.8106875       1.631388      0.4181097      0.5207939    
       10320  0.9375000      0.8298125       1.807578      0.4371919      0.5276034    
       10340   1.000000      0.8108750       1.552250      0.4223316      0.5603029    
       10360  0.8750000      0.8255625       1.761582      0.4450469      0.5559762    
       10380  0.8750000      0.8153125       1.640663      0.4225747      0.5044214    
       10400  0.8750000      0.8265625       1.763203      0.4422981      0.5642722    
       10420   1.000000      0.8164375       1.535553      0.4557503      0.5362500    
       10440  0.8750000      0.8201250       1.795204      0.4438312      0.5548946    
       10460  0.8750000      0.8098750       1.650218      0.4537965      0.5595292    
       10480  0.8750000      0.8305000       1.730660      0.4450755      0.5498866    
       10500  0.8750000      0.8120625       1.674039      0.4466108      0.5207940    
       10520  0.8750000      0.8286875       1.722238      0.4370625      0.5397924    
       10540   1.000000      0.8125625       1.497111      0.4382907      0.5246913    
       10560  0.9375000      0.8916250       1.630597      0.4391558      0.4984568    
       10580   1.000000      0.7740625       1.514319      0.4363781      0.5230094    
       10600  0.9375000      0.8929375       1.665156      0.4352719      0.4982699    
       10620  0.8750000      0.7378125       1.882766      0.4264520      0.5159546    
       10640  0.9375000      0.8945000       1.675799      0.4313173      0.5157751    
       10660   1.000000      0.7441250       1.942763      0.4182781      0.5166205    
       10680  0.9375000      0.8855625       1.766665      0.4232500      0.4867674    
       10700  0.8750000      0.7450000       1.849477      0.4204897      0.5277008    
       10720  0.9375000      0.8925000       1.734918      0.4139962      0.4931972    
       10740  0.8750000      0.7408125       2.083939      0.4146946      0.5105464    
       10760   1.000000      0.9325000       1.608380      0.4338603      0.5245745    
       10780   1.000000      0.8122500       1.526267      0.4508017      0.5303819    
       10800   1.000000      0.9065625       1.466793      0.4836299      0.5513808    
       10820   1.000000      0.8003750       1.635600      0.4173920      0.5000001    
       10840   1.000000      0.8462500       1.621256      0.4656157      0.5502929    
       10860   1.000000      0.8065625       1.631958      0.4461989      0.5338542    
       10880   1.000000      0.9260000       1.513740      0.4902796      0.5552000    
       10900   1.000000      0.8130000       1.557595      0.4384283      0.5199653    
       10920   1.000000      0.9185000       1.447462      0.4805012      0.5736001    
       10940   1.000000      0.8316250       1.573696      0.4626907      0.5207940    
       10960   1.000000      0.9256875       1.449519      0.4867486      0.5930578    
       10980   1.000000      0.8316250       1.451187      0.4525162      0.5498866    
       11000   1.000000      0.9201250       1.504633      0.4797428      0.5905350    
       11020   1.000000      0.8100625       1.601286      0.4592833      0.5661111    
       11040   1.000000      0.9310000       1.497250      0.4755563      0.5790082    
       11060   1.000000      0.8355625       1.510542      0.4575037      0.5495562    
       11080   1.000000      0.9280625       1.501637      0.4802602      0.5835799    
       11100   1.000000      0.7996875       1.615532      0.4444348      0.5303820    
       11120   1.000000      0.9272500       1.504440      0.4977244      0.5548946    
       11140   1.000000      0.8102500       1.657827      0.4593064      0.5278407    
       11160   1.000000      0.9170625       1.471586      0.4842777      0.5598958    
       11180   1.000000      0.8611875       1.448598      0.4664691      0.5362499    
       11200   1.000000      0.9156875       1.530339      0.4771025      0.5790081    
       11220   1.000000      0.8136875       1.579460      0.4404269      0.5228382    
       11240   1.000000      0.9110000       1.467341      0.4842069      0.5548946    
       11260   1.000000      0.8468125       1.474539      0.4634504      0.5338542    
       11280   1.000000      0.9193750       1.370335      0.4639437      0.5495563    
       11300   1.000000      0.8981250       1.299279      0.4608562      0.5338542    
       11320   1.000000      0.8706250       1.506293      0.4660769      0.5735999    
       11340   1.000000      0.8141250       1.672256      0.4573965      0.5278406    
       11360   1.000000      0.9292500       1.373864      0.4827752      0.5495563    
       11400   1.000000      0.9385000       1.221784      0.4793924      0.5432000    
       11600   1.000000      0.9268125       1.040446      0.4766649      0.5437240    
       11800   1.000000      0.9313750       1.058050      0.4767514      0.5362501    
       12000   1.000000      0.9368750      0.9712323      0.4785178      0.5410156    
       12200   1.000000      0.9294375       1.029740      0.4773525      0.5362501    
       12400   1.000000      0.9392500      0.9602408      0.4785396      0.5362501    
       12600   1.000000      0.9370000       1.027412      0.4780096      0.5465976    
       12800   1.000000      0.9335000      0.9760543      0.4787113      0.5423269    
       13000   1.000000      0.9330000       1.040225      0.4766950      0.5498866    
       13200   1.000000      0.9332500      0.9826363      0.4792295      0.5437240    
       13400   1.000000      0.9316875       1.033991      0.4776238      0.5362501    
       13600   1.000000      0.9240000       1.080313      0.4763732      0.5437239    
       13800   1.000000      0.9326250       1.030088      0.4777792      0.5303820    
       14000   1.000000      0.9298750       1.028932      0.4784136      0.5506039    
       14200   1.000000      0.9389375      0.9918805      0.4779372      0.5437239    
       14400   1.000000      0.9295625       1.062458      0.4766992      0.5415879    
       14600   1.000000      0.9265000       1.054894      0.4771367      0.5271999    
       14800   1.000000      0.9306250       1.043877      0.4774198      0.5498867    
       15000   1.000000      0.9264375       1.089046      0.4762624      0.5438957    
       15200   1.000000      0.9406875      0.9814358      0.4784392      0.5498866    
       15400   1.000000      0.9270000       1.075522      0.4765630      0.5287459    
       15600   1.000000      0.9168125       1.163482      0.4742433      0.5437239    
       15800   1.000000      0.9263125       1.067512      0.4771876      0.5672637    
       16000   1.000000      0.9269375       1.101015      0.4761524      0.5498866    
       16200   1.000000      0.9308750       1.047350      0.4772885      0.5381089    
       16400   1.000000      0.9390625      0.9767727      0.4778945      0.5204939    
       16600   1.000000      0.9235000       1.097440      0.4768078      0.5588844    
       16800   1.000000      0.9291250       1.053834      0.4766511      0.5498866    
       17000   1.000000      0.9378125       1.018702      0.4772792      0.5415879    
       17200   1.000000      0.9357500       1.000863      0.4775673      0.5548946    
       17400   1.000000      0.9285000       1.077479      0.4772245      0.5548944    
       17600   1.000000      0.9368125      0.9720602      0.4783374      0.5598958    
       17800   1.000000      0.9368125       1.024138      0.4774581      0.5204939    
       18000   1.000000      0.9265625       1.037852      0.4779626      0.5668403    
       18200   1.000000      0.9315000       1.066689      0.4765660      0.5362501    
       18400   1.000000      0.9320000       1.002614      0.4776182      0.5431999    
       18600   1.000000      0.9303125       1.036168      0.4771872      0.5480769    
       18800   1.000000      0.9171250       1.139156      0.4753234      0.5548945    
       19000   1.000000      0.9256250       1.059665      0.4765769      0.5362500    
       19200   1.000000      0.9247500       1.048605      0.4776848      0.5498867    
       19400   1.000000      0.9276875       1.028929      0.4781823      0.5461018    
       19600   1.000000      0.9326875      0.9996700      0.4778292      0.5338542    
       19800   1.000000      0.9321250      0.9668334      0.4793178      0.5272000    
       20000   1.000000      0.9296875       1.055729      0.4767707      0.5483871    
       20200   1.000000      0.9355000       1.008335      0.4780159      0.5415879    
       20400   1.000000      0.9274375       1.011829      0.4786016      0.5399409    
       20600   1.000000      0.9349375       1.015477      0.4784256      0.5437239    
       20800   1.000000      0.9365625       1.036675      0.4779225      0.5406804    
       21000   1.000000      0.9286250       1.058169      0.4772239      0.5336000    
       21200   1.000000      0.9254375       1.096997      0.4757411      0.5513809    
       21400   1.000000      0.9300625       1.086234      0.4759366      0.5406804    
       21600   1.000000      0.9288750       1.031603      0.4775007      0.5344099    
       21800   1.000000      0.9330625       1.021387      0.4779718      0.5480769    
       22000   1.000000      0.9297500       1.049711      0.4775194      0.5461018    
       22200   1.000000      0.9266250       1.077483      0.4769502      0.5437240    
       22400   1.000000      0.9338750       1.016595      0.4778348      0.5336002    
       22600   1.000000      0.9278750       1.024457      0.4775488      0.5436370    
       22800   1.000000      0.9186875       1.111606      0.4753798      0.5510355    
       23000   1.000000      0.9313125       1.024192      0.4775192      0.5362501    
       23200   1.000000      0.9231250       1.121974      0.4751731      0.5444061    
       23400   1.000000      0.9315000       1.043611      0.4764994      0.5588843    
       23600   1.000000      0.9268125       1.055976      0.4768099      0.5278406    
       23800   1.000000      0.9198125       1.157542      0.4748505      0.5362499    
       24000   1.000000      0.9307500       1.029680      0.4769230      0.5691988    
       24200   1.000000      0.9275625       1.075141      0.4764881      0.5437240    
       24400   1.000000      0.9291250       1.029492      0.4777280      0.5607879    
       24600   1.000000      0.9227500       1.050059      0.4774543      0.5498866    
       24800   1.000000      0.9296250       1.042462      0.4775729      0.5287460    
       25000   1.000000      0.9334375       1.026965      0.4783714      0.5498866    
       25200   1.000000      0.9309375       1.035625      0.4765334      0.5461018    
       25400   1.000000      0.9303750       1.010313      0.4784151      0.5404059    
       25600   1.000000      0.9371250       1.010946      0.4786695      0.5671999    
       25800   1.000000      0.9301875       1.048936      0.4773940      0.5432000    
       26000   1.000000      0.9230000       1.130536      0.4758503      0.5362501    
       26200   1.000000      0.9268125       1.056894      0.4777296      0.5415878    
       26400   1.000000      0.9296250       1.069297      0.4761458      0.5362501    
       26600   1.000000      0.9301250       1.042821      0.4771525      0.5303820    
       26800   1.000000      0.9245000       1.095364      0.4752475      0.5272849    
       27000   1.000000      0.9291250       1.070916      0.4777252      0.5437241    
       27200   1.000000      0.9337500       1.023996      0.4778327      0.5642722    
       27400   1.000000      0.9329375       1.039528      0.4775506      0.5423268    
       27600   1.000000      0.9248125       1.090333      0.4762247      0.5437240    
       27800   1.000000      0.9329375       1.007711      0.4778523      0.5344098    
       28000   1.000000      0.9194375       1.132863      0.4756690      0.5437240    
       28200   1.000000      0.9327500      0.9667845      0.4790392      0.5332841    
       28400   1.000000      0.9316250       1.044815      0.4772330      0.5576000    
       28600   1.000000      0.9290000       1.041347      0.4771372      0.5493827    
       28800   1.000000      0.9313125       1.042269      0.4777234      0.5580357    
       29000   1.000000      0.9328750       1.042009      0.4773712      0.5362501    
       29200   1.000000      0.9359375      0.9915707      0.4790393      0.5415879    
       29400   1.000000      0.9401875      0.9818555      0.4780493      0.5406804    
       29600   1.000000      0.9281875       1.051211      0.4766284      0.5338541    
       29800   1.000000      0.9283125       1.038323      0.4770269      0.5619754    
       30000   1.000000      0.9352500       1.021854      0.4775475      0.5338541    
       30200   1.000000      0.9273125       1.081060      0.4777639      0.5467128    
       30400   1.000000      0.9279375       1.101207      0.4760563      0.5619754    
       30600   1.000000      0.9370625      0.9962594      0.4778080      0.5293368    
       30800   1.000000      0.9344375      0.9992411      0.4781101      0.5534980    
       31000   1.000000      0.9399375       1.007167      0.4786396      0.5338542    
       31200   1.000000      0.9318125       1.053545      0.4777905      0.5362501    
       31400   1.000000      0.9286875       1.034906      0.4774317      0.5735999    
       31600   1.000000      0.9264375       1.049283      0.4766867      0.5287460    
       31800   1.000000      0.9261875       1.069978      0.4767690      0.5303074    
       32000   1.000000      0.9346875       1.031636      0.4778393      0.5447829    
