          20  0.8125000      0.6376875       2.349011      0.3874389      0.5075614    
          40  0.8750000      0.8095000       1.859918      0.4686531      0.5510397    
          60  0.8750000      0.7895625       1.565022      0.4199341      0.5609504    
          80  0.8750000      0.7585625       1.927445      0.4295134      0.5410156    
         100  0.8750000      0.7513125       1.696609      0.3761487      0.5277777    
         120  0.8750000      0.8115000       1.987972      0.4142260      0.5196280    
         140  0.8750000      0.7895625       1.554827      0.3985632      0.5144628    
         160  0.8750000      0.8270625       1.747956      0.4204955      0.5303705    
         180  0.8750000      0.8023750       1.582138      0.4054164      0.5272109    
         200  0.9375000      0.8325625       1.626242      0.4455442      0.5498867    
         220  0.8750000      0.8086875       1.395294      0.3941563      0.5193906    
         240  0.9375000      0.8179375       1.869570      0.4273133      0.5119261    
         260  0.8750000      0.8031250       1.907487      0.3819664      0.4948347    
         280   1.000000      0.8333125       1.941188      0.4295997      0.5278406    
         300  0.8750000      0.7961875       2.031807      0.4141237      0.4886622    
         320  0.8750000      0.8275625       1.738391      0.4386246      0.5303704    
         340  0.8750000      0.8155625       1.644164      0.4103183      0.5362500    
         360  0.8750000      0.8261875       1.727265      0.4367243      0.5336001    
         380  0.8750000      0.8023750       1.890162      0.4007600      0.5415878    
         400   1.000000      0.8538125       1.659056      0.4597524      0.5439400    
         420  0.8750000      0.7926250       1.637563      0.4119564      0.5391191    
         440   1.000000      0.9123750       1.634315      0.4550886      0.5520986    
         460  0.8750000      0.7820000       1.883216      0.4079244      0.5389649    
         480   1.000000      0.8736875       1.732518      0.4679208      0.5548946    
         500  0.8750000      0.7820625       1.681940      0.4173451      0.5050506    
         520   1.000000      0.8917500       1.668189      0.4291899      0.5296515    
         540  0.9375000      0.8036250       1.475652      0.4191076      0.5286458    
         560   1.000000      0.8725000       1.857954      0.4245849      0.5204939    
         580  0.8750000      0.8033750       1.307055      0.4012676      0.5144000    
         600  0.9375000      0.8326250       1.743909      0.4203294      0.5321362    
         620  0.8750000      0.7819375       1.487147      0.4009502      0.5037501    
         640  0.8750000      0.8296250       1.526826      0.4459388      0.5459439    
         660  0.8750000      0.7436250       1.799856      0.4123663      0.5022191    
         680  0.8750000      0.8161250       1.765388      0.4436053      0.5485714    
         700  0.8750000      0.8024375       1.593948      0.4153556      0.4835069    
         720   1.000000      0.8343750       1.566507      0.4408677      0.5337501    
         740  0.8750000      0.7957500       1.628129      0.3964852      0.5261111    
         760  0.8750000      0.8241250       1.735218      0.4330884      0.5400001    
         780   1.000000      0.8125625       1.489855      0.4505740      0.5190082    
         800   1.000000      0.8846875       1.712836      0.4365070      0.5245747    
         820  0.8750000      0.7396250       1.959537      0.4130179      0.5182102    
         840  0.9375000      0.8901250       1.747599      0.4440996      0.5014578    
         860  0.8750000      0.7346250       2.029830      0.4115183      0.5398583    
         880  0.9375000      0.8923125       1.841891      0.4252808      0.5023084    
         900  0.8750000      0.7248750       2.047703      0.4071808      0.5204939    
         920  0.9375000      0.8845625       1.818574      0.4266776      0.4870982    
         940  0.8750000      0.7455000       2.098371      0.4081369      0.5368944    
         960  0.9375000      0.8326250       1.891693      0.4138327      0.4953703    
         980  0.8750000      0.7512500       1.875860      0.4095918      0.4921579    
        1000  0.9375000      0.8968750       1.715838      0.4287833      0.4989669    
        1020  0.8750000      0.7731875       1.504027      0.4380167      0.5509260    
        1040  0.9375000      0.8900000       1.609411      0.4336538      0.5454546    
        1060  0.8750000      0.7423125       1.814019      0.4140216      0.5113636    
        1080  0.9375000      0.8915625       1.710167      0.4362893      0.5156184    
        1100  0.8750000      0.7526250       1.790641      0.4327880      0.5226759    
        1120  0.9375000      0.8888750       1.728737      0.4381947      0.5199652    
        1140  0.8750000      0.7401875       1.997170      0.4488329      0.5559762    
        1160  0.9375000      0.8852500       1.681011      0.4324634      0.5251825    
        1180  0.8750000      0.7470625       1.817575      0.4348573      0.5453061    
        1200  0.9375000      0.8588125       1.844815      0.4053001      0.5560699    
        1220  0.8750000      0.7533750       1.888512      0.3732117      0.5094517    
        1240  0.9375000      0.8568125       1.840936      0.3826849      0.4991318    
        1260  0.8750000      0.7551250       1.981560      0.3892937      0.4829868    
        1280  0.9375000      0.8236250       1.941507      0.4063683      0.5151696    
        1300  0.8750000      0.7343125       1.948457      0.3801897      0.4799474    
        1320  0.9375000      0.8756875       1.814430      0.3847566      0.4791780    
        1340  0.9375000      0.8256250       1.694505      0.3627066      0.5094645    
        1360  0.9375000      0.8953125       1.635415      0.4460301      0.5498867    
        1380  0.8750000      0.7523750       1.815168      0.4299395      0.5130208    
        1400   1.000000      0.8955000       1.700611      0.4477934      0.5415878    
        1420  0.8750000      0.7997500       1.581109      0.4377089      0.5405827    
        1440   1.000000      0.8960000       1.595028      0.4553582      0.5877915    
        1460  0.8750000      0.8010625       1.289224      0.4068446      0.5094646    
        1480  0.9375000      0.8278750       1.683339      0.4599580      0.5437239    
        1500   1.000000      0.8187500       1.577521      0.4441518      0.5170134    
        1520   1.000000      0.8480000       1.574317      0.4515545      0.5548945    
        1540  0.8750000      0.8085625       1.587921      0.4316168      0.5040176    
        1560  0.9375000      0.8241250       1.708495      0.4439421      0.5498867    
        1580  0.8750000      0.8125000       1.499685      0.4218915      0.4988684    
        1600  0.8750000      0.8261875       1.749578      0.4429183      0.5548947    
        1620   1.000000      0.8127500       1.569247      0.4231297      0.5169760    
        1640  0.8750000      0.8270625       1.688562      0.4404940      0.5548947    
        1660   1.000000      0.8302500       1.528380      0.4557228      0.5338541    
        1680   1.000000      0.8604375       1.766977      0.4570004      0.5347633    
        1700  0.8750000      0.8081875       1.481985      0.4272390      0.5619754    
        1720   1.000000      0.8309375       1.727460      0.4599492      0.5454544    
        1740  0.8750000      0.7936875       1.715652      0.4189695      0.5347633    
        1760  0.8750000      0.8126250       1.873275      0.4420614      0.5497885    
        1780   1.000000      0.8226250       1.577707      0.4307036      0.5137175    
        1800   1.000000      0.9136250       1.339983      0.4839081      0.5736001    
        1820   1.000000      0.8120625       1.651013      0.4498730      0.5338542    
        1840   1.000000      0.9021875       1.498965      0.4820357      0.5790081    
        1860   1.000000      0.8257500       1.434871      0.4355999      0.5207939    
        1880   1.000000      0.9338125       1.398790      0.4722234      0.5415879    
        1900  0.8750000      0.7882500       1.962988      0.4345039      0.5094646    
        1920   1.000000      0.9173125       2.122339      0.4533763      0.5204938    
        1940   1.000000      0.8260625       1.543445      0.4490665      0.5207940    
        1960  0.8750000      0.8327500       1.610144      0.4240863      0.5338541    
        1980   1.000000      0.8039375       1.593084      0.4217820      0.5362501    
        2000   1.000000      0.8403750       1.770230      0.4495939      0.5651673    
        2020  0.8750000      0.8008750       1.833155      0.4313315      0.5246079    
        2040   1.000000      0.9456250       1.454382      0.4561569      0.5402893    
        2060  0.8750000      0.7917500       1.542574      0.4128578      0.5447531    
        2080  0.8750000      0.8225625       1.662729      0.4248309      0.5244445    
        2100  0.8750000      0.8006250       1.618608      0.4015950      0.5338542    
        2120  0.8750000      0.8208750       1.747718      0.4358403      0.5389420    
        2140  0.8750000      0.8043750       1.678655      0.4209187      0.5027778    
        2160  0.8750000      0.8301250       1.683243      0.4482534      0.5371429    
        2180   1.000000      0.8115000       1.645126      0.4381629      0.5154960    
        2200  0.9375000      0.8413125       1.828347      0.4337915      0.5338542    
        2220   1.000000      0.8048125       1.470570      0.4263785      0.5548946    
        2240   1.000000      0.8324375       1.777678      0.4444284      0.5399305    
        2260   1.000000      0.8166250       1.606787      0.4602321      0.5303820    
        2280   1.000000      0.8226875       1.715397      0.4488828      0.5461018    
        2300  0.8750000      0.8152500       1.529305      0.4199642      0.5336001    
        2320  0.9375000      0.8261875       1.840114      0.4240692      0.5548945    
        2340  0.8750000      0.7978125       1.949254      0.3790226      0.5022676    
        2360  0.8750000      0.8164375       1.767541      0.4466461      0.5432000    
        2380   1.000000      0.7796875       1.674564      0.4270726      0.5389422    
        2400   1.000000      0.8285625       1.745445      0.4637350      0.5548697    
        2420  0.8750000      0.7955000       1.661657      0.4262696      0.5296000    
        2440  0.8750000      0.8182500       1.799065      0.4518642      0.5384001    
        2460   1.000000      0.8140000       1.600765      0.4340580      0.5498865    
        2480  0.9375000      0.8834375       1.936540      0.4218123      0.5272847    
        2500  0.8750000      0.7614375       1.827567      0.4327224      0.5449828    
        2520  0.9375000      0.8941250       2.141433      0.4194624      0.4972299    
        2540  0.8750000      0.7961250       1.451120      0.4212228      0.5389421    
        2560   1.000000      0.8495000       1.714160      0.4438065      0.5306123    
        2580  0.8750000      0.7920625       1.392637      0.4080177      0.5484428    
        2600   1.000000      0.8315625       1.638322      0.4476956      0.5264651    
        2620  0.8750000      0.7933750       1.373409      0.4321123      0.5292970    
        2640   1.000000      0.8350625       1.617988      0.4445927      0.5389649    
        2660  0.8750000      0.8016250       1.373989      0.4369132      0.5439401    
        2680   1.000000      0.8377500       1.868635      0.4495640      0.5246876    
        2700  0.8750000      0.7330000       1.892943      0.4258924      0.5083103    
        2720   1.000000      0.8283125       1.955192      0.4287762      0.5044214    
        2740  0.8750000      0.7474375       1.680349      0.4126222      0.4981738    
        2760  0.8750000      0.8224375       1.888136      0.4126579      0.5242215    
        2780  0.8750000      0.7372500       1.843695      0.4072644      0.5037500    
        2800  0.8750000      0.8258750       1.850595      0.4150436      0.4946939    
        2820  0.8750000      0.7403125       1.900581      0.3841332      0.5175781    
        2840  0.8750000      0.8203750       1.956058      0.4192764      0.5278406    
        2860   1.000000      0.7850625       1.608683      0.4256606      0.5389649    
        2880  0.8750000      0.8292500       1.681861      0.4487428      0.5658669    
        2900  0.8750000      0.8021875       1.435931      0.4189799      0.5112500    
        2920   1.000000      0.8126875       1.790242      0.4435455      0.5351743    
        2940  0.8750000      0.8013125       1.793084      0.3846463      0.4887154    
        2960  0.8750000      0.8180000       1.784911      0.4454845      0.5272847    
        2980  0.8750000      0.7898125       1.693117      0.4148840      0.5283553    
        3000  0.9375000      0.8193750       1.900934      0.4483472      0.5406427    
        3020  0.8750000      0.8140625       1.607982      0.4202945      0.5075613    
        3040  0.9375000      0.8884375       1.850088      0.4139596      0.5437239    
        3060  0.8750000      0.8120625       1.636226      0.4668229      0.5221894    
        3080  0.9375000      0.8891250       1.766834      0.4179918      0.5044214    
        3100  0.8750000      0.7628125       1.790387      0.4365580      0.5115055    
        3120  0.9375000      0.8908125       1.688418      0.4175960      0.5047897    
        3140  0.8750000      0.7957500       1.747991      0.4387747      0.5245746    
        3160   1.000000      0.8300000       1.816555      0.4468303      0.5588844    
        3180  0.8750000      0.8110000       1.622616      0.4540087      0.5329861    
        3200   1.000000      0.9195625       1.621150      0.4308592      0.5337499    
        3220  0.8750000      0.8071875       1.469278      0.4115832      0.5127550    
        3240   1.000000      0.9147500       1.606551      0.4208678      0.5088757    
        3260  0.8750000      0.7997500       1.853034      0.3955241      0.5158511    
        3280  0.9375000      0.8658125       1.829203      0.4429905      0.5432000    
        3300  0.8750000      0.7488125       1.909760      0.4328594      0.5516496    
        3320  0.9375000      0.8960625       1.826418      0.4397599      0.5097899    
        3340  0.9375000      0.7757500       1.714577      0.4421098      0.5303819    
        3360  0.9375000      0.8678125       1.999076      0.4497800      0.5362813    
        3380   1.000000      0.7992500       1.673357      0.4570791      0.5278406    
        3400   1.000000      0.8973750       1.799031      0.4329315      0.5513806    
        3420  0.8750000      0.7636875       1.779802      0.4276027      0.5407986    
        3440  0.9375000      0.8923125       1.858503      0.4415964      0.5332730    
        3460  0.8750000      0.7395000       1.947849      0.4254749      0.5317460    
        3480  0.9375000      0.8968750       1.755084      0.4346680      0.5056000    
        3500  0.8750000      0.7882500       1.578193      0.4404320      0.5387053    
        3520  0.8750000      0.8197500       1.760276      0.4399503      0.5609505    
        3540  0.8750000      0.7896875       1.934893      0.4064744      0.4947939    
        3560  0.8750000      0.8226250       1.712940      0.4574489      0.5498866    
        3580  0.8750000      0.7960625       1.799594      0.4240567      0.5083828    
        3600   1.000000      0.8260000       1.725162      0.4294986      0.5368002    
        3620  0.8750000      0.7602500       1.745106      0.4067641      0.5264198    
        3640  0.8750000      0.8176250       1.762053      0.4460782      0.5355901    
        3660  0.8750000      0.8154375       1.572146      0.4006998      0.4896194    
        3680  0.8750000      0.8197500       1.793073      0.4460036      0.5389648    
        3700  0.8750000      0.7774375       1.649290      0.3953606      0.5000000    
        3720  0.8750000      0.8195000       1.745458      0.4418440      0.5425342    
        3740  0.8750000      0.7943125       1.628394      0.4110534      0.5138409    
        3760   1.000000      0.8148750       1.750265      0.4380693      0.5303704    
        3780  0.8750000      0.7906250       1.789598      0.3904327      0.5193905    
        3800  0.8750000      0.8185000       1.886214      0.4205042      0.5362501    
        3820  0.8750000      0.8047500       1.636346      0.3986578      0.5154959    
        3840  0.9375000      0.8211250       1.808194      0.4401090      0.5498867    
        3860  0.8750000      0.8001250       1.624602      0.4261306      0.5570370    
        3880   1.000000      0.8217500       1.726326      0.4502689      0.5619754    
        3900  0.8750000      0.8022500       1.612210      0.4477652      0.5271999    
        3920  0.9375000      0.8320000       1.642895      0.4557780      0.5588843    
        3940   1.000000      0.7995625       1.779662      0.4388072      0.5299587    
        3960   1.000000      0.8240000       1.742674      0.4481749      0.5436369    
        3980  0.8750000      0.8131250       1.607637      0.4495821      0.5530864    
        4000   1.000000      0.8401875       1.674013      0.4375827      0.5772595    
        4020  0.8750000      0.8055000       1.709009      0.4407286      0.5244444    
        4040  0.9375000      0.8910000       1.828233      0.4448582      0.5138888    
        4060   1.000000      0.8050000       1.635403      0.4610051      0.5204939    
        4080  0.9375000      0.8891250       1.753916      0.4151873      0.5030991    
        4100  0.8750000      0.7825625       1.600979      0.4242058      0.5496000    
        4120   1.000000      0.8955625       1.740681      0.4343342      0.5247419    
        4140  0.8750000      0.7994375       1.421370      0.3977202      0.5349717    
        4160  0.9375000      0.8168125       1.672507      0.4428043      0.5658669    
        4180  0.8750000      0.7393125       1.736480      0.4034528      0.5384000    
        4200  0.8750000      0.8191875       1.653260      0.4398509      0.5310978    
        4220  0.8750000      0.7876250       1.465932      0.3911920      0.5266666    
        4240  0.8750000      0.8124375       1.706813      0.4375753      0.5436180    
        4260  0.8750000      0.7955000       1.712910      0.4184021      0.5476191    
        4280   1.000000      0.8308750       1.569988      0.4444059      0.5381083    
        4300  0.8750000      0.7880625       1.669829      0.4040382      0.5406805    
        4320  0.8750000      0.8197500       1.687702      0.4361291      0.5432000    
        4340  0.8750000      0.7957500       1.482181      0.4502043      0.5303819    
        4360  0.8750000      0.8225000       1.610542      0.4508952      0.5351999    
        4380  0.8750000      0.7966875       1.412973      0.4513053      0.5265810    
        4400   1.000000      0.9324375       1.593882      0.4475901      0.5481050    
        4420   1.000000      0.7746875       1.738934      0.4536453      0.5355903    
        4440  0.8750000      0.8256875       1.624653      0.4521833      0.5547520    
        4460  0.8750000      0.7901875       1.629430      0.4093791      0.5389421    
        4480  0.9375000      0.8279375       1.719684      0.4387918      0.5347632    
        4500  0.8750000      0.8047500       1.682035      0.4373580      0.5285376    
        4520   1.000000      0.9277500       1.303509      0.5078564      0.5905350    
        4540   1.000000      0.8291250       1.304004      0.4646810      0.5619753    
        4560   1.000000      0.9198750       1.292929      0.5094109      0.5950254    
        4580   1.000000      0.8510000       1.299684      0.4478901      0.5437238    
        4600   1.000000      0.9193750       1.421418      0.4735558      0.5534980    
        4620   1.000000      0.8453750       1.401234      0.4600496      0.5389419    
        4640  0.9375000      0.8794375       1.709860      0.4391369      0.5498866    
        4660  0.8750000      0.7581875       1.911406      0.4354721      0.5299587    
        4680  0.9375000      0.8895625       2.006487      0.4506743      0.5190250    
        4700  0.8750000      0.7482500       1.815704      0.4164591      0.5246877    
        4720  0.9375000      0.8162500       2.031793      0.4195296      0.5582469    
        4740  0.8750000      0.7313125       2.089835      0.4086730      0.5127096    
        4760  0.8750000      0.8323750       1.863221      0.4199049      0.5775047    
        4780  0.9375000      0.7713750       1.794790      0.3941104      0.4989670    
        4800   1.000000      0.8201250       2.104422      0.3961439      0.5009862    
        4820  0.8750000      0.7779375       1.683713      0.3824973      0.4810964    
        4840   1.000000      0.8517500       1.993482      0.3896376      0.5151652    
        4860  0.8750000      0.7424375       1.758597      0.3865917      0.4951942    
        4880   1.000000      0.9418125       1.747579      0.4038090      0.4792388    
        4900  0.8750000      0.7459375       1.603300      0.4048497      0.4848772    
        4920   1.000000      0.8436875       1.996822      0.4046099      0.5156185    
        4940  0.8750000      0.8027500       1.764342      0.3788585      0.4798861    
        4960   1.000000      0.9063125       1.789877      0.4113907      0.5095486    
        4980  0.8750000      0.8048750       1.789059      0.3702685      0.4548612    
        5000   1.000000      0.9143125       1.810600      0.3931152      0.4888000    
        5020  0.8750000      0.7512500       1.718081      0.3873517      0.5169760    
        5040   1.000000      0.9141250       1.987825      0.4113971      0.5133499    
        5060  0.8750000      0.7373750       1.731429      0.4209141      0.5013456    
        5080   1.000000      0.8866875       1.843517      0.4248794      0.5212500    
        5100  0.8750000      0.7546250       1.483834      0.4120239      0.5158729    
        5120   1.000000      0.9362500       1.823461      0.4172450      0.4872000    
        5140  0.8750000      0.7517500       1.468334      0.4121293      0.4931973    
        5160   1.000000      0.9415000       1.753410      0.4203293      0.4965278    
        5180  0.8125000      0.7221875       2.149505      0.3748020      0.4951942    
        5200   1.000000      0.9351875       2.163055      0.4250403      0.4936563    
        5220  0.8750000      0.7760625       1.924317      0.3594963      0.4600001    
        5240   1.000000      0.8363125       1.830937      0.4171490      0.5158731    
        5260  0.8750000      0.7671875       1.508104      0.3828312      0.4974490    
        5280   1.000000      0.9369375       2.053285      0.4126367      0.5079222    
        5300  0.9375000      0.7602500       1.791236      0.3758619      0.4669422    
        5320   1.000000      0.9420000       2.511791      0.3950017      0.5051903    
        5340  0.8750000      0.7440625       1.691669      0.3877263      0.4850000    
        5360   1.000000      0.8661250       1.999496      0.3835269      0.5253907    
        5380  0.8750000      0.7598125       1.460458      0.3765638      0.4835046    
        5400   1.000000      0.8436875       1.935238      0.3975993      0.5037037    
        5420  0.8750000      0.7821875       1.712576      0.3624072      0.4855967    
        5440   1.000000      0.9449375       1.807040      0.3891758      0.4698958    
        5460  0.8750000      0.7687500       1.486621      0.3927925      0.5034603    
        5480   1.000000      0.8348125       1.911666      0.3669511      0.4925619    
        5500  0.8750000      0.7868125       1.948678      0.3772486      0.4711111    
        5520   1.000000      0.9285625       1.781213      0.3613362      0.4899946    
        5540  0.8750000      0.8128750       1.479998      0.3500854      0.4562962    
        5560   1.000000      0.8604375       1.883851      0.3818394      0.5286459    
        5580  0.8750000      0.7816250       1.526570      0.3726288      0.4637336    
        5600   1.000000      0.9019375       1.916889      0.3795403      0.5006790    
        5620  0.8750000      0.7770625       1.600351      0.3767682      0.4890739    
        5640   1.000000      0.9485625       1.900092      0.3780509      0.4712000    
        5660  0.8750000      0.7364375       1.738813      0.4076774      0.5199286    
        5680  0.9375000      0.8227500       1.932063      0.4015942      0.5570371    
        5700  0.8750000      0.8123125       1.693089      0.3765895      0.4424491    
        5720   1.000000      0.9248750       2.045501      0.4055704      0.5137174    
        5740  0.8750000      0.7998125       1.730387      0.3738851      0.5092593    
        5760   1.000000      0.9498125       1.857174      0.4075239      0.5130579    
        5780  0.8125000      0.7045625       1.693413      0.3956923      0.5202813    
        5800   1.000000      0.8747500       1.823745      0.4025194      0.5078126    
        5820  0.8750000      0.7323125       1.573464      0.4018919      0.5102042    
        5840   1.000000      0.9430625       1.821665      0.3824323      0.4889089    
        5860  0.8750000      0.7591875       1.702352      0.3853661      0.4911999    
        5880   1.000000      0.9518125       1.839907      0.3837716      0.4746094    
        5900  0.8750000      0.7763750       1.747290      0.3819376      0.4822485    
        5920  0.8750000      0.8348125       1.898217      0.3972121      0.4867675    
        5940  0.8750000      0.7561875       1.420755      0.3917887      0.4984569    
        5960   1.000000      0.8382500       2.053405      0.3893846      0.4911112    
        5980  0.8750000      0.7188750       1.781012      0.4063604      0.5273438    
        6000   1.000000      0.8353125       2.010118      0.3738201      0.4702041    
        6020  0.8750000      0.7645625       1.480331      0.3871071      0.5075614    
        6040  0.8750000      0.8358125       2.056967      0.3859876      0.4862500    
        6060  0.8750000      0.7267500       1.746593      0.3952384      0.5190311    
        6080  0.8750000      0.8321250       2.007199      0.3779004      0.4941261    
        6100  0.8750000      0.7088125       1.795188      0.3945050      0.5008923    
        6120  0.8750000      0.8261875       1.958483      0.3930308      0.4939236    
        6140  0.8125000      0.7408125       1.529364      0.3940622      0.5300162    
        6160   1.000000      0.8302500       2.159732      0.3987143      0.5024897    
        6180  0.8750000      0.7022500       1.781654      0.3896195      0.5000000    
        6200  0.8750000      0.8315000       1.923883      0.3874366      0.5127552    
        6220  0.8750000      0.7303750       1.635698      0.3992125      0.5136743    
        6240  0.8750000      0.8360000       1.737073      0.4190077      0.5233137    
        6260  0.8750000      0.7514375       1.410229      0.3896223      0.5280613    
        6280  0.8750000      0.8242500       1.813196      0.4132536      0.5142857    
        6300  0.8750000      0.7658125       1.611341      0.3673697      0.4834712    
        6320  0.8750000      0.8220000       1.929098      0.4059231      0.5317750    
        6340  0.8125000      0.6945625       1.819727      0.3956263      0.5170133    
        6360  0.8750000      0.8305625       1.903106      0.3965001      0.4960937    
        6380  0.8750000      0.7353750       1.540161      0.3852201      0.5288887    
        6400  0.8750000      0.8179375       1.900117      0.4063361      0.5311112    
        6420  0.8125000      0.7000625       1.632012      0.3843669      0.5094646    
        6440   1.000000      0.8399375       1.803524      0.3877391      0.4896000    
        6460  0.8750000      0.7282500       1.696048      0.3884922      0.4999999    
        6480   1.000000      0.8381875       1.782621      0.3883260      0.4878049    
        6500  0.8750000      0.7178125       1.502020      0.4089909      0.5127552    
        6520  0.8750000      0.8247500       1.801842      0.4183079      0.5104105    
        6540  0.8125000      0.6893125       1.575312      0.4063010      0.5630165    
        6560  0.8750000      0.8288750       1.788099      0.4198898      0.5215029    
        6580  0.8750000      0.7324375       1.638362      0.3890637      0.4895833    
        6600  0.8750000      0.8245000       1.872942      0.4178218      0.5247813    
        6620  0.8125000      0.6727500       1.903925      0.4130223      0.5205976    
        6640  0.8750000      0.8259375       1.899366      0.4047780      0.4981738    
        6660  0.8750000      0.7529375       1.375489      0.3981442      0.5000000    
        6680  0.8750000      0.8293125       1.900411      0.3916707      0.5404341    
        6700  0.8125000      0.7028125       2.132072      0.3773353      0.4792388    
        6720   1.000000      0.8562500       1.967090      0.3925441      0.4981738    
        6740  0.8750000      0.7453750       1.672911      0.3781167      0.5041551    
        6760   1.000000      0.8958750       1.674522      0.4049485      0.5055181    
        6780  0.8750000      0.7357500       1.644133      0.3833924      0.4965278    
        6800   1.000000      0.9359375       1.658013      0.4166486      0.5072000    
        6820  0.8750000      0.7400625       1.664646      0.4151645      0.5369406    
        6840   1.000000      0.9484375       1.763554      0.3945090      0.4961520    
        6860  0.8750000      0.7428750       1.530260      0.3882606      0.4948148    
        6880   1.000000      0.8295625       1.849961      0.3955128      0.5115055    
        6900  0.8750000      0.7241250       1.769985      0.3940141      0.5397512    
        6920   1.000000      0.8417500       1.839480      0.3912644      0.4948347    
        6940  0.8750000      0.8017500       1.461208      0.3793948      0.4593196    
        6960   1.000000      0.8970000       1.812470      0.3972806      0.5296515    
        6980  0.8750000      0.7492500       1.628249      0.4071822      0.5022189    
        7000   1.000000      0.9427500       2.067230      0.3783252      0.4735999    
        7020  0.8750000      0.7209375       1.742565      0.3871884      0.5170248    
        7040   1.000000      0.9138750       1.941962      0.3816642      0.5096155    
        7060  0.9375000      0.7651250       1.534938      0.3842730      0.5008924    
        7080   1.000000      0.9146875       1.792965      0.3591304      0.4664001    
        7100  0.8750000      0.7888125       1.362183      0.3587653      0.4960000    
        7120   1.000000      0.9159375       1.699252      0.3832910      0.4866073    
        7140  0.8750000      0.7663125       1.353647      0.3750882      0.4872449    
        7160   1.000000      0.8770000       2.128289      0.3707939      0.4637336    
        7180  0.8750000      0.7568750       1.736297      0.3652047      0.4810964    
        7200   1.000000      0.8328125       1.928651      0.3821079      0.4881657    
        7220  0.8750000      0.7673125       1.580949      0.3826446      0.4687501    
        7240   1.000000      0.8375625       1.760163      0.3932405      0.5164667    
        7260  0.8750000      0.7466875       1.402658      0.3924845      0.4704163    
        7280   1.000000      0.8607500       2.439418      0.3726379      0.5151695    
        7300  0.8750000      0.7516250       1.911945      0.3921678      0.4616299    
        7320   1.000000      0.9288125       2.456938      0.3940818      0.4939235    
        7340  0.8750000      0.7556875       1.740505      0.3802914      0.4719928    
        7360   1.000000      0.9531250       1.715888      0.3945577      0.4713421    
        7380  0.8750000      0.7388750       1.743850      0.3925615      0.5133334    
        7400   1.000000      0.9199375       2.102373      0.3811976      0.4956267    
        7420  0.8750000      0.7673125       1.620463      0.3737534      0.4763705    
        7440   1.000000      0.9505000       2.055879      0.3891689      0.4936562    
        7460  0.8750000      0.7353125       2.089526      0.3430892      0.4644444    
        7480   1.000000      0.8928750       1.890316      0.3808366      0.4967902    
        7500  0.8750000      0.7885000       1.723607      0.3676393      0.4706790    
        7520  0.8750000      0.8001250       2.045435      0.4074644      0.5103807    
        7540  0.8750000      0.7155625       1.849312      0.3896940      0.5160524    
        7560  0.9375000      0.8225000       1.930496      0.4009002      0.5052083    
        7580  0.8750000      0.7465625       1.458592      0.3946870      0.5127552    
        7600  0.8750000      0.8278750       1.970460      0.4059195      0.5112847    
        7620  0.8750000      0.7336875       1.747101      0.3970065      0.5100000    
        7640   1.000000      0.8421250       1.923330      0.4192623      0.5101907    
        7660  0.8750000      0.7349375       1.835745      0.3987104      0.5092975    
        7680   1.000000      0.8973125       1.857869      0.4152085      0.5464877    
        7700  0.8750000      0.7816250       1.378701      0.4548256      0.5415513    
        7720   1.000000      0.9218125       1.798711      0.4008072      0.5126379    
        7740  0.8750000      0.7513125       1.696959      0.3941809      0.5182102    
        7760   1.000000      0.8826250       2.040418      0.4007198      0.5081362    
        7780  0.8750000      0.7416250       1.896945      0.3995202      0.4806094    
        7800   1.000000      0.9480625       1.857610      0.3948151      0.4943413    
        7820  0.8750000      0.7500625       1.515786      0.3902078      0.4921875    
        7840   1.000000      0.9347500       1.819241      0.3919900      0.4939607    
        7860  0.8750000      0.7609375       1.454636      0.3836078      0.4765625    
        7880   1.000000      0.9495000       1.779126      0.3791600      0.4952467    
        7900  0.8750000      0.7667500       1.279145      0.3951345      0.4756945    
        7920   1.000000      0.8411875       1.808390      0.3850701      0.4848771    
        7940  0.8750000      0.7635625       1.501244      0.3843516      0.4807957    
        7960  0.8750000      0.8279375       1.859434      0.3958168      0.5044214    
        7980  0.8750000      0.7614375       1.751811      0.3923444      0.4614511    
        8000   1.000000      0.8433125       1.841331      0.4039084      0.5332729    
        8020  0.8750000      0.7490625       1.731667      0.3999008      0.4845863    
        8040   1.000000      0.8344375       1.852463      0.4051743      0.5264198    
        8060  0.8750000      0.7493750       1.663895      0.3800824      0.5125926    
        8080   1.000000      0.9140625       1.727399      0.4164614      0.5167652    
        8100  0.8750000      0.7391875       1.731152      0.4136536      0.5000001    
        8120   1.000000      0.9466250       1.857290      0.4086423      0.4864640    
        8140  0.8750000      0.7639375       1.438854      0.3808044      0.4992001    
        8160   1.000000      0.9353750       1.775827      0.4316102      0.5089548    
        8180  0.8750000      0.7589375       1.490040      0.3770274      0.4949999    
        8200   1.000000      0.9085000       1.684682      0.3964015      0.4813101    
        8220  0.8750000      0.7463125       1.721952      0.3737064      0.4905482    
        8240   1.000000      0.9040625       1.896747      0.4015169      0.5000001    
        8260  0.8750000      0.7541250       1.391068      0.4013152      0.4763704    
        8280   1.000000      0.8308125       1.780673      0.4233027      0.5251737    
        8300  0.8125000      0.7321250       1.533088      0.4380153      0.5332032    
        8320   1.000000      0.8260625       1.739062      0.4235595      0.5200616    
        8340  0.8750000      0.7461875       1.914568      0.4379087      0.5390234    
        8360   1.000000      0.8343750       1.991372      0.4188904      0.5356102    
        8380  0.8750000      0.7225625       2.023082      0.4070752      0.5338541    
        8400  0.8750000      0.8295000       1.828334      0.3886476      0.4916897    
        8420  0.8750000      0.7591250       1.598105      0.3941969      0.4998220    
        8440   1.000000      0.8436250       1.983186      0.3884316      0.4865702    
        8460  0.8750000      0.7514375       1.685233      0.3877491      0.4663891    
        8480   1.000000      0.8420000       1.835825      0.3887476      0.4943288    
        8500  0.8750000      0.7569375       1.621001      0.3726948      0.5160523    
        8520   1.000000      0.9356875       1.854602      0.3874291      0.4793388    
        8540  0.8750000      0.7214375       1.823644      0.3893025      0.5116279    
        8560   1.000000      0.9563125       1.758584      0.3674956      0.4565217    
        8580  0.8750000      0.7488750       1.808528      0.3951283      0.5027701    
        8600   1.000000      0.9536250       1.852155      0.4072308      0.5056514    
        8620  0.8750000      0.7726250       1.264884      0.3863230      0.4895834    
        8640   1.000000      0.8338125       1.848005      0.3943443      0.4875148    
        8660  0.8750000      0.7306875       2.055114      0.3717734      0.4989669    
        8680   1.000000      0.9385625       1.902189      0.3679362      0.4647935    
        8700  0.8750000      0.7563750       1.754951      0.3851999      0.4799383    
        8720   1.000000      0.8686250       1.832644      0.4006079      0.5359168    
        8740  0.8750000      0.7634375       1.495384      0.3855556      0.4866851    
        8760   1.000000      0.9122500       1.913460      0.3750402      0.4766942    
        8780  0.8750000      0.7981250       1.473436      0.3904447      0.4762501    
        8800   1.000000      0.9472500       2.288070      0.3952920      0.4798155    
        8820  0.8750000      0.7618750       1.617419      0.3827865      0.4965277    
        8840   1.000000      0.9493750       2.010134      0.4014941      0.4829932    
        8860  0.8750000      0.8101875       1.749903      0.3728630      0.4389347    
        8880   1.000000      0.9439375       2.044985      0.3869086      0.4936000    
        8900  0.8750000      0.7578750       1.840348      0.4025502      0.5164667    
        8920   1.000000      0.9471250       2.078455      0.3898619      0.5074972    
        8940  0.8750000      0.7433750       1.751490      0.3974032      0.4628099    
        8960   1.000000      0.9391875       2.050232      0.4066837      0.4984000    
        8980  0.8750000      0.7447500       1.736586      0.3868415      0.4937499    
        9000   1.000000      0.9223125       2.032447      0.4153888      0.4949434    
        9020  0.8750000      0.6963125       1.995010      0.4107264      0.5346020    
        9040   1.000000      0.9313125       2.332299      0.4066343      0.4762601    
        9060  0.8750000      0.7450625       1.862907      0.3874242      0.4789671    
        9080  0.8750000      0.8341875       1.786899      0.3898952      0.5406081    
        9100  0.8750000      0.7374375       1.922259      0.4228776      0.5233398    
        9120   1.000000      0.8270000       1.976176      0.3910898      0.4912501    
        9140  0.8125000      0.7359375       1.732560      0.3815801      0.5164609    
        9160   1.000000      0.8346875       1.967181      0.3997029      0.5145679    
        9180  0.8750000      0.7547500       1.685734      0.3962967      0.4675926    
        9200   1.000000      0.9360000       1.904788      0.3710389      0.4747991    
        9220  0.8750000      0.7279375       1.904801      0.3820953      0.4896000    
        9240   1.000000      0.9470000       1.827064      0.3867665      0.4705883    
        9260  0.8750000      0.7581250       1.563179      0.3830838      0.4972299    
        9280   1.000000      0.8709375       1.861308      0.3806211      0.4791780    
        9300  0.8750000      0.7462500       1.814972      0.3870052      0.5030991    
        9320   1.000000      0.9447500       1.892671      0.4019817      0.4770969    
        9340  0.8750000      0.7500625       1.698089      0.3890251      0.4927022    
        9360   1.000000      0.9240625       1.771129      0.3817878      0.4519231    
        9380  0.8750000      0.7328125       1.969372      0.3870197      0.4985127    
        9400   1.000000      0.9456250       1.819795      0.3589863      0.4744228    
        9420  0.8750000      0.7526875       1.536195      0.3996746      0.5112501    
        9440   1.000000      0.9447500       1.954418      0.3994598      0.4744228    
        9460  0.8750000      0.7443125       1.656662      0.3831742      0.4746094    
        9480   1.000000      0.8421250       1.852558      0.3996276      0.5040001    
        9500  0.8750000      0.7633750       1.788847      0.3916521      0.5044628    
        9520   1.000000      0.8374375       1.927273      0.3902007      0.5392593    
        9540  0.8750000      0.7388125       1.837329      0.4088416      0.5073012    
        9560  0.8750000      0.8186875       1.931039      0.4166373      0.5056710    
        9580  0.8750000      0.7456875       1.871387      0.4146436      0.4969009    
        9600   1.000000      0.8836250       1.811132      0.4351992      0.5088276    
        9620  0.8750000      0.7564375       1.625262      0.3893481      0.4706372    
        9640   1.000000      0.9390625       1.940766      0.4131953      0.4869684    
        9660  0.8750000      0.7254375       1.826508      0.3931608      0.5172843    
        9680   1.000000      0.9277500       1.959038      0.4040854      0.4952000    
        9700  0.8125000      0.6741875       1.826256      0.3956741      0.5432000    
        9720   1.000000      0.9542500       1.732285      0.3769572      0.4632000    
        9740  0.8750000      0.7331250       1.620149      0.3955741      0.5032000    
        9760   1.000000      0.9415000       1.866963      0.4023213      0.5019133    
        9780  0.8750000      0.7615000       1.525298      0.3755856      0.4760494    
        9800   1.000000      0.9328125       1.805647      0.4047159      0.5383999    
        9820  0.8750000      0.7433125       1.502767      0.3893020      0.5341783    
        9840   1.000000      0.9160000       1.728181      0.4258955      0.5218939    
        9860  0.8750000      0.8031250       1.492923      0.3562448      0.4682539    
        9880   1.000000      0.8345000       1.625553      0.4310699      0.5251827    
        9900  0.8750000      0.7905625       1.361862      0.4033833      0.5276816    
        9920  0.8750000      0.8191875       1.732829      0.4516123      0.5517977    
        9940   1.000000      0.8061875       1.337127      0.4115245      0.5030991    
        9960  0.9375000      0.8195625       1.702071      0.4349020      0.5437239    
        9980   1.000000      0.8158750       1.637955      0.4334410      0.5303820    
       10000  0.9375000      0.8802500       1.688738      0.4314913      0.5312499    
       10020   1.000000      0.7890000       1.364737      0.4088293      0.5177779    
       10040  0.8750000      0.8145000       1.863802      0.4274780      0.5533884    
       10060  0.8750000      0.7993750       1.565605      0.4333503      0.5224447    
       10080  0.8750000      0.8165000       1.894277      0.4324301      0.5498867    
       10100  0.8750000      0.8048125       1.460335      0.4164495      0.5169753    
       10120   1.000000      0.8276875       1.728231      0.4316109      0.5205976    
       10140  0.8750000      0.8045000       1.675990      0.4269442      0.5271999    
       10160   1.000000      0.9070000       1.557290      0.4261727      0.5207939    
       10180  0.8750000      0.7980625       1.600230      0.4297634      0.5094646    
       10200   1.000000      0.9084375       1.826647      0.4364367      0.5355902    
       10220  0.8750000      0.8083125       1.497999      0.4218827      0.5207939    
       10240   1.000000      0.9291250       1.679198      0.4161134      0.4840561    
       10260  0.8750000      0.8125625       1.534386      0.4141764      0.4968001    
       10280   1.000000      0.9347500       1.694796      0.4320163      0.5245746    
       10300  0.8750000      0.8093125       1.478408      0.4083517      0.5242192    
       10320  0.8750000      0.8257500       1.649821      0.4300335      0.5272847    
       10340  0.8750000      0.7711250       1.670691      0.3966946      0.5000000    
       10360  0.8750000      0.8147500       1.819462      0.4257207      0.5430840    
       10380  0.8750000      0.7979375       1.521351      0.3912446      0.5160522    
       10400   1.000000      0.8165000       1.831276      0.4399736      0.5378073    
       10420  0.8750000      0.7265625       2.000570      0.3984838      0.5096296    
       10440  0.8750000      0.8246250       1.752773      0.4298252      0.5303704    
       10460  0.8750000      0.7475625       1.736589      0.3985934      0.4909297    
       10480  0.8750000      0.8068125       2.019058      0.4371076      0.5459439    
       10500  0.8750000      0.7451875       1.791866      0.4220820      0.5184304    
       10520  0.8750000      0.8123125       1.924774      0.4248536      0.5242192    
       10540  0.8125000      0.7220000       2.054393      0.4227631      0.5240816    
       10560  0.8750000      0.8125000       1.950005      0.4326622      0.5389422    
       10580  0.8125000      0.7490625       1.755377      0.3896959      0.5066666    
       10600  0.8750000      0.8214375       1.998276      0.4249063      0.5017285    
       10620  0.8125000      0.7500625       1.727059      0.3929317      0.5176001    
       10640  0.8750000      0.8198125       1.894353      0.4363009      0.5160523    
       10660  0.8750000      0.7448750       1.949960      0.4213979      0.5196280    
       10680  0.9375000      0.8046875       1.907942      0.4463482      0.5314622    
       10700  0.8750000      0.7833750       1.614869      0.4186227      0.5204938    
       10720  0.9375000      0.8271875       1.646849      0.4291109      0.5278407    
       10740  0.8750000      0.8040000       1.502502      0.4276677      0.5472911    
       10760  0.8750000      0.8231250       1.714135      0.4413960      0.5272847    
       10780  0.8750000      0.8043125       1.719538      0.4083739      0.5034602    
       10800   1.000000      0.8213750       1.838429      0.4436177      0.5498867    
       10820  0.8750000      0.7835000       1.556330      0.4007199      0.5224446    
       10840   1.000000      0.9048125       1.615578      0.3923650      0.4921579    
       10860  0.8750000      0.7938750       1.715742      0.3831201      0.4785156    
       10880   1.000000      0.8165625       1.914342      0.4448303      0.5322782    
       10900  0.8750000      0.7941875       1.550419      0.4072008      0.5125927    
       10920  0.8750000      0.8195000       1.693167      0.4306173      0.5108025    
       10940  0.8750000      0.8120625       1.434867      0.4183202      0.5520523    
       10960   1.000000      0.8115625       2.016551      0.4470691      0.5467128    
       10980  0.8750000      0.7974375       1.707734      0.4129359      0.5453686    
       11000   1.000000      0.8211250       1.801870      0.4212434      0.5315502    
       11020  0.8750000      0.8030625       1.526431      0.4005750      0.4993140    
       11040   1.000000      0.8658750       1.883176      0.4442149      0.5269422    
       11060  0.8750000      0.7927500       1.798551      0.4158993      0.5075614    
       11080   1.000000      0.9328125       1.821547      0.4572562      0.5204939    
       11100  0.8750000      0.7731875       1.629892      0.4028491      0.5233197    
       11120  0.8750000      0.8228750       1.919552      0.4391505      0.5430838    
       11140  0.8750000      0.7896875       1.575461      0.4098294      0.5245746    
       11160  0.8750000      0.8131875       1.815957      0.4456834      0.5389649    
       11180  0.8750000      0.7575625       1.821740      0.3993609      0.5059172    
       11200  0.8750000      0.8296250       1.748769      0.4382569      0.5437239    
       11220   1.000000      0.8058750       1.725564      0.4286363      0.5166205    
       11240   1.000000      0.8749375       2.122698      0.4660265      0.5495563    
       11260   1.000000      0.8163125       1.686724      0.4556134      0.5387052    
       11280   1.000000      0.8543750       1.754417      0.4606564      0.5790082    
       11300   1.000000      0.8206250       1.581508      0.4385927      0.5278407    
       11320   1.000000      0.8970625       1.539066      0.4956985      0.5735999    
       11340   1.000000      0.8271250       1.454540      0.4632404      0.5431998    
       11360   1.000000      0.9340000       1.424842      0.4728394      0.5630203    
       11380  0.9375000      0.8158750       1.514292      0.4486343      0.5447531    
       11400   1.000000      0.8364375       1.692966      0.4486527      0.5588843    
       11420   1.000000      0.8109375       1.523528      0.4430448      0.5204939    
       11440  0.9375000      0.8231250       1.803054      0.4502435      0.5498866    
       11460  0.8750000      0.8087500       1.591235      0.4245925      0.5344099    
       11480  0.9375000      0.8821250       1.765863      0.4171810      0.5166204    
       11500   1.000000      0.8136250       1.547696      0.4489913      0.5264651    
       11520   1.000000      0.8806875       1.648257      0.4794882      0.5835798    
       11540   1.000000      0.8171250       1.273541      0.4165949      0.5349716    
       11560  0.8750000      0.8237500       1.680020      0.4437551      0.5619754    
       11580  0.8750000      0.8113125       1.609536      0.4286231      0.5517979    
       11600   1.000000      0.8807500       1.941833      0.4472821      0.5338542    
       11620   1.000000      0.7892500       1.520272      0.4486781      0.5159546    
       11640  0.9375000      0.8855625       1.670152      0.4340127      0.5133499    
       11660  0.8750000      0.7400000       1.873195      0.4377724      0.5381083    
       11680  0.9375000      0.8940625       1.777816      0.4204900      0.4991319    
       11700  0.8750000      0.7574375       1.912778      0.4372341      0.5264198    
       11720  0.9375000      0.8868750       1.761922      0.3902118      0.4837500    
       11740  0.8750000      0.7776250       1.517214      0.4098491      0.5245746    
       11760  0.9375000      0.8993125       1.689133      0.3957589      0.4973230    
       11780  0.8750000      0.7284375       2.036197      0.3908109      0.5036160    
       11800  0.9375000      0.8989375       1.757241      0.4221759      0.4906636    
       11820  0.8750000      0.7286250       1.957403      0.4060737      0.5415878    
       11840  0.9375000      0.8922500       2.128051      0.4370527      0.5056001    
       11860  0.8750000      0.7616875       1.760723      0.4286025      0.5083103    
       11880   1.000000      0.8890625       2.298751      0.4396407      0.5288066    
       11900  0.8750000      0.7270625       2.273250      0.4012846      0.4891976    
       11920  0.9375000      0.8960000       2.264138      0.4395678      0.4992000    
       11940  0.8750000      0.7306875       2.276807      0.4120786      0.5273436    
       11960  0.9375000      0.8874375       2.103405      0.4309307      0.4930748    
       11980  0.8750000      0.7456250       2.050750      0.4250330      0.5060763    
       12000  0.9375000      0.8649375       1.872808      0.4468157      0.5368946    
       12020   1.000000      0.7998750       1.678583      0.4564795      0.5340264    
       12040  0.9375000      0.8847500       1.777710      0.4106079      0.4867675    
       12060   1.000000      0.8232500       1.561518      0.4650051      0.5166205    
       12080   1.000000      0.9030000       1.640587      0.4437607      0.5619752    
       12100   1.000000      0.8085625       1.670107      0.4568419      0.5540122    
       12120   1.000000      0.8373125       1.682813      0.4524992      0.5642722    
       12140   1.000000      0.8244375       1.527829      0.4512806      0.5432000    
       12160   1.000000      0.8985000       1.495571      0.4906656      0.5672637    
       12180   1.000000      0.7914375       1.472263      0.4256376      0.5338542    
       12200   1.000000      0.8260625       1.754922      0.4392826      0.5264000    
       12220   1.000000      0.8105000       1.734106      0.4510243      0.5246876    
       12240  0.8750000      0.8077500       1.933570      0.4409125      0.5619752    
       12260  0.8750000      0.8136875       1.619217      0.4252264      0.5588843    
       12280   1.000000      0.8286250       1.797137      0.4270375      0.5619752    
       12300  0.8750000      0.8100000       1.670164      0.4232076      0.5394444    
       12320  0.8750000      0.8207500       1.798436      0.4472102      0.5659259    
       12340   1.000000      0.8273125       1.549770      0.4520780      0.5303820    
       12360  0.8750000      0.8143750       1.878043      0.4504674      0.5668403    
       12380   1.000000      0.8508750       1.451830      0.4640116      0.5389422    
       12400   1.000000      0.8169375       1.801562      0.4564952      0.5720487    
       12420   1.000000      0.8062500       1.504861      0.4655581      0.5513808    
       12440   1.000000      0.9368125       1.309877      0.5083449      0.5873976    
       12460   1.000000      0.8092500       1.382900      0.4218284      0.5431999    
       12480   1.000000      0.8520000       1.612602      0.4675576      0.5672637    
       12500   1.000000      0.9207500       1.052120      0.4742901      0.5204938    
       12520  0.8750000      0.8323125       1.638901      0.4603339      0.5431999    
       12540   1.000000      0.8251875       1.625451      0.4523889      0.5245746    
       12560   1.000000      0.9265625       1.255138      0.4889138      0.5498866    
       12580   1.000000      0.8031875       1.468546      0.4238256      0.5338543    
       12600   1.000000      0.9054375       1.548856      0.4694580      0.5513807    
       12620  0.8750000      0.7945000       1.478060      0.4296305      0.5199704    
       12640  0.8750000      0.8313750       1.634778      0.4478098      0.5501236    
       12660   1.000000      0.8327500       1.404768      0.4569787      0.5502041    
       12680   1.000000      0.9175625       1.611229      0.4845753      0.5480770    
       12700  0.8750000      0.8053125       1.455489      0.4203295      0.5266272    
       12720   1.000000      0.8769375       1.750236      0.4315894      0.5461035    
       12740   1.000000      0.8041875       1.532940      0.4212208      0.5314622    
       12760   1.000000      0.9036250       1.595501      0.4452042      0.5425342    
       12780  0.9375000      0.8060000       1.533570      0.4055777      0.5030991    
       12800   1.000000      0.8484375       1.697317      0.4550794      0.5436372    
       12820  0.8750000      0.7980625       1.539189      0.4237049      0.4974490    
       12840  0.8750000      0.8149375       1.827614      0.4205950      0.5125926    
       12860  0.8750000      0.7961875       1.407544      0.4234919      0.5212500    
       12880  0.8750000      0.8236875       1.722141      0.4369632      0.5402893    
       12900  0.8750000      0.8153750       1.505382      0.4002389      0.4970414    
       12920   1.000000      0.8348125       1.842549      0.4335023      0.5526859    
       12940  0.8750000      0.8036875       1.398052      0.4010184      0.5181175    
       12960   1.000000      0.9081875       1.910578      0.4514759      0.5680529    
       12980  0.8750000      0.8023750       1.639030      0.4269883      0.5006791    
       13000   1.000000      0.9396250       1.556453      0.4508426      0.5460142    
       13020  0.8750000      0.7896250       1.899993      0.4139074      0.5196694    
       13040   1.000000      0.9215625       1.694956      0.4474227      0.5342650    
       13060  0.8750000      0.8065625       1.337160      0.4149356      0.5245746    
       13080   1.000000      0.8961875       1.690167      0.4571072      0.5512154    
       13100  0.8750000      0.8020625       1.602792      0.4247149      0.5040176    
       13120   1.000000      0.8594375       1.646167      0.4560544      0.5390234    
       13140  0.8750000      0.7988125       1.585704      0.4216329      0.5031999    
       13160   1.000000      0.8375625       1.706570      0.4486466      0.5432000    
       13180  0.8750000      0.8074375       1.515175      0.4337055      0.5570370    
       13200   1.000000      0.8431875       1.618153      0.4510795      0.5548947    
       13220  0.8750000      0.7708125       1.621550      0.4131929      0.5022676    
       13240  0.8750000      0.8254375       1.648887      0.4417458      0.5506040    
       13260  0.8750000      0.8068125       1.475825      0.4381127      0.5110947    
       13280   1.000000      0.8723125       1.647776      0.4484125      0.5473229    
       13300  0.8750000      0.8005000       1.648713      0.4073665      0.5000001    
       13320   1.000000      0.8558125       1.625724      0.4547946      0.5397751    
       13340  0.8750000      0.7981250       1.348642      0.3987544      0.5245748    
       13360  0.8750000      0.8231875       1.693840      0.4370924      0.5322781    
       13380  0.8750000      0.8128750       1.541116      0.4352541      0.5513806    
       13400   1.000000      0.9310625       1.524797      0.4853151      0.5432000    
       13420  0.8750000      0.7911875       1.599370      0.4259599      0.5125926    
       13440  0.8750000      0.7925625       2.012300      0.4351607      0.5286458    
       13460  0.8750000      0.7468750       1.781681      0.3961976      0.5496001    
       13480  0.8750000      0.8181875       1.936407      0.4097355      0.5075614    
       13500  0.8125000      0.7446250       1.763548      0.4005586      0.4973960    
       13520  0.8750000      0.8132500       1.807601      0.4321693      0.5498616    
       13540  0.8750000      0.7347500       1.920557      0.3919298      0.5410156    
       13560  0.8750000      0.8300000       1.636101      0.4416126      0.5192745    
       13580  0.8750000      0.8029375       1.446905      0.4059538      0.5081361    
       13600  0.8750000      0.8143125       1.817226      0.4156050      0.5167654    
       13620  0.8750000      0.7690625       1.762212      0.3988021      0.4905805    
       13640  0.8750000      0.8343750       1.512997      0.4373195      0.5329861    
       13660  0.8750000      0.7906875       1.671359      0.3723269      0.4880036    
       13680  0.8750000      0.8255000       1.644504      0.4356881      0.5272847    
       13700  0.8750000      0.7493125       1.803486      0.4256414      0.5437239    
       13720   1.000000      0.8555625       1.810048      0.4304673      0.5278406    
       13740  0.8750000      0.8033750       1.789634      0.4255340      0.5402892    
       13760   1.000000      0.8313125       1.656865      0.4545755      0.5650826    
       13780  0.8750000      0.7921875       1.901786      0.3800381      0.4886621    
       13800  0.8750000      0.8258125       1.762745      0.4365899      0.5264651    
       13820  0.8750000      0.8105625       1.804432      0.3822415      0.4830120    
       13840  0.8750000      0.8217500       1.848361      0.4285902      0.5348595    
       13860  0.8750000      0.7753750       1.832716      0.4011593      0.5066667    
       13880   1.000000      0.8256875       1.681696      0.4431674      0.5588844    
       13900  0.8750000      0.7846875       1.757182      0.4001711      0.5272847    
       13920   1.000000      0.8318750       1.741245      0.4420204      0.5548946    
       13940  0.8750000      0.8081250       1.554363      0.4053631      0.5199287    
       13960  0.8750000      0.8151875       1.782496      0.4396394      0.5671999    
       13980  0.8750000      0.8060625       1.708360      0.4025221      0.5069252    
       14000   1.000000      0.8786250       1.681786      0.4284833      0.5512153    
       14020  0.8750000      0.8003125       1.382875      0.4384073      0.5336000    
       14040   1.000000      0.9243750       1.925327      0.4309295      0.5151652    
       14060  0.8750000      0.7806875       1.736341      0.4422964      0.5224445    
       14080   1.000000      0.9053125       1.984956      0.4536970      0.5312501    
       14100  0.8750000      0.7828125       1.780273      0.4404037      0.5046296    
       14120   1.000000      0.8961875       1.987201      0.4452966      0.5233136    
       14140  0.8750000      0.7853125       1.704065      0.4298130      0.5245746    
       14160   1.000000      0.8682500       1.669951      0.4432515      0.5412346    
       14180  0.8750000      0.8005000       1.476458      0.4126685      0.5083830    
       14200  0.8750000      0.8311250       1.641593      0.4276741      0.5430838    
       14220  0.8750000      0.8081250       1.566400      0.4150780      0.5407987    
       14240   1.000000      0.8340625       1.673425      0.4390120      0.5362499    
       14260  0.8750000      0.8016875       1.436865      0.4185412      0.5044444    
       14280   1.000000      0.8480000       1.729800      0.4370906      0.5437241    
       14300  0.8750000      0.8073125       1.584229      0.4128046      0.5051904    
       14320  0.8750000      0.8158125       1.807513      0.4224351      0.5389649    
       14340  0.8750000      0.7865000       1.421546      0.3945542      0.5077161    
       14360  0.8750000      0.8228750       1.716366      0.4329811      0.5202813    
       14380  0.8750000      0.8008125       1.393099      0.4023267      0.4967901    
       14400   1.000000      0.8220625       1.702931      0.4215840      0.5289345    
       14420  0.8750000      0.7850000       1.676023      0.4099044      0.5143999    
       14440   1.000000      0.9071250       1.905578      0.3880173      0.5212499    
       14460  0.8750000      0.7436250       1.929337      0.3827082      0.5173610    
       14480   1.000000      0.9134375       1.869111      0.4085470      0.4984000    
       14500  0.8750000      0.7690000       1.537819      0.3799205      0.4965987    
       14520   1.000000      0.9038750       1.771944      0.3838210      0.4718368    
       14540  0.8750000      0.7634375       1.418144      0.3715926      0.5000000    
       14560   1.000000      0.8511875       1.866047      0.3830104      0.4682541    
       14580  0.8750000      0.7331875       1.851518      0.3897192      0.5110205    
       14600   1.000000      0.9001875       1.836144      0.3667451      0.4960938    
       14620  0.8750000      0.7641875       1.706418      0.3832184      0.4799383    
       14640   1.000000      0.9405625       1.877569      0.3745095      0.4522449    
       14660  0.8750000      0.7512500       1.780122      0.3855462      0.4712000    
       14680   1.000000      0.9125000       1.913849      0.3775799      0.4861494    
       14700  0.8750000      0.7526250       1.669468      0.3930211      0.5004031    
       14720   1.000000      0.9476250       1.717331      0.3806518      0.4648063    
       14740  0.8750000      0.7225625       1.499674      0.3958658      0.4981738    
       14760   1.000000      0.9181875       1.833255      0.3973998      0.4907199    
       14780  0.8750000      0.7371875       1.647242      0.3951387      0.5047259    
       14800   1.000000      0.9328750       2.009579      0.4088964      0.4943289    
       14820  0.8750000      0.7545625       1.641601      0.3988798      0.5035396    
       14840   1.000000      0.9423750       1.754003      0.4024046      0.5041153    
       14860  0.8750000      0.8145625       1.265734      0.3536303      0.4848486    
       14880   1.000000      0.9028750       2.015865      0.4208632      0.5219479    
       14900  0.8750000      0.7566875       1.534882      0.3878732      0.4863946    
       14920   1.000000      0.8976250       2.007310      0.4022390      0.5215486    
       14940  0.8750000      0.7623750       1.562751      0.3810107      0.4830121    
       14960   1.000000      0.8261875       2.019999      0.4080895      0.5167654    
       14980  0.8750000      0.7140625       2.288203      0.4043644      0.4862500    
       15000  0.8750000      0.8243125       2.127127      0.3959831      0.4809028    
       15020  0.8750000      0.8000000       1.312236      0.3941208      0.5402893    
       15040   1.000000      0.8127500       1.884261      0.4373601      0.5668403    
       15060  0.8750000      0.7874375       1.802088      0.4083144      0.5303820    
       15080  0.9375000      0.8205625       1.789105      0.4382115      0.5484430    
       15100  0.8750000      0.8100625       1.642874      0.4180031      0.4921580    
       15120  0.9375000      0.8834375       1.716466      0.4492857      0.5381943    
       15140   1.000000      0.7748750       1.735283      0.4512657      0.5481482    
       15160   1.000000      0.9170000       1.674451      0.4431464      0.5193906    
       15180  0.8750000      0.7948750       1.691976      0.4373796      0.5272803    
       15200   1.000000      0.9211250       1.438113      0.4624441      0.5513808    
       15220   1.000000      0.8923750       1.209367      0.4701794      0.5437239    
       15240   1.000000      0.8370000       1.728330      0.4681686      0.5658668    
       15260   1.000000      0.8018750       1.558845      0.4255899      0.5432001    
       15280   1.000000      0.9205000       1.561774      0.5025875      0.5619755    
       15300   1.000000      0.8719375       1.345049      0.4692971      0.5467128    
       15320   1.000000      0.9245000       1.403685      0.4813379      0.5736001    
       15340   1.000000      0.9154375       1.213616      0.4757447      0.5509260    
       15360   1.000000      0.9200625       1.419392      0.4988459      0.5790082    
       15380   1.000000      0.8402500       1.390149      0.4656773      0.5507544    
       15400   1.000000      0.9297500       1.349894      0.4901645      0.5548944    
       15420   1.000000      0.8683125       1.473552      0.4636258      0.5436371    
       15440   1.000000      0.9200000       1.526932      0.4835978      0.5790081    
       15460   1.000000      0.8190625       1.542897      0.4546584      0.5432000    
       15480   1.000000      0.9285625       1.379802      0.4985507      0.5790082    
       15500   1.000000      0.8421250       1.475996      0.4616300      0.5278407    
       15520   1.000000      0.9402500       1.393522      0.4970895      0.5964912    
       15540   1.000000      0.8424375       1.402289      0.4536972      0.5287501    
       15560   1.000000      0.9108125       1.434933      0.4818152      0.5873976    
       15580   1.000000      0.8100625       1.543326      0.4451566      0.5498866    
       15600   1.000000      0.9093125       1.464145      0.4945928      0.5950255    
       15620   1.000000      0.8160625       1.723112      0.4494580      0.5271999    
       15640   1.000000      0.8772500       1.621143      0.4987979      0.5790082    
       15660   1.000000      0.7975000       1.504480      0.4321807      0.5440781    
       15680   1.000000      0.8321250       1.750128      0.4440517      0.5348595    
       15700   1.000000      0.8168750       1.613346      0.4522963      0.5303820    
       15720   1.000000      0.8321875       1.736812      0.4532124      0.5406806    
       15740   1.000000      0.8297500       1.411782      0.4503897      0.5389648    
       15760   1.000000      0.9263125       1.308869      0.5211742      0.5873977    
       15780   1.000000      0.8851250       1.360576      0.4693859      0.5338543    
       15800   1.000000      0.9127500       1.326502      0.5256254      0.5835798    
       16000   1.000000      0.9355625       1.023369      0.4772550      0.5646138    
       16200   1.000000      0.9298750       1.061812      0.4773201      0.5467128    
       16400   1.000000      0.9252500       1.069333      0.4768366      0.5362499    
       16600   1.000000      0.9265625       1.001661      0.4774852      0.5288461    
       16800   1.000000      0.9315625       1.019725      0.4775019      0.5500827    
       17000   1.000000      0.9267500       1.066999      0.4767421      0.5639669    
       17200   1.000000      0.9260000       1.062334      0.4759552      0.5389420    
       17400   1.000000      0.9308125       1.022541      0.4778628      0.5338542    
       17600   1.000000      0.9419375      0.9601481      0.4796179      0.5204939    
       17800   1.000000      0.9358750       1.036922      0.4778097      0.5588842    
       18000   1.000000      0.9257500       1.056176      0.4761179      0.5736000    
       18200   1.000000      0.9315625       1.049886      0.4770319      0.5627779    
       18400   1.000000      0.9308750       1.028848      0.4771882      0.5668404    
       18600   1.000000      0.9303750       1.057040      0.4766088      0.5642721    
       18800   1.000000      0.9262500       1.007302      0.4779280      0.5588842    
       19000   1.000000      0.9215625       1.073664      0.4757611      0.5344099    
       19200   1.000000      0.9283750       1.051931      0.4773800      0.5383999    
       19400   1.000000      0.9285625       1.009868      0.4773626      0.5668402    
       19600   1.000000      0.9203125       1.103387      0.4759707      0.5548697    
       19800   1.000000      0.9348750       1.011068      0.4777659      0.5437240    
       20000   1.000000      0.9292500       1.095461      0.4760453      0.5415879    
       20200   1.000000      0.9325000       1.011043      0.4775949      0.5437239    
       20400   1.000000      0.9280625       1.034449      0.4769564      0.5493827    
       20600   1.000000      0.9288125       1.081262      0.4778597      0.5713188    
       20800   1.000000      0.9325000      0.9988907      0.4782458      0.5316668    
       21000   1.000000      0.9296875       1.070243      0.4762520      0.5338542    
       21200   1.000000      0.9226250       1.071509      0.4761338      0.5672637    
       21400   1.000000      0.9220000       1.059140      0.4761205      0.5278406    
       21600   1.000000      0.9330000       1.056323      0.4780588      0.5515544    
       21800   1.000000      0.9327500       1.014428      0.4771916      0.5437240    
       22000   1.000000      0.9291250       1.076087      0.4757375      0.5790080    
       22200   1.000000      0.9347500       1.036784      0.4777480      0.5322783    
       22400   1.000000      0.9241250       1.098716      0.4757978      0.5580358    
       22600   1.000000      0.9290625       1.018404      0.4769806      0.5362501    
       22800   1.000000      0.9356250       1.014226      0.4787793      0.5498866    
       23000   1.000000      0.9326875       1.032699      0.4766452      0.5598957    
       23200   1.000000      0.9200625       1.097832      0.4753771      0.5498866    
       23400   1.000000      0.9377500      0.9788147      0.4786744      0.5437239    
       23600   1.000000      0.9309375       1.054973      0.4782246      0.5432000    
       23800   1.000000      0.9348750       1.050643      0.4776703      0.5498866    
       24000   1.000000      0.9259375       1.061809      0.4766120      0.5465976    
       24200   1.000000      0.9331875       1.003014      0.4790107      0.5534979    
       24400   1.000000      0.9315625       1.028824      0.4782646      0.5437241    
       24600   1.000000      0.9298125       1.083140      0.4762582      0.5362501    
       24800   1.000000      0.9250625       1.077739      0.4768188      0.5170134    
       25000   1.000000      0.9381250      0.9857863      0.4794975      0.5437240    
       25200   1.000000      0.9309375       1.047555      0.4777504      0.5517978    
       25400   1.000000      0.9334375       1.010911      0.4782135      0.5598958    
       25600   1.000000      0.9316250       1.073673      0.4773228      0.5362500    
       25800   1.000000      0.9315625       1.075951      0.4769331      0.5647801    
       26000   1.000000      0.9235625       1.056697      0.4769767      0.5510355    
       26200   1.000000      0.9251875       1.070737      0.4769227      0.5322783    
       26400   1.000000      0.9253125       1.051797      0.4772009      0.5437241    
       26600   1.000000      0.9292500       1.050364      0.4767792      0.5431999    
       26800   1.000000      0.9346250       1.033894      0.4775937      0.5327777    
       27000   1.000000      0.9331250       1.040098      0.4766832      0.5170133    
       27200   1.000000      0.9248750       1.063024      0.4773095      0.5406806    
       27400   1.000000      0.9294375       1.031624      0.4779904      0.5437240    
       27600   1.000000      0.9195000       1.077752      0.4760766      0.5674741    
       27800   1.000000      0.9290625       1.017188      0.4777511      0.5362500    
       28000   1.000000      0.9253125       1.088896      0.4762385      0.5207940    
       28200   1.000000      0.9262500       1.057377      0.4765006      0.5437241    
       28400   1.000000      0.9371250      0.9946373      0.4773446      0.5415879    
       28600   1.000000      0.9390625      0.9983621      0.4778983      0.5588844    
       28800   1.000000      0.9270625       1.054353      0.4779448      0.5598959    
       29000   1.000000      0.9258125       1.084384      0.4771509      0.5513807    
       29200   1.000000      0.9348750       1.006444      0.4777532      0.5432000    
       29400   1.000000      0.9334375       1.050685      0.4767928      0.5338541    
       29600   1.000000      0.9334375       1.045722      0.4769428      0.5668402    
       29800   1.000000      0.9196875       1.080198      0.4770042      0.5362500    
       30000   1.000000      0.9310625       1.023410      0.4771903      0.5517978    
       30200   1.000000      0.9387500      0.9955720      0.4783945      0.5272000    
       30400   1.000000      0.9279375       1.046348      0.4762143      0.5362501    
       30600   1.000000      0.9288125       1.035271      0.4769032      0.5437239    
       30800   1.000000      0.9193750       1.151463      0.4749698      0.5548947    
       31000   1.000000      0.9273125       1.050932      0.4768385      0.5498866    
       31200   1.000000      0.9308125       1.028365      0.4779243      0.5500827    
       31400   1.000000      0.9336250       1.018515      0.4781197      0.5592000    
       31600   1.000000      0.9359375       1.002282      0.4782577      0.5534980    
       31800   1.000000      0.9328125       1.031085      0.4772675      0.5658671    
       32000   1.000000      0.9284375       1.057003      0.4770462      0.5338541    
       32200   1.000000      0.9266875       1.047326      0.4779350      0.5303820    
       32400   1.000000      0.9279375       1.054743      0.4770921      0.5338542    
       32600   1.000000      0.9333750       1.037268      0.4770146      0.5416000    
       32800   1.000000      0.9347500       1.046113      0.4769447      0.5362499    
       33000   1.000000      0.9242500       1.094519      0.4766107      0.5437240    
       33200   1.000000      0.9300000       1.063403      0.4763658      0.5546458    
       33400   1.000000      0.9241875       1.105743      0.4758780      0.5380501    
       33600   1.000000      0.9296250       1.064902      0.4768573      0.5507545    
       33800   1.000000      0.9270000       1.022053      0.4780755      0.5558858    
       34000   1.000000      0.9291250       1.036159      0.4782539      0.5668403    
       34200   1.000000      0.9296875       1.051509      0.4773357      0.5437240    
       34400   1.000000      0.9318750       1.014585      0.4772297      0.5547107    
       34600   1.000000      0.9290625       1.047354      0.4773510      0.5362500    
       34800   1.000000      0.9246875       1.036174      0.4781893      0.5432000    
       35000   1.000000      0.9330000       1.036126      0.4785239      0.5642723    
       35200   1.000000      0.9250000       1.065451      0.4764312      0.5362500    
       35400   1.000000      0.9312500       1.031888      0.4781789      0.5498866    
       35600   1.000000      0.9330000       1.035817      0.4772018      0.5482378    
       35800   1.000000      0.9303125       1.030580      0.4774536      0.5548947    
       36000   1.000000      0.9278125       1.081109      0.4762597      0.5494213    
       36200   1.000000      0.9245625       1.063604      0.4763845      0.5362500    
       36400   1.000000      0.9290000       1.080052      0.4765300      0.5366274    
       36600   1.000000      0.9226250       1.078847      0.4764397      0.5588843    
