          20  0.8125000      0.6611250       1.890441      0.4253424      0.4944904    
          40  0.8125000      0.7732500       1.560132      0.4013167      0.4944445    
          60  0.7500000      0.7048125       1.956112      0.4122962      0.5023935    
          80  0.8125000      0.7898125       1.849640      0.4183811      0.5185185    
         100  0.8125000      0.7714375       1.822038      0.4073970      0.4620810    
         120  0.8125000      0.7774375       1.794985      0.4228930      0.5228382    
         140  0.8125000      0.7772500       1.835309      0.4058186      0.5218523    
         160  0.8750000      0.7815000       1.770933      0.4132060      0.5014780    
         180  0.8125000      0.7677500       1.797584      0.3917606      0.4853516    
         200  0.8750000      0.8253125       1.810590      0.4050277      0.4994429    
         220  0.8125000      0.7725625       1.746480      0.3950811      0.4858910    
         240  0.8750000      0.8598125       2.164786      0.3782292      0.4611663    
         260  0.8125000      0.7161875       1.926351      0.4068106      0.4897959    
         280  0.9375000      0.8708750       1.830108      0.3982329      0.5095404    
         300  0.8125000      0.7535625       1.782176      0.3981186      0.5010406    
         320  0.8750000      0.8563750       1.734780      0.4383462      0.5489075    
         340  0.8125000      0.7739375      0.9532082      0.4147500      0.5127779    
         360  0.8750000      0.8626875       1.662871      0.4171211      0.4816217    
         380  0.8125000      0.7201250       1.592197      0.4194932      0.4885215    
         400  0.8750000      0.8515000       1.613564      0.4341398      0.5151367    
         420  0.8125000      0.7516250       1.222015      0.4383082      0.5047577    
         440   1.000000      0.8540625       1.462683      0.4322620      0.5296044    
         460  0.8125000      0.7688125       1.514932      0.4730029      0.5353798    
         480  0.8750000      0.8580625       1.615159      0.4465018      0.5301850    
         500  0.8750000      0.7786875       1.570646      0.4593773      0.5854492    
         520  0.8750000      0.8553750       1.644959      0.4304867      0.5291363    
         540  0.8750000      0.7916875       1.502209      0.4785592      0.5510060    
         560  0.8750000      0.8528750       1.498931      0.4573625      0.5593132    
         580  0.8750000      0.8396250       1.574395      0.4450600      0.5058593    
         600   1.000000      0.8767500       1.547708      0.4354157      0.5405273    
         620  0.8750000      0.8321875       1.576374      0.4336230      0.4970415    
         640  0.8750000      0.8498750       1.514824      0.4246660      0.5197632    
         660  0.8750000      0.8376875       1.573602      0.4227023      0.4986225    
         680  0.8750000      0.8574375       1.569849      0.4185145      0.5144872    
         700  0.8750000      0.8372500       1.584438      0.4384125      0.4869682    
         720   1.000000      0.9145625       1.577648      0.4091510      0.5124716    
         740  0.8750000      0.7933125       1.109934      0.4359019      0.5138890    
         760   1.000000      0.9737500       1.713898      0.4011440      0.4927811    
         780  0.8750000      0.8420625       1.409824      0.4088302      0.4620182    
         800   1.000000      0.9030625       1.668869      0.4013568      0.5014780    
         820  0.8750000      0.8285000       1.738628      0.3889653      0.4628906    
         840   1.000000      0.9591250       1.634570      0.4018967      0.4781066    
         860  0.8750000      0.7939375       1.340157      0.3903389      0.5031952    
         880   1.000000      0.9339375       2.156534      0.4190989      0.4978374    
         900  0.8125000      0.7689375       1.493655      0.4186054      0.4940312    
         920  0.8750000      0.8565000       1.773717      0.4113951      0.5135276    
         940  0.8125000      0.7656250       1.338690      0.4067320      0.4672852    
         960   1.000000      0.8590625       1.706546      0.4132579      0.4926538    
         980  0.8750000      0.7893750       1.587091      0.4273717      0.5188246    
        1000   1.000000      0.9500000       1.855524      0.4029965      0.5072842    
        1020  0.8750000      0.8271875      0.8081887      0.4825557      0.5796670    
        1040   1.000000      0.8475625       1.182464      0.4750884      0.5532880    
        1060  0.8750000      0.8326250      0.8105094      0.4647360      0.5305555    
        1080  0.8750000      0.8446875       1.271334      0.4761816      0.5460141    
        1100  0.8750000      0.8373125       1.634965      0.4567701      0.5146924    
        1120  0.8750000      0.8442500       1.337552      0.4544587      0.5547928    
        1140  0.8750000      0.8383750       1.169537      0.4555685      0.5395421    
        1160   1.000000      0.8535000       1.391758      0.4426371      0.5463867    
        1180  0.8750000      0.8312500       1.326330      0.4631141      0.5561914    
        1200  0.9375000      0.8469375       1.348562      0.4435556      0.5331318    
        1220  0.8750000      0.8308125       1.318494      0.4362641      0.5219725    
        1240  0.8750000      0.8455625       1.380101      0.4437042      0.5395508    
        1260  0.8750000      0.8311875       1.256197      0.4457081      0.5334910    
        1280   1.000000      0.8545625       1.417681      0.4553016      0.5616770    
        1300  0.8750000      0.8358750       1.196157      0.4679038      0.5827220    
        1320  0.9375000      0.8492500       1.340133      0.4562374      0.5756837    
        1340  0.8750000      0.8351875       1.237574      0.4636632      0.5395421    
        1360  0.9375000      0.9166875       1.630229      0.4196195      0.4865226    
        1380  0.8750000      0.7901875       1.491860      0.4338017      0.5070172    
        1400  0.9375000      0.9181250       1.616823      0.4204314      0.5000000    
        1420  0.8750000      0.8276250       1.075792      0.4376266      0.5041624    
        1440   1.000000      0.9433125       1.473693      0.4372506      0.5038984    
        1460  0.8750000      0.8278750       1.415406      0.4284886      0.5092448    
        1480   1.000000      0.9705625       1.390068      0.4301042      0.5165290    
        1500  0.8750000      0.8449375       1.086320      0.4308133      0.5055097    
        1520   1.000000      0.8520000       1.393664      0.4517056      0.5248384    
        1540  0.8750000      0.8460000       1.295121      0.4237498      0.5136094    
        1560   1.000000      0.9526250       1.464149      0.4386275      0.5183432    
        1580  0.8750000      0.8041875       1.273791      0.4195229      0.4979881    
        1600   1.000000      0.8936875       1.567665      0.4234986      0.5064279    
        1620  0.8750000      0.8225625       1.340698      0.4198259      0.4981064    
        1640  0.8750000      0.8483125       1.635410      0.4539087      0.5257118    
        1660  0.8750000      0.8395000       1.935002      0.4438764      0.5180663    
        1680  0.8750000      0.8450625       1.607295      0.4668040      0.5312213    
        1700  0.8750000      0.8213125       2.002939      0.4489693      0.5328720    
        1720   1.000000      0.8482500       1.892348      0.4522510      0.5569330    
        1740  0.8750000      0.8324375       1.765473      0.4395302      0.5292308    
        1760  0.8750000      0.8447500       1.724915      0.4739859      0.5519527    
        1780  0.8750000      0.8309375       1.843559      0.4445748      0.5151367    
        1800  0.9375000      0.8426875       1.655935      0.4554399      0.5395507    
        1820  0.8750000      0.8270000       1.521793      0.4350518      0.5110270    
        1840  0.8750000      0.8305000       1.566903      0.4424976      0.5107421    
        1860  0.8750000      0.7435625       1.644718      0.4218983      0.5183654    
        1880  0.8750000      0.8325000       1.597527      0.4218944      0.4923155    
        1900  0.8125000      0.7448750       1.534254      0.4168589      0.4938272    
        1920  0.8750000      0.8376250       1.780225      0.4037354      0.4923154    
        1940  0.8125000      0.7832500       1.474798      0.4323165      0.4998887    
        1960  0.8750000      0.8394375       1.544652      0.4317371      0.5119678    
        1980  0.8125000      0.7753125       1.508206      0.4328409      0.5008819    
        2000  0.8750000      0.8458750       1.595608      0.4319876      0.5218523    
        2020  0.8125000      0.7772500       1.500844      0.4369093      0.5247933    
        2040  0.8750000      0.8359375       1.473105      0.4668733      0.5361329    
        2060  0.8125000      0.7805000       1.720766      0.4097800      0.5084655    
        2080  0.8750000      0.8522500       1.573804      0.4219039      0.5009183    
        2100  0.8125000      0.7673125       1.804208      0.3989519      0.4807163    
        2120  0.8750000      0.8515625       1.407533      0.4173318      0.5014649    
        2140  0.8125000      0.7714375       1.563818      0.4066053      0.4993702    
        2160  0.8750000      0.8306875       1.583138      0.4441483      0.5279571    
        2180  0.8750000      0.7763125       1.572249      0.4476255      0.5258790    
        2200  0.8750000      0.8531250       1.674410      0.4436959      0.5249024    
        2220  0.8125000      0.7782500       1.552116      0.4680140      0.5516667    
        2240  0.8750000      0.8506250       1.558380      0.4533198      0.5551509    
        2260  0.8750000      0.8260000       1.221372      0.4563286      0.5332031    
        2280  0.8750000      0.8374375       1.567435      0.4460573      0.5230564    
        2300  0.8750000      0.8448125       1.453169      0.4467337      0.5216568    
        2320   1.000000      0.8664375       1.497594      0.4585545      0.5541991    
        2340  0.8750000      0.8431250       1.475484      0.4465522      0.5288085    
        2360  0.9375000      0.8480000       1.438429      0.4534000      0.5632894    
        2380   1.000000      0.8415000       1.301401      0.4502817      0.5675739    
        2400   1.000000      0.8528125       1.450950      0.4531339      0.5311242    
        2420   1.000000      0.8347500       1.280824      0.4577417      0.5195264    
        2440  0.8750000      0.8378125       1.433267      0.4659570      0.5605469    
        2460  0.8750000      0.8436875       1.552192      0.4173420      0.4853075    
        2480  0.9375000      0.9075625       1.569723      0.4230217      0.5249704    
        2500  0.8750000      0.8505625       1.416965      0.4396735      0.5104561    
        2520  0.9375000      0.9160625       1.593942      0.4222926      0.5283526    
        2540  0.8750000      0.8248750       1.895002      0.4091788      0.5014648    
        2560  0.9375000      0.8790000       1.658970      0.4388891      0.5031952    
        2580  0.8750000      0.7929375       1.483253      0.4770722      0.5516668    
        2600  0.9375000      0.9138125       1.653207      0.4574901      0.5332986    
        2620  0.8750000      0.8256875       1.528231      0.4597837      0.5288085    
        2640  0.9375000      0.9148125       1.652769      0.4304807      0.5330579    
        2660  0.8750000      0.7860625       1.487972      0.4328948      0.5282841    
        2680  0.9375000      0.9178125       1.569420      0.4289548      0.5159990    
        2700  0.8750000      0.8076250       1.445367      0.4352788      0.5052028    
        2720  0.9375000      0.9168125       1.656723      0.4302558      0.4927810    
        2740   1.000000      0.8380625       1.427376      0.4128833      0.4906347    
        2760  0.9375000      0.9121875       2.160690      0.4348285      0.5083008    
        2780  0.8750000      0.8000625       1.865665      0.4241116      0.5074557    
        2800  0.9375000      0.9156875       2.126018      0.4549607      0.5119376    
        2820  0.8750000      0.8121875       1.678368      0.4427045      0.5083008    
        2840  0.9375000      0.9173750       1.664766      0.4493247      0.5268555    
        2860  0.8750000      0.7842500       1.506654      0.4251978      0.4946289    
        2880  0.9375000      0.9194375       1.630211      0.4226106      0.4895941    
        2900  0.8750000      0.7878750       1.546247      0.4365610      0.5005945    
        2920  0.9375000      0.9188125       1.656237      0.4276402      0.4875033    
        2940  0.8750000      0.7801875       1.563825      0.4392549      0.5061764    
        2960  0.9375000      0.9178125       1.619256      0.4322066      0.5146924    
        2980  0.8125000      0.7791875       1.605160      0.4242882      0.5229568    
        3000  0.9375000      0.9148750       1.713157      0.4350575      0.5056228    
        3020  0.8750000      0.8449375       1.627204      0.4431845      0.5056229    
        3040  0.9375000      0.9216250       1.611163      0.4293817      0.4887695    
        3060  0.8750000      0.7940000       1.402565      0.4400311      0.5133030    
        3080  0.9375000      0.9182500       1.618904      0.4273311      0.4828404    
        3100  0.8750000      0.8168750       1.504826      0.4317986      0.5361552    
        3120  0.9375000      0.9060000       1.581183      0.4370221      0.5110193    
        3140  0.9375000      0.7985625       1.397245      0.4411888      0.5195264    
        3160  0.9375000      0.9123750       1.657421      0.4303723      0.5102538    
        3180  0.8750000      0.7891250       1.557543      0.4328012      0.5283334    
        3200  0.9375000      0.9128750       1.732031      0.4409575      0.5307617    
        3220  0.8750000      0.8259375       1.193212      0.4710407      0.5358580    
        3240  0.8750000      0.8570625       1.437485      0.4662929      0.5413232    
        3260  0.8750000      0.8348125       1.384055      0.4552638      0.5629882    
        3280   1.000000      0.8702500       1.632427      0.4576747      0.5471152    
        3300  0.8750000      0.8395000       1.079596      0.4532362      0.5578231    
        3320  0.8750000      0.8580000       1.442286      0.4564249      0.5382045    
        3340  0.8750000      0.8288125       1.008006      0.4399286      0.5412238    
        3360  0.9375000      0.8550000       1.344160      0.4530958      0.5348944    
        3380   1.000000      0.8461875       1.294230      0.4658425      0.5468261    
        3400  0.9375000      0.9135000       1.657457      0.4428902      0.5258790    
        3420  0.8750000      0.8436250       1.162213      0.4713995      0.5358774    
        3440  0.9375000      0.9160625       1.663484      0.4418777      0.5140829    
        3460  0.8750000      0.8477500       1.324515      0.4652780      0.5240614    
        3480   1.000000      0.9051875       1.529349      0.4647293      0.5250693    
        3500  0.8750000      0.8424375       1.186518      0.4298454      0.5373135    
        3520   1.000000      0.8470000       1.375565      0.4372624      0.5385742    
        3540   1.000000      0.8423125       1.546919      0.4314780      0.5119376    
        3560   1.000000      0.8531875       1.464656      0.4532721      0.5406904    
        3580   1.000000      0.9233750       1.065936      0.4752770      0.5421436    
        3600  0.8750000      0.8520625       1.442731      0.4577922      0.5429585    
        3620   1.000000      0.9614375      0.8528699      0.4433814      0.5126627    
        3640   1.000000      0.9605625       1.057356      0.4743323      0.5426599    
        3660   1.000000      0.9352500       1.262497      0.4402570      0.5078054    
        3680   1.000000      0.9688125       1.441957      0.4660439      0.5466696    
        3700   1.000000      0.9676250       1.060269      0.4419958      0.5353847    
        3720   1.000000      0.9708125       1.136382      0.4581116      0.5224978    
        3740   1.000000      0.8516250       1.396630      0.4277547      0.5003551    
        3760   1.000000      0.9675000       1.253678      0.4477863      0.5337491    
        3780   1.000000      0.9323750       1.331237      0.4426622      0.5012252    
        3800   1.000000      0.9746875       1.276307      0.4527835      0.5197711    
        3820   1.000000      0.8910000       1.340228      0.4451883      0.5119375    
        3840   1.000000      0.9697500       1.351262      0.4602995      0.5572321    
        3860   1.000000      0.9716250       1.102901      0.4507205      0.5437138    
        3880   1.000000      0.9650625       1.389493      0.4700481      0.5335171    
        3900   1.000000      0.9681250      0.8506436      0.4791102      0.5438889    
        3920   1.000000      0.9716250       1.165924      0.4927557      0.5837668    
        3940   1.000000      0.9381250      0.9615805      0.4537394      0.5356445    
        3960   1.000000      0.8965625       1.388783      0.4568069      0.5573769    
        3980  0.8750000      0.8443750       1.492833      0.4399764      0.5131835    
        4000  0.9375000      0.9185000       1.992420      0.4176642      0.5009182    
        4020  0.8750000      0.7908750       1.536416      0.4656547      0.5454102    
        4040  0.8750000      0.8424375       1.372187      0.4741116      0.5455523    
        4060  0.8750000      0.8481250       1.459843      0.4788955      0.5453254    
        4080  0.9375000      0.8535000       1.507724      0.4830612      0.5794140    
        4100   1.000000      0.8534375       1.411202      0.4784126      0.5620117    
        4120  0.9375000      0.8873750       1.721361      0.4544266      0.5718002    
        4140  0.8750000      0.8468750       1.445318      0.4422292      0.5444335    
        4160  0.9375000      0.8460625       1.488886      0.4525688      0.5444336    
        4180   1.000000      0.8520000       1.443607      0.4536654      0.5457293    
        4200  0.8750000      0.8476875       1.490662      0.4677793      0.5582725    
        4220   1.000000      0.8749375       1.314781      0.4595755      0.5423273    
        4240  0.8750000      0.8433750       1.456982      0.4530585      0.5676379    
        4260  0.8750000      0.8389375       1.424369      0.4591716      0.5311243    
        4280  0.8750000      0.8461250       1.525657      0.4635497      0.5729643    
        4300   1.000000      0.8338750      0.9883716      0.4654216      0.5510058    
        4320  0.8750000      0.8460625       1.404328      0.4491496      0.5493163    
        4340  0.8750000      0.8314375       1.367247      0.4205090      0.4926538    
        4360  0.8750000      0.8415000       1.417598      0.4270318      0.5395422    
        4380  0.8750000      0.8340000       1.454861      0.3975476      0.4779614    
        4400   1.000000      0.8428125       1.465235      0.4110310      0.5467373    
        4420  0.8750000      0.8396250       1.390818      0.4137848      0.4998741    
        4440  0.8750000      0.8545000       1.411572      0.4293935      0.5220386    
        4460  0.8750000      0.8332500       1.373813      0.4517602      0.5325988    
        4480   1.000000      0.8571250       1.368913      0.4508911      0.5395508    
        4500  0.8750000      0.8335000       1.326452      0.4256309      0.4936523    
        4520  0.8750000      0.8459375       1.439137      0.4323267      0.5517762    
        4540  0.8750000      0.8376250       1.204166      0.4269970      0.5270850    
        4560   1.000000      0.9254375       1.548047      0.4189562      0.5034181    
        4580  0.8750000      0.8405625       1.408968      0.4151294      0.4985521    
        4600   1.000000      0.9358750       1.566545      0.4265957      0.5229570    
        4620   1.000000      0.8331250       1.160042      0.4289807      0.5437045    
        4640  0.9375000      0.8472500       1.272604      0.4512382      0.5328581    
        4660  0.8750000      0.8396875       1.245080      0.4492677      0.5480105    
        4680   1.000000      0.9221875       1.556868      0.4383030      0.5484429    
        4700  0.8750000      0.8358750       1.237473      0.4520299      0.5328720    
        4720   1.000000      0.9534375       1.431119      0.4842173      0.5339645    
        4740  0.8750000      0.8466250       1.035903      0.4716081      0.5880574    
        4760  0.9375000      0.8504375       1.313111      0.4711082      0.5561112    
        4780  0.8750000      0.8355625       1.413068      0.4603352      0.5337491    
        4800   1.000000      0.8833125       1.456467      0.4442540      0.5620118    
        4820  0.8750000      0.8371875       1.364935      0.4431967      0.5209960    
        4840   1.000000      0.9581875       1.528620      0.4290138      0.5185986    
        4860  0.8750000      0.8373750       1.290861      0.4239291      0.5394859    
        4880  0.8750000      0.8561250       1.314797      0.4443231      0.5291363    
        4900  0.8750000      0.8402500       1.270628      0.4415787      0.5174472    
        4920   1.000000      0.9228125       1.587164      0.4563145      0.5244444    
        4940  0.8750000      0.8331875       1.290899      0.4680100      0.5507685    
        4960   1.000000      0.9696875       1.676911      0.4305943      0.4953390    
        4980  0.8750000      0.8216875       1.496571      0.4176539      0.4874137    
        5000   1.000000      0.8973125       1.653383      0.4140065      0.5052028    
        5020  0.8750000      0.8341875       1.215430      0.4249504      0.4956054    
        5040   1.000000      0.9083750       1.588791      0.4236493      0.5159278    
        5060  0.8750000      0.8385000       1.405560      0.3994145      0.4624638    
        5080  0.8750000      0.8470000       1.463994      0.4114801      0.5163733    
        5100  0.8750000      0.8420000       1.470742      0.4071634      0.4848633    
        5120  0.8750000      0.8486875       1.421583      0.4149426      0.5034014    
        5140  0.8750000      0.8346875       1.389067      0.4199027      0.4889807    
        5160   1.000000      0.8508125       1.526355      0.4163937      0.5240614    
        5180  0.8750000      0.8376250       1.353116      0.4106229      0.5180147    
        5200   1.000000      0.8530625       1.414911      0.4066130      0.4923078    
        5220  0.8750000      0.8369375       1.373357      0.4154202      0.4790039    
        5240   1.000000      0.9197500       1.529366      0.4342000      0.5137001    
        5260  0.8750000      0.8255000       1.154324      0.4232177      0.5126626    
        5280   1.000000      0.9210625       1.550134      0.4326604      0.5247934    
        5300  0.8750000      0.8135625       1.229997      0.4265535      0.4965680    
        5320   1.000000      0.9691250       1.602714      0.4369269      0.5292307    
        5340  0.8750000      0.8376875       1.565818      0.4130086      0.5110193    
        5360   1.000000      0.9473750       1.646708      0.4389487      0.5070171    
        5380  0.8750000      0.8445000       1.474809      0.4213451      0.4956212    
        5400   1.000000      0.8730625       1.561306      0.4402475      0.5297041    
        5420  0.8750000      0.8331875       1.294687      0.4439604      0.5043945    
        5440   1.000000      0.9646250       1.691598      0.4394332      0.5089443    
        5460  0.8750000      0.8359375       1.346784      0.4202700      0.5052030    
        5480  0.8750000      0.8543750       1.549469      0.4036404      0.5404280    
        5500  0.8750000      0.7585625       1.455280      0.4274351      0.4946289    
        5520  0.8750000      0.8435625       1.502209      0.4139269      0.4965821    
        5540  0.8750000      0.8073125      0.9597541      0.4342214      0.4928193    
        5560  0.8750000      0.8564375       1.491255      0.4407961      0.5031953    
        5580  0.8750000      0.8348125       1.492986      0.4015502      0.4761249    
        5600  0.9375000      0.8998125       1.606940      0.4226134      0.4861538    
        5620  0.8750000      0.7999375       1.443024      0.4356537      0.5245653    
        5640  0.9375000      0.9160625       1.668674      0.4283621      0.5326525    
        5660  0.8750000      0.7910000       1.384136      0.4523516      0.5169231    
        5680  0.9375000      0.9138125       1.541410      0.4438374      0.5266300    
        5700  0.8750000      0.7770000       1.397941      0.4535083      0.5486391    
        5720   1.000000      0.9180000       1.625103      0.4332662      0.5467455    
        5740  0.8750000      0.7803125       1.540874      0.4381148      0.5292970    
        5760  0.9375000      0.9159375       1.555898      0.4465933      0.5173965    
        5780   1.000000      0.8469375      0.9346993      0.4639456      0.5410156    
        5800  0.9375000      0.8638125       1.541278      0.4554626      0.5328581    
        5820   1.000000      0.8539375       1.185399      0.4382064      0.5333046    
        5840  0.8750000      0.8471250       1.388838      0.4449607      0.5436851    
        5860   1.000000      0.8446250       1.475268      0.4461826      0.5172645    
        5880  0.8750000      0.8529375       1.608035      0.4593904      0.5547997    
        5900  0.8750000      0.8396250       1.491721      0.4253691      0.5161111    
        5920  0.8750000      0.8526875       1.529727      0.4422176      0.5697888    
        5940   1.000000      0.8430000       1.369476      0.4309365      0.5234160    
        5960  0.8750000      0.8543750       1.510670      0.4486842      0.5512695    
        5980   1.000000      0.8478125       1.440307      0.4568238      0.5321397    
        6000   1.000000      0.9644375       1.199429      0.4792863      0.5325988    
        6020   1.000000      0.8478750       1.434419      0.4625313      0.5426598    
        6040   1.000000      0.9691250       1.612801      0.4492142      0.5384948    
        6060   1.000000      0.9396250       1.009559      0.4561721      0.5273372    
        6080   1.000000      0.9419375       1.492446      0.4527604      0.5350858    
        6100   1.000000      0.8508750       1.380153      0.4378061      0.5288086    
        6120   1.000000      0.9723750       1.355043      0.4510250      0.5239257    
        6140   1.000000      0.8752500      0.8770180      0.4404234      0.5008284    
        6160   1.000000      0.8543125       1.513456      0.4291785      0.5453330    
        6180  0.8750000      0.8460000       1.514182      0.4188337      0.5082180    
        6200   1.000000      0.9740625       1.566643      0.4178979      0.5032141    
        6220   1.000000      0.8522500       1.157319      0.4292195      0.5366212    
        6240   1.000000      0.8556875       1.464265      0.4316514      0.5151383    
        6260   1.000000      0.8427500       1.441893      0.4281821      0.5229568    
        6280   1.000000      0.8522500       1.485927      0.4269687      0.5381084    
        6300   1.000000      0.8771250       1.303941      0.4281080      0.4908875    
        6320  0.8750000      0.8550000       1.482616      0.4309969      0.5223725    
        6340   1.000000      0.8508125       1.461532      0.4221117      0.4981634    
        6360  0.8750000      0.8495000       1.490668      0.4310632      0.5134082    
        6380   1.000000      0.8453750       1.466935      0.4308307      0.5133150    
        6400  0.9375000      0.8562500       1.450968      0.4466735      0.5685207    
        6420  0.8750000      0.8440625       1.460057      0.4347003      0.5141603    
        6440  0.9375000      0.8588750       1.559620      0.4302252      0.5335170    
        6460   1.000000      0.8899375       1.241225      0.4212465      0.4903582    
        6480   1.000000      0.8509375       1.453819      0.4308785      0.5036733    
        6500   1.000000      0.8733125       1.463434      0.4452780      0.5294276    
        6520   1.000000      0.9595625       1.647726      0.4668602      0.5221303    
        6540   1.000000      0.8935625       1.420142      0.4461180      0.5298439    
        6560   1.000000      0.9753750       1.384727      0.4478898      0.5257297    
        6580  0.9375000      0.8510000       1.374388      0.4375353      0.5309156    
        6600   1.000000      0.9236875       1.508693      0.4395534      0.5000001    
        6620  0.8750000      0.8434375       1.547206      0.4579814      0.5532880    
        6640   1.000000      0.8664375       1.570366      0.4513901      0.5502930    
        6660  0.8750000      0.8396250       1.305577      0.4444802      0.5502930    
        6680   1.000000      0.9672500       1.826854      0.4539920      0.5322580    
        6700  0.8750000      0.8387500       1.498086      0.4573029      0.5395421    
        6720   1.000000      0.8528125       1.673939      0.4507483      0.5363314    
        6740  0.8750000      0.8472500       1.235035      0.4454489      0.5337275    
        6760   1.000000      0.8493750       1.714278      0.4477729      0.5411943    
        6780   1.000000      0.8533125       1.394467      0.4530029      0.5321395    
        6800   1.000000      0.8612500       1.423067      0.4573077      0.5827219    
        6820   1.000000      0.8453125       1.530187      0.4374087      0.5004326    
        6840  0.9375000      0.9111875       1.703532      0.4029156      0.4985352    
        6860  0.8750000      0.8261875       1.453170      0.4273004      0.4894674    
        6880  0.9375000      0.9167500       1.977057      0.4020282      0.4788063    
        6900  0.8750000      0.8315000       1.514253      0.4284635      0.4908174    
        6920  0.9375000      0.8745000       1.518951      0.4217063      0.5220387    
        6940   1.000000      0.8594375       1.358412      0.4142647      0.5064279    
        6960   1.000000      0.8565625       1.401804      0.4285193      0.5336914    
        6980  0.9375000      0.8448750       1.485395      0.4269799      0.5125433    
        7000  0.9375000      0.9159375       1.576853      0.4287306      0.5303031    
        7020  0.8750000      0.8458750       1.431794      0.4749329      0.5498047    
        7040  0.9375000      0.9185625       1.639217      0.4584484      0.5358579    
        7060  0.8750000      0.8259375       1.300510      0.4501673      0.5175108    
        7080  0.8750000      0.8520625       1.375605      0.4612379      0.5399867    
        7100  0.8750000      0.8468125       1.361926      0.4480359      0.5056805    
        7120  0.9375000      0.9113125       1.537387      0.4220463      0.4975586    
        7140  0.8125000      0.7797500       1.482306      0.3977618      0.4843895    
        7160  0.9375000      0.8586875       1.681276      0.4072196      0.5013774    
        7180  0.8750000      0.7728125       1.586794      0.4083119      0.4788797    
        7200  0.8750000      0.8504375       1.624274      0.4101888      0.5155710    
        7220  0.8125000      0.7794375       1.598274      0.4315217      0.5144444    
        7240  0.8750000      0.8566875       1.651642      0.4306496      0.5171695    
        7260  0.8125000      0.7643125       1.501008      0.4485993      0.5520022    
        7280  0.9375000      0.9173125       1.609719      0.4370274      0.4918116    
        7300  0.8750000      0.7760000       1.420478      0.4374005      0.5170068    
        7320  0.9375000      0.9131250       1.557814      0.4276569      0.5069823    
        7340  0.8125000      0.7800000       1.532458      0.4416861      0.5237812    
        7360  0.9375000      0.9127500       1.645515      0.4240327      0.4907227    
        7380  0.8750000      0.7821250       1.512183      0.4357032      0.5211834    
        7400   1.000000      0.9595000       1.615154      0.4390550      0.5074327    
        7420  0.8750000      0.7785000       1.687189      0.4037218      0.4906347    
        7440   1.000000      0.9723125       1.372462      0.4431191      0.5181403    
        7460  0.8750000      0.8322500       1.414497      0.4393473      0.5311162    
        7480   1.000000      0.8615000       1.330024      0.4512840      0.5364149    
        7500  0.8750000      0.8390625       1.359202      0.4260741      0.5134795    
        7520   1.000000      0.9087500       1.354239      0.4475988      0.5258789    
        7540  0.8750000      0.8424375       1.408202      0.4257557      0.5023936    
        7560   1.000000      0.8659375       1.399868      0.4362069      0.5073242    
        7580  0.8750000      0.8448125      0.9869493      0.4184685      0.5275482    
        7600  0.9375000      0.8587500       1.477605      0.4254337      0.4989976    
        7620  0.8750000      0.8408125      0.8611800      0.4514466      0.5420119    
        7640   1.000000      0.8890000       1.523211      0.4291691      0.5527841    
        7660  0.8750000      0.8307500       1.256516      0.4519278      0.5234129    
        7680  0.8750000      0.8379375       1.503626      0.4457726      0.5239258    
        7700  0.8750000      0.8442500       1.229730      0.4523599      0.5339644    
        7720  0.8750000      0.8470000       1.438136      0.4551593      0.5394857    
        7740  0.8750000      0.8383125       1.466510      0.4312282      0.5346436    
        7760  0.8750000      0.8566875       1.450530      0.4426128      0.5376668    
        7780  0.8750000      0.8426875       1.554248      0.4271349      0.4979882    
        7800  0.8750000      0.8558125       1.583511      0.4402576      0.5119677    
        7820  0.8750000      0.8373125       1.324051      0.4462300      0.5121894    
        7840   1.000000      0.8485000       1.452648      0.4556701      0.5434319    
        7860  0.8750000      0.8326250       1.101802      0.4425049      0.5078125    
        7880  0.8750000      0.8475625       1.147085      0.4503313      0.5469692    
        7900  0.8750000      0.8371875       1.220366      0.4205757      0.4834710    
        7920  0.8750000      0.8558125       1.460896      0.4322422      0.5110269    
        7940  0.8750000      0.8355000      0.9057824      0.4256059      0.4912109    
        7960  0.8750000      0.8593125       1.497286      0.4232777      0.5303031    
        7980  0.8750000      0.8396875       1.429786      0.4171951      0.5344379    
        8000   1.000000      0.9665625       1.363886      0.4467326      0.5178699    
        8020  0.8750000      0.8355625       1.488670      0.4414083      0.5064280    
        8040   1.000000      0.8651875       1.462769      0.4441620      0.5202367    
        8060  0.8750000      0.8400625       1.327641      0.4303390      0.5031217    
        8080  0.8750000      0.8484375       1.305307      0.4502920      0.5306972    
        8100  0.8750000      0.8348750       1.293472      0.4521268      0.5129756    
        8120  0.8750000      0.8467500       1.319983      0.4619175      0.5320710    
        8140  0.8750000      0.8427500       1.306142      0.4452040      0.5291364    
        8160   1.000000      0.8525000       1.298543      0.4473996      0.5339645    
        8180  0.8750000      0.8353750       1.346557      0.4291078      0.5447451    
        8200  0.8750000      0.8461875       1.374328      0.4432291      0.5219726    
        8220  0.8750000      0.8393750       1.555019      0.4469331      0.5160699    
        8240  0.8750000      0.8535625       1.500238      0.4461910      0.5266299    
        8260  0.8750000      0.8433125       1.526598      0.4555546      0.5317383    
        8280   1.000000      0.8533125       1.558096      0.4509419      0.5374610    
        8300  0.8750000      0.8416875       1.482418      0.4418385      0.5025531    
        8320   1.000000      0.8537500       1.370300      0.4604602      0.5472454    
        8340  0.8750000      0.8425000       1.535796      0.4488721      0.5270552    
        8360   1.000000      0.8443125       1.473766      0.4527471      0.5396398    
        8380  0.8750000      0.8445625      0.9870029      0.4361896      0.5315101    
        8400  0.8750000      0.8493125       1.372908      0.4464574      0.5428063    
        8420  0.8750000      0.8423750       1.417022      0.4423408      0.5472222    
        8440  0.8750000      0.8503125       1.277079      0.4568773      0.5605868    
        8460  0.8750000      0.8355000       1.066122      0.4321606      0.5122222    
        8480  0.8750000      0.8484375       1.214448      0.4432937      0.5426639    
        8500  0.8750000      0.8348125       1.253734      0.4398970      0.5079367    
        8520  0.8750000      0.8517500       1.249308      0.4557701      0.5404740    
        8540  0.8750000      0.8182500       1.242653      0.4414722      0.5239258    
        8560  0.8750000      0.8543750       1.523758      0.4494295      0.5471647    
        8580  0.8750000      0.8407500       1.314959      0.4323570      0.4975148    
        8600  0.8750000      0.8468750       1.350258      0.4567598      0.5514647    
        8620   1.000000      0.9268750       1.032772      0.4540497      0.5337491    
        8640   1.000000      0.9610625       1.203931      0.4974716      0.5566864    
        8660   1.000000      0.9413125       1.268375      0.4494907      0.5155709    
        8680   1.000000      0.8904375       1.368762      0.4539000      0.5435510    
        8700   1.000000      0.9148750       1.091588      0.4278581      0.5222222    
        8720   1.000000      0.8590625       1.378954      0.4324222      0.5099481    
        8740   1.000000      0.8489375       1.210694      0.4296368      0.5083008    
        8760   1.000000      0.9253750       1.495037      0.4541008      0.5220385    
        8780   1.000000      0.9016875       1.752733      0.4289468      0.4921948    
        8800   1.000000      0.8930000       1.541517      0.4378557      0.5330178    
        8820  0.8750000      0.8393750       1.561998      0.4516218      0.5142734    
        8840  0.8750000      0.8535625       1.425783      0.4570513      0.5306509    
        8860  0.8750000      0.8431250       1.422223      0.4453093      0.5292308    
        8880  0.8750000      0.8476875       1.476771      0.4400823      0.5146924    
        8900  0.8750000      0.8450000       1.435906      0.4370342      0.4963579    
        8920  0.9375000      0.9150000       1.733348      0.4308220      0.4995409    
        8940  0.9375000      0.8466250       1.470645      0.4397994      0.5168189    
        8960  0.9375000      0.9173750       1.677514      0.4218564      0.4902997    
        8980  0.9375000      0.8534375       1.439459      0.4445904      0.5063476    
        9000  0.9375000      0.9111875       1.749602      0.4009455      0.4752067    
        9020  0.8750000      0.8374375       1.659379      0.4533983      0.5442176    
        9040  0.9375000      0.9186250       1.672015      0.4412965      0.4995675    
        9060  0.8750000      0.8024375       1.430810      0.4596070      0.5284665    
        9080  0.9375000      0.9138750       1.631701      0.4183339      0.4944904    
        9100   1.000000      0.7907500       1.581060      0.4324037      0.5038984    
        9120  0.9375000      0.9195625       1.825178      0.4029233      0.5096903    
        9140  0.8750000      0.8448125       1.902136      0.4249935      0.5064279    
        9160  0.9375000      0.9135000       1.798289      0.4131734      0.4940312    
        9180  0.8750000      0.8008750       1.558005      0.4325213      0.5224403    
        9200  0.9375000      0.9168750       1.644203      0.4472052      0.5055096    
        9220  0.8750000      0.8462500       1.610748      0.4227899      0.5056229    
        9240  0.9375000      0.9138750       1.538761      0.4315553      0.4935122    
        9260   1.000000      0.8519375       1.214754      0.4416510      0.5322580    
        9280  0.9375000      0.9178750       1.752674      0.4366897      0.4970703    
        9300  0.8750000      0.8046875       1.531519      0.4308085      0.5349112    
        9320  0.9375000      0.9155000       1.718220      0.4089837      0.4718858    
        9340  0.8750000      0.8235000       1.369577      0.4416002      0.5188166    
        9360  0.9375000      0.8969375       1.582105      0.4225285      0.5131836    
        9380  0.8750000      0.7850000       1.547163      0.4373924      0.5112426    
        9400  0.9375000      0.9133125       1.563111      0.4301270      0.4898990    
        9420  0.8750000      0.7832500       1.419916      0.4500952      0.5346435    
        9440  0.9375000      0.9169375       1.914648      0.4399591      0.5079083    
        9460  0.8750000      0.7674375       1.725556      0.4409192      0.5192508    
        9480  0.9375000      0.9145625       1.808118      0.4491442      0.5190431    
        9500  0.8750000      0.7730625       1.686627      0.4369730      0.5473467    
        9520  0.9375000      0.9182500       2.129081      0.4315964      0.4968505    
        9540  0.8750000      0.7791250       1.880807      0.4521506      0.5608466    
        9560  0.9375000      0.9176250       2.054003      0.4316254      0.5165029    
        9580  0.8750000      0.7664375       1.870586      0.4817225      0.5717774    
        9600  0.9375000      0.9194375       1.972319      0.4594230      0.5523416    
        9620  0.8750000      0.7763125       1.644636      0.4508729      0.5463867    
        9640   1.000000      0.9121875       2.170886      0.4377285      0.5000001    
        9660  0.8750000      0.7821875       1.692500      0.4226924      0.5094482    
        9680  0.9375000      0.9168125       1.610041      0.4301440      0.4885536    
        9700  0.8750000      0.8007500       1.242451      0.4352312      0.5350000    
        9720  0.9375000      0.9155625       1.535157      0.4463258      0.5183333    
        9740  0.8750000      0.7797500       1.307255      0.4481034      0.5327778    
        9760  0.9375000      0.9156250       1.603659      0.4600632      0.5250693    
        9780  0.8750000      0.8002500       1.291948      0.4313654      0.5190430    
        9800  0.9375000      0.9164375       1.541842      0.4454275      0.5046825    
        9820  0.8750000      0.7761875       1.363021      0.4351811      0.5073241    
        9840   1.000000      0.9137500       1.554717      0.4397305      0.5220459    
        9860  0.8750000      0.7788125       1.346234      0.4342366      0.5049131    
        9880   1.000000      0.9245000       1.595362      0.4454419      0.5364150    
        9900  0.8750000      0.8297500       1.264959      0.4189708      0.5325987    
        9920   1.000000      0.9650000       1.619490      0.4561487      0.5279571    
        9940  0.8750000      0.8430625       1.479808      0.4413179      0.5112305    
        9960   1.000000      0.9702500       1.528881      0.4323285      0.5050506    
        9980  0.8750000      0.8303750       1.262770      0.4290320      0.5050000    
       10000   1.000000      0.9742500       1.590425      0.4487495      0.5003551    
       10020  0.8750000      0.8432500       1.445099      0.4554694      0.5170652    
       10040   1.000000      0.8609375       1.468508      0.4604393      0.5576171    
       10060  0.8750000      0.8427500       1.367792      0.4759169      0.5452256    
       10080   1.000000      0.9568750       1.360209      0.4634566      0.5473633    
       10100   1.000000      0.8385625       1.002746      0.4654336      0.5453330    
       10120   1.000000      0.9705000       1.468899      0.4777881      0.5611395    
       10140  0.8750000      0.8395000       1.301807      0.4575954      0.5332031    
       10160   1.000000      0.9365000       1.372049      0.4665491      0.5473634    
       10180  0.8750000      0.8462500      0.8484628      0.4429286      0.5175781    
       10200   1.000000      0.9725625       1.449816      0.4267614      0.5346435    
       10220  0.8750000      0.8157500       1.359080      0.4258119      0.5094445    
       10240   1.000000      0.9725625       1.601456      0.4309559      0.5036687    
       10260  0.8750000      0.8371875       1.491236      0.4297585      0.5176899    
       10280   1.000000      0.9706250       1.454221      0.4413137      0.5134795    
       10300  0.8750000      0.8349375       1.562100      0.4515480      0.5346435    
       10320   1.000000      0.8481875       1.369812      0.4425265      0.5389256    
       10340  0.8750000      0.8349375       1.345836      0.4452385      0.5311161    
       10360   1.000000      0.8492500       1.301593      0.4444554      0.5452455    
       10380  0.8750000      0.8390625       1.311464      0.4649556      0.5321046    
       10400   1.000000      0.8503125       1.401211      0.4523388      0.5245653    
       10420  0.8750000      0.8285000       1.311803      0.4624975      0.5288086    
       10440   1.000000      0.8586250       1.330322      0.4538650      0.5200195    
       10460  0.8750000      0.8320625      0.8909178      0.4411479      0.5385015    
       10480   1.000000      0.9206875       1.459500      0.4245883      0.5486390    
       10500  0.8750000      0.8436875       1.510636      0.3938059      0.4634319    
       10520   1.000000      0.8483750       1.417362      0.4222324      0.4995675    
       10540  0.8750000      0.8423750      0.9014413      0.4078326      0.5083007    
       10560  0.9375000      0.8415000       1.318999      0.4273482      0.5346679    
       10580  0.8750000      0.8245625       1.293941      0.4414464      0.5381708    
       10600   1.000000      0.8876875       1.374229      0.4384235      0.5308818    
       10620  0.8750000      0.8360625       1.278909      0.4227867      0.5187305    
       10640   1.000000      0.8763125       1.570495      0.4306244      0.5361552    
       10660  0.8750000      0.8341875       1.577303      0.4360908      0.5123635    
       10680   1.000000      0.9385000       1.589730      0.4286445      0.5368047    
       10700  0.8750000      0.8431875       1.268937      0.4089321      0.4834710    
       10720   1.000000      0.9518125       1.442295      0.4368199      0.5052029    
       10740  0.8750000      0.8410000       1.360770      0.4055330      0.5018897    
       10760   1.000000      0.8523750       1.475299      0.4292705      0.5137742    
       10780  0.8750000      0.8416250       1.099607      0.4202718      0.5296566    
       10800   1.000000      0.9240000       1.523780      0.4229245      0.5027778    
       10820  0.8750000      0.8433125      0.9848340      0.4412506      0.5320710    
       10840   1.000000      0.8611875       1.413532      0.4556589      0.5395507    
       10860  0.8750000      0.8445625      0.8735211      0.4541501      0.5331318    
       10880   1.000000      0.9259375       1.363395      0.4552510      0.5225497    
       10900  0.8750000      0.8430625       1.172065      0.4371703      0.4998656    
       10920   1.000000      0.9711250       1.422917      0.4285024      0.5332031    
       10940  0.8750000      0.8320625      0.8340711      0.4182366      0.5096236    
       10960   1.000000      0.8545000       1.507299      0.4288086      0.5230563    
       10980   1.000000      0.8349375      0.8969050      0.4459776      0.5561914    
       11000   1.000000      0.9476250       1.459835      0.4600905      0.5405272    
       11020  0.8750000      0.8274375       1.459262      0.4378441      0.5180146    
       11040   1.000000      0.9326250       1.485817      0.4651373      0.5493165    
       11060  0.8750000      0.8420000       1.405261      0.4341140      0.5174472    
       11080   1.000000      0.9632500       1.639795      0.4485555      0.5098225    
       11100  0.8750000      0.8346875       1.049363      0.4215571      0.4908876    
       11120   1.000000      0.9440625       1.516948      0.4764428      0.5618936    
       11140  0.8750000      0.8381875       1.226853      0.4755970      0.5447450    
       11160   1.000000      0.9716875       1.585974      0.4581417      0.5332031    
       11180  0.8750000      0.8368750       1.395089      0.4789594      0.5463867    
       11200  0.8750000      0.8477500       1.497914      0.4796300      0.5770414    
       11220  0.8750000      0.8365000      0.9506822      0.4673032      0.5744519    
       11240  0.8750000      0.8495625       1.487342      0.4551070      0.5920887    
       11260   1.000000      0.8233750      0.8004678      0.4532127      0.5141602    
       11280  0.9375000      0.8705000       1.444577      0.4490480      0.5642603    
       11300  0.8750000      0.7661875       1.408526      0.4274109      0.5137740    
       11320   1.000000      0.9388750       1.584294      0.4390774      0.5073463    
       11340  0.8125000      0.7651250       1.528650      0.4506813      0.5478668    
       11360  0.9375000      0.9176250       1.882611      0.4349751      0.5036687    
       11380  0.8750000      0.7710625       1.536226      0.4317098      0.5190225    
       11400  0.9375000      0.9173750       1.887150      0.4388321      0.5150296    
       11420  0.8125000      0.7729375       1.495372      0.4302835      0.5391787    
       11440  0.9375000      0.9138750       1.828851      0.4281175      0.5068870    
       11460  0.8750000      0.7868750       1.484756      0.4276956      0.5064280    
       11480   1.000000      0.9288125       1.748526      0.4212471      0.4871006    
       11500  0.8750000      0.7915625       1.542272      0.4205379      0.4822375    
       11520  0.9375000      0.9161250       2.088298      0.4220901      0.5122070    
       11540  0.8750000      0.8238750       1.135758      0.4035685      0.4693027    
       11560  0.9375000      0.8551250       1.477163      0.4134812      0.5052350    
       11580  0.8750000      0.8427500      0.8465232      0.3990206      0.4872763    
       11600  0.8750000      0.8448750       1.184204      0.4369615      0.5273484    
       11620  0.8750000      0.8003125       1.357849      0.4195116      0.4985352    
       11640  0.8750000      0.8451250       1.300278      0.4366540      0.5106154    
       11660  0.8750000      0.8399375       1.551202      0.4086936      0.5053711    
       11680  0.8750000      0.8541875       1.620402      0.4335527      0.5197633    
       11700  0.8750000      0.8309375       1.574741      0.4236557      0.5180147    
       11720  0.8750000      0.8510000       1.499928      0.4407934      0.5240617    
       11740  0.8750000      0.8322500      0.8128409      0.4274867      0.4993282    
       11760   1.000000      0.8675000       1.546823      0.4381467      0.5275117    
       11780   1.000000      0.8239375       1.614433      0.4405947      0.5297852    
       11800   1.000000      0.9660625       1.506424      0.4246481      0.5145912    
       11820   1.000000      0.9306250      0.8939753      0.4529698      0.5302735    
       11840   1.000000      0.8506875       1.410728      0.4537570      0.5391787    
       11860   1.000000      0.8518125       1.444271      0.4635693      0.5661158    
       11880  0.8750000      0.8494375       1.497232      0.4763968      0.5825196    
       11900   1.000000      0.8666250       1.331973      0.4604415      0.5287573    
       11920   1.000000      0.9241250       1.613749      0.4457317      0.5278319    
       11940  0.8750000      0.7951875       1.399392      0.4526494      0.5400625    
       11960  0.9375000      0.9155625       1.636236      0.4278847      0.4916992    
       11980  0.8750000      0.8187500       1.171315      0.4542624      0.5129755    
       12000  0.9375000      0.9128750       1.609361      0.4415249      0.5223726    
       12020  0.8750000      0.8016250       1.457497      0.4529361      0.5395420    
       12040  0.9375000      0.9172500       1.640056      0.4365799      0.5096904    
       12060  0.8125000      0.7785625       1.494866      0.4456148      0.5230536    
       12080  0.8750000      0.8495000       1.556344      0.4307189      0.5046825    
       12100  0.8750000      0.8440625       1.439675      0.4515694      0.5151368    
       12120  0.9375000      0.9163125       1.722908      0.4226336      0.4907227    
       12140  0.8750000      0.7851250       1.673574      0.4379609      0.5161133    
       12160   1.000000      0.9178750       1.749548      0.4252574      0.5119676    
       12180  0.8750000      0.7792500       1.677817      0.4406560      0.5358775    
       12200  0.9375000      0.9139375       1.664842      0.4323877      0.5018366    
       12220   1.000000      0.8483125       1.381223      0.4423503      0.5087993    
       12240   1.000000      0.8888750       1.587836      0.4501362      0.5183655    
       12260  0.8750000      0.8463125       1.551423      0.4460460      0.5159278    
       12280  0.8750000      0.8555000       1.551458      0.4655097      0.5606060    
       12300   1.000000      0.8546875       1.385418      0.4762750      0.5424805    
       12320   1.000000      0.8578125       1.479294      0.4692172      0.5590348    
       12340  0.8750000      0.8422500       1.507363      0.4326608      0.5195262    
       12360  0.9375000      0.8526250       1.514992      0.4455028      0.5192838    
       12380   1.000000      0.8526875       1.457604      0.4372051      0.5298440    
       12400   1.000000      0.9677500       1.177663      0.4470106      0.5310760    
       12420   1.000000      0.9481250       1.300410      0.4320841      0.4874567    
       12440   1.000000      0.9673125       1.231227      0.4497524      0.5336915    
       12460   1.000000      0.8662500       1.431715      0.4315778      0.5022957    
       12480   1.000000      0.9669375       1.245750      0.4477948      0.5442247    
       12500   1.000000      0.8878125       1.346349      0.4373110      0.5491277    
       12520   1.000000      0.9635000       1.280949      0.4603145      0.5449220    
       12540   1.000000      0.8635625       1.347086      0.4298849      0.4998887    
       12560   1.000000      0.9781250       1.203396      0.4497868      0.5509884    
       12580   1.000000      0.8489375       1.476461      0.4157895      0.5038928    
       12600  0.9375000      0.9076875       1.543925      0.4317191      0.4963270    
       12620  0.8750000      0.8356250       1.368341      0.4226713      0.5230539    
       12640   1.000000      0.9356250       1.585871      0.4445502      0.5211834    
       12660  0.8750000      0.7927500       1.551634      0.4461223      0.5460898    
       12680  0.9375000      0.9148750       1.743864      0.4271978      0.4865225    
       12700  0.8125000      0.7804375       1.686727      0.4223233      0.5176899    
       12720  0.9375000      0.9116875       1.806317      0.4100556      0.4883218    
       12740  0.8750000      0.8414375       1.410368      0.4388251      0.5043945    
       12760   1.000000      0.9734375       1.430311      0.4642638      0.5230564    
       12780  0.8750000      0.8055625       1.174434      0.4550859      0.5284665    
       12800  0.8750000      0.8485000       1.494615      0.4486206      0.5306509    
       12820  0.8750000      0.7873750       1.625386      0.4500068      0.5439054    
       12840  0.9375000      0.9189375       1.674134      0.4462090      0.5270849    
       12860  0.8750000      0.7759375       1.577382      0.4364519      0.5210381    
       12880  0.9375000      0.9195000       1.611426      0.4276182      0.5064248    
       12900  0.8750000      0.8451875      0.9758360      0.4292324      0.4984615    
       12920  0.9375000      0.8624375       1.479204      0.4300095      0.5125432    
       12940  0.8750000      0.7903750       1.487610      0.4300074      0.5089445    
       12960   1.000000      0.9551875       1.612963      0.4110502      0.4963270    
       12980  0.8750000      0.7978125       1.587533      0.4127190      0.4954087    
       13000  0.9375000      0.9175000       1.562872      0.4381748      0.5000000    
       13020  0.8750000      0.8178125       1.428281      0.4555694      0.5405273    
       13040  0.9375000      0.9148125       1.624248      0.4425859      0.5099481    
       13060   1.000000      0.7932500       1.367486      0.4616867      0.5367646    
       13080  0.9375000      0.9168125       1.592671      0.3957106      0.4770761    
       13100  0.8750000      0.8141875       1.037404      0.4380695      0.5463867    
       13120   1.000000      0.9160625       1.598835      0.3814833      0.4814014    
       13140  0.8750000      0.8230625       1.105518      0.4191396      0.5079082    
       13160   1.000000      0.9781250       1.388702      0.4273180      0.4954086    
       13180  0.8750000      0.8389375       1.468973      0.4224422      0.5174472    
       13200   1.000000      0.9744375       1.453886      0.4323485      0.4909779    
       13220  0.8750000      0.8376875       1.436650      0.4200270      0.5131837    
       13240   1.000000      0.9709375       1.542042      0.4387914      0.5069287    
       13260  0.8750000      0.8362500       1.386633      0.4211201      0.4834711    
       13280   1.000000      0.9706875       1.974823      0.4078066      0.5038984    
       13300  0.8750000      0.8475000       1.578044      0.4174511      0.5174473    
       13320   1.000000      0.9738125       1.532774      0.4186954      0.5098224    
       13340  0.8750000      0.8381250       1.486872      0.4273486      0.5055098    
       13360   1.000000      0.9748125       1.605996      0.4531415      0.5055097    
       13380  0.8750000      0.8415000       1.521367      0.4382345      0.5342650    
       13400   1.000000      0.8844375       1.427482      0.4359871      0.5397924    
       13420  0.8750000      0.8462500       1.170620      0.4463588      0.5297852    
       13440   1.000000      0.8536875       1.309994      0.4526233      0.5872223    
       13460   1.000000      0.8368750       1.296754      0.4397621      0.5583333    
       13480   1.000000      0.8482500       1.249349      0.4544793      0.5593131    
       13500   1.000000      0.9451875       1.292605      0.4541258      0.5102539    
       13520  0.8750000      0.8466250       1.309763      0.4732282      0.5650000    
       13540   1.000000      0.8528125       1.341510      0.4663424      0.5489074    
       13560   1.000000      0.9675000       1.194142      0.4763400      0.5659180    
       13580   1.000000      0.9138750       1.319011      0.4332773      0.5059208    
       13600   1.000000      0.9739375       1.283637      0.4504984      0.5358127    
       13620   1.000000      0.9566875       1.191010      0.4458368      0.5331316    
       13640   1.000000      0.9663125       1.184500      0.4673769      0.5447451    
       13660   1.000000      0.9745625       1.228095      0.4624279      0.5301769    
       13680   1.000000      0.9663125       1.308471      0.4670931      0.5562128    
       13700   1.000000      0.9453125       1.126299      0.4775932      0.5608466    
       13720   1.000000      0.9760625       1.223789      0.4832064      0.5429587    
       13740   1.000000      0.8423750       1.298597      0.4693461      0.5377777    
       13760   1.000000      0.9725625       1.335969      0.4851523      0.5659769    
       13780   1.000000      0.9415625       1.255120      0.4623279      0.5190430    
       13800   1.000000      0.9646250       1.084144      0.4790154      0.5475439    
       13820   1.000000      0.9484375       1.032984      0.4829925      0.5493147    
       13840   1.000000      0.9671875       1.286293      0.4107487      0.4974048    
       13860   1.000000      0.8593750       1.468747      0.4043180      0.4757397    
       13880   1.000000      0.9679375       1.145700      0.4608863      0.5311161    
       13900   1.000000      0.9618750      0.9320166      0.4593557      0.5263906    
       13920   1.000000      0.9675000       1.216062      0.4704449      0.5449954    
       13940   1.000000      0.9183750       1.352092      0.4394884      0.5123636    
       13960   1.000000      0.9611875       1.071481      0.4705109      0.5566407    
       13980   1.000000      0.9665000      0.8589225      0.4954994      0.5770415    
       14000   1.000000      0.9680000       1.219338      0.5084966      0.5562131    
       14020   1.000000      0.8419375       1.290480      0.4610964      0.5312213    
       14040   1.000000      0.9674375       1.393598      0.4874735      0.5449955    
       14060   1.000000      0.8521250       1.447927      0.4722932      0.5375977    
       14080   1.000000      0.9281875       1.587801      0.4661611      0.5530771    
       14100   1.000000      0.8487500       1.198975      0.4747548      0.5489074    
       14120   1.000000      0.9466875       1.459100      0.4635247      0.5462723    
       14140   1.000000      0.9456250       1.149683      0.4352870      0.5055096    
       14200   1.000000      0.9644375       1.208070      0.4691096      0.5473465    
       14400   1.000000      0.9730000       1.482304      0.4547884      0.5426639    
       14600   1.000000      0.9740625       1.715006      0.4391207      0.5682274    
       14800   1.000000      0.9696250       1.782932      0.4262279      0.5410156    
       15000   1.000000      0.9721250       1.898564      0.4217299      0.5422406    
       15200   1.000000      0.9761875       1.863282      0.4179165      0.5169231    
       15400   1.000000      0.9764375       1.850509      0.4273130      0.5427297    
       15600   1.000000      0.9733750       1.779491      0.4238130      0.5131837    
       15800   1.000000      0.9726875       1.848169      0.4255503      0.5219029    
       16000   1.000000      0.9707500       1.913800      0.4301923      0.5366210    
       16200   1.000000      0.9735000       1.789384      0.4206448      0.5655567    
       16400   1.000000      0.9775000       1.875330      0.4179432      0.5274346    
       16600   1.000000      0.9743125       1.782866      0.4275634      0.5350858    
       16800   1.000000      0.9788125       1.758318      0.4249445      0.5767267    
       17000   1.000000      0.9732500       1.748057      0.4246220      0.5429586    
       17200   1.000000      0.9697500       1.780664      0.4278624      0.5907015    
       17400   1.000000      0.9751875       1.796921      0.4293321      0.5218523    
       17600   1.000000      0.9674375       1.804568      0.4291784      0.5355556    
       17800   1.000000      0.9714375       1.760368      0.4270103      0.5239258    
       18000   1.000000      0.9764375       1.759797      0.4315960      0.5590533    
       18200   1.000000      0.9768125       1.815668      0.4221244      0.5429587    
       18400   1.000000      0.9722500       1.705218      0.4320323      0.5527344    
       18600   1.000000      0.9736250       1.822362      0.4265735      0.5643644    
       18800   1.000000      0.9770625       1.777809      0.4207347      0.5356445    
       19000   1.000000      0.9701875       1.772142      0.4253229      0.5261709    
       19200   1.000000      0.9784375       1.728019      0.4270902      0.5321047    
       19400   1.000000      0.9718125       1.789902      0.4294098      0.5711111    
       19600   1.000000      0.9668125       1.578619      0.4397382      0.5707596    
       19800   1.000000      0.9602500       1.572793      0.4410816      0.5399999    
       20000   1.000000      0.9653125       1.450584      0.4449652      0.5350001    
       20200   1.000000      0.9613125       1.445256      0.4512545      0.5450001    
       20400   1.000000      0.9656875       1.498587      0.4476954      0.5444771    
       20600   1.000000      0.9660625       1.457084      0.4476798      0.5336356    
       20800   1.000000      0.9611250       1.507055      0.4404746      0.5428061    
       21000   1.000000      0.9616250       1.526047      0.4495062      0.5486929    
       21200   1.000000      0.9630000       1.576565      0.4487113      0.5918368    
       21400   1.000000      0.9666875       1.492848      0.4428086      0.5511295    
       21600   1.000000      0.9658750       1.473946      0.4435095      0.5677779    
       21800   1.000000      0.9645000       1.477750      0.4381242      0.5437137    
       22000   1.000000      0.9611875       1.478175      0.4409555      0.5497449    
       22200   1.000000      0.9678125       1.482023      0.4526416      0.5493827    
       22400   1.000000      0.9596250       1.460649      0.4474183      0.5883334    
       22600   1.000000      0.9616875       1.500563      0.4450273      0.5740741    
       22800   1.000000      0.9633125       1.488391      0.4407512      0.5301084    
       23000   1.000000      0.9628750       1.508381      0.4434669      0.5379812    
       23200   1.000000      0.9572500       1.500238      0.4375497      0.5511296    
       23400   1.000000      0.9665000       1.561294      0.4337719      0.5450001    
       23600   1.000000      0.9619375       1.552892      0.4460837      0.5551509    
       23800   1.000000      0.9675000       1.472670      0.4452960      0.5639668    
       24000   1.000000      0.9642500       1.476153      0.4422359      0.5363520    
       24200   1.000000      0.9713750       1.546338      0.4440230      0.5423205    
       24400   1.000000      0.9663125       1.443436      0.4447548      0.5785692    
       24600   1.000000      0.9648125       1.469214      0.4485099      0.5613331    
       24800   1.000000      0.9616875       1.470182      0.4427792      0.5394445    
       25000   1.000000      0.9561250       1.400226      0.4450099      0.5527779    
       25200   1.000000      0.9648750       1.463421      0.4477113      0.5461111    
       25400   1.000000      0.9688125       1.456204      0.4466450      0.5720664    
       25600   1.000000      0.9587500       1.464796      0.4501191      0.5375206    
       25800   1.000000      0.9600000       1.444731      0.4450142      0.5548470    
       26000   1.000000      0.9680000       1.433418      0.4490059      0.5661112    
       26200   1.000000      0.9622500       1.494661      0.4484337      0.5541022    
       26400   1.000000      0.9665625       1.540716      0.4385890      0.5372020    
       26600   1.000000      0.9655625       1.500395      0.4583028      0.5616667    
       26800   1.000000      0.9702500       1.503797      0.4412212      0.5632502    
       27000   1.000000      0.9651875       1.405882      0.4496382      0.5894445    
       27200   1.000000      0.9637500       1.461370      0.4538093      0.5653982    
       27400   1.000000      0.9663125       1.492345      0.4479487      0.5426638    
       27600   1.000000      0.9588125       1.429471      0.4470560      0.5573111    
       27800   1.000000      0.9562500       1.367613      0.4486260      0.5521699    
       28000   1.000000      0.9611250       1.313691      0.4529086      0.5707908    
       28200   1.000000      0.9610625       1.233569      0.4650102      0.5589412    
       28400   1.000000      0.9605625       1.261727      0.4610714      0.5675591    
       28600   1.000000      0.9520000       1.222753      0.4670011      0.5718682    
       28800   1.000000      0.9518125       1.136321      0.4801943      0.5825912    
       29000   1.000000      0.9523125       1.120361      0.4710510      0.5851240    
       29200   1.000000      0.9491250       1.102237      0.4711426      0.5943803    
       29400   1.000000      0.9507500       1.186146      0.4615650      0.5730995    
       29600   1.000000      0.9520625       1.140297      0.4625105      0.5939191    
       29800   1.000000      0.9575000       1.107792      0.4651934      0.5946501    
       30000   1.000000      0.9598750       1.126784      0.4692448      0.5835460    
       30200   1.000000      0.9520625       1.113924      0.4680355      0.6088028    
       30400   1.000000      0.9583750       1.117287      0.4734122      0.5706372    
       30600   1.000000      0.9537500       1.111564      0.4752985      0.5841837    
       30800   1.000000      0.9515000       1.100088      0.4691065      0.6070154    
       31000   1.000000      0.9525000       1.101705      0.4738881      0.6001275    
       31200   1.000000      0.9370625       1.107203      0.4750524      0.5802776    
       31400   1.000000      0.9523125       1.122507      0.4681055      0.5728239    
       31600   1.000000      0.9553125       1.101677      0.4726409      0.5705557    
       31800   1.000000      0.9670000       1.114319      0.4757560      0.5988521    
       32000   1.000000      0.9530625       1.119910      0.4808441      0.6123176    
       32200   1.000000      0.9470000       1.117133      0.4770736      0.5760998    
       32400   1.000000      0.9535000       1.096988      0.4675352      0.5646280    
       32600   1.000000      0.9478750       1.102984      0.4660974      0.5595568    
       32800   1.000000      0.9566875       1.099296      0.4738551      0.5644815    
       33000   1.000000      0.9559375       1.105164      0.4757389      0.5897200    
       33200   1.000000      0.9655625       1.113522      0.4775542      0.6001371    
       33400   1.000000      0.9479375       1.101233      0.4720286      0.6051975    
       33600   1.000000      0.9508125       1.118506      0.4722171      0.5772890    
       33800   1.000000      0.9436875       1.103939      0.4721318      0.5804863    
       34000   1.000000      0.9557500       1.099562      0.4766593      0.5905351    
       34200   1.000000      0.9470000       1.154438      0.4747436      0.5765289    
       34400   1.000000      0.9535625       1.124500      0.4796548      0.6727952    
       34600   1.000000      0.9402500       1.113205      0.4747821      0.5878732    
       34800   1.000000      0.9505000       1.098154      0.4692621      0.5918369    
