         200  0.6875000      0.5570625       1.755280      0.4198745      0.5267402    
         400  0.6875000      0.5636875       1.822762      0.4147450      0.4985352    
         600  0.8125000      0.6574375       1.215582      0.4214272      0.5411111    
         800  0.8125000      0.6485625       1.174583      0.4208101      0.5374556    
        1000  0.8125000      0.6420000       1.198304      0.4275668      0.5281624    
        1200  0.8125000      0.6288125       1.130842      0.4310972      0.5441673    
        1400  0.8125000      0.6645000       1.175790      0.4319727      0.5521262    
        1600  0.8125000      0.6376250       1.181373      0.4343701      0.5396398    
        1800  0.8125000      0.6317500       1.168523      0.4290338      0.5331900    
        2000  0.8125000      0.6483125       1.224948      0.4211353      0.5368609    
        2200  0.8125000      0.6457500       1.229247      0.4250468      0.5461111    
        2400  0.8125000      0.6539375       1.189013      0.4241375      0.5350000    
        2600  0.8125000      0.6496250       1.178956      0.4285664      0.5659293    
        2800  0.8125000      0.6453125       1.167382      0.4304632      0.5497450    
        3000  0.8125000      0.6488750       1.216283      0.4310208      0.5493165    
        3200  0.8125000      0.6518750       1.187002      0.4346622      0.5529132    
        3400  0.8125000      0.6450625       1.235446      0.4280072      0.5391024    
        3600  0.8125000      0.6433125       1.203274      0.4289669      0.5644444    
        3800  0.8125000      0.6643750       1.196627      0.4303457      0.5427778    
        4000  0.8125000      0.6499375       1.250906      0.4253925      0.5405557    
        4200  0.8125000      0.6296250       1.205612      0.4262095      0.5367807    
        4400  0.8125000      0.6545625       1.123758      0.4240100      0.5477778    
        4600  0.8750000      0.7016250       1.191642      0.4105414      0.4931131    
        4800  0.8750000      0.7096875       1.217085      0.4123952      0.5251278    
        5000  0.8750000      0.7073125       1.261828      0.4135543      0.5266668    
        5200  0.8750000      0.6853125       1.162456      0.4143080      0.5176899    
        5400  0.9375000      0.6885625       1.226304      0.4063659      0.5073904    
        5600  0.9375000      0.7663750       1.381320      0.4048076      0.5427059    
        5800  0.9375000      0.7673125       1.379606      0.4008926      0.4848633    
        6000  0.9375000      0.7692500       1.449423      0.4006260      0.4887695    
        6200  0.9375000      0.7683125       1.388692      0.4005916      0.5059208    
        6400  0.9375000      0.7521875       1.403806      0.3987601      0.4906348    
        6600  0.9375000      0.7610000       1.396018      0.4017752      0.5140829    
        6800  0.9375000      0.7476875       1.382025      0.3988983      0.4741210    
        7000  0.9375000      0.7551875       1.362928      0.3991649      0.4857647    
        7200  0.9375000      0.7577500       1.408657      0.4054421      0.4947971    
        7400  0.9375000      0.7588750       1.394140      0.3994853      0.4990817    
        7600  0.9375000      0.7426875       1.405895      0.3992390      0.4936524    
        7800  0.9375000      0.7333125       1.381469      0.4037217      0.4926758    
        8000  0.9375000      0.7460625       1.421917      0.4047256      0.5000001    
        8200  0.9375000      0.7691875       1.399242      0.4026401      0.4995409    
        8400  0.9375000      0.7602500       1.384071      0.4007891      0.5020812    
        8600  0.9375000      0.7675625       1.372370      0.4046769      0.4848635    
        8800  0.9375000      0.7570000       1.381368      0.4022701      0.4923155    
        9000   1.000000      0.8073750       1.659059      0.3860186      0.4698230    
        9020   1.000000      0.8075625       1.678167      0.3832471      0.5100781    
        9040   1.000000      0.8073750       1.686320      0.3845008      0.4660240    
        9060   1.000000      0.8063125       1.677316      0.3839876      0.4526367    
        9080   1.000000      0.7866875       1.675998      0.3868198      0.4742882    
        9100   1.000000      0.8063125       1.700387      0.3852494      0.4802217    
        9120   1.000000      0.8001875       1.683337      0.3906496      0.4916753    
        9140   1.000000      0.7785625       1.661275      0.3931609      0.4907227    
        9160   1.000000      0.8003750       1.667140      0.3874566      0.4640968    
        9180   1.000000      0.8022500       1.689646      0.3867865      0.4724246    
        9200   1.000000      0.8040625       1.684444      0.3894237      0.4640999    
        9220   1.000000      0.8028125       1.697615      0.3889326      0.4710744    
        9240   1.000000      0.7881875       1.681845      0.3882470      0.4719162    
        9260   1.000000      0.7958125       1.692530      0.3925495      0.4819336    
        9280   1.000000      0.7996875       1.666049      0.3929551      0.4739854    
        9300   1.000000      0.8010000       1.664001      0.3958426      0.4741212    
        9320  0.9898499      0.8070502       1.527977      0.4111777      0.4885783    
        9340  0.9898499      0.7732757       1.508883      0.4101106      0.4979188    
        9360  0.9898499      0.7963173       1.529236      0.4134664      0.5116904    
        9380  0.9898499      0.7716123       1.510023      0.4114707      0.4918117    
        9400  0.9898499      0.7863312       1.517000      0.4138880      0.4965821    
        9420  0.9898499      0.7952005       1.526919      0.4123336      0.4916667    
        9440  0.9898499      0.7898909       1.522446      0.4114683      0.5004882    
        9460  0.9898499      0.7695872       1.506050      0.4125620      0.4926756    
        9480  0.9898499      0.7860435       1.517047      0.4160261      0.4854319    
        9500  0.9898499      0.7803380       1.518907      0.4143152      0.4877930    
        9520  0.9898499      0.7835531       1.513507      0.4146347      0.4960937    
        9540  0.9898499      0.7832560       1.520044      0.4165105      0.4923407    
        9560  0.9898499      0.7956476       1.524380      0.4145403      0.5104560    
        9580  0.9898499      0.7925187       1.525003      0.4135023      0.4923155    
        9600  0.9898499      0.7717969       1.509501      0.4146380      0.4933233    
        9620   1.000000      0.8040000       1.574256      0.4089542      0.4800000    
        9640   1.000000      0.8006250       1.601035      0.4091725      0.4897958    
        9660   1.000000      0.7823125       1.594943      0.4031654      0.4864723    
        9680   1.000000      0.8055625       1.619427      0.4026710      0.4822223    
        9700   1.000000      0.7941875       1.642118      0.3984743      0.4791914    
        9720   1.000000      0.7901250       1.650596      0.3996748      0.4907226    
        9740   1.000000      0.7945625       1.668841      0.3997965      0.5064248    
        9760   1.000000      0.8009375       1.672975      0.3976657      0.4822374    
        9780   1.000000      0.7886250       1.664348      0.3988647      0.4751827    
        9800   1.000000      0.7968750       1.664533      0.3941067      0.4770507    
        9820   1.000000      0.7705000       1.646741      0.3976642      0.4705557    
        9840   1.000000      0.7834375       1.684701      0.3955719      0.4628906    
        9860   1.000000      0.7778125       1.690465      0.3932312      0.4760742    
        9880   1.000000      0.7930625       1.712942      0.3941740      0.4703434    
        9900   1.000000      0.8018750       1.720686      0.3965483      0.4677735    
        9920   1.000000      0.7936250       1.721412      0.3969892      0.4812694    
        9940   1.000000      0.8026875       1.705188      0.4005236      0.4864724    
        9960   1.000000      0.7782500       1.688373      0.3988488      0.5036685    
        9980   1.000000      0.7930625       1.709306      0.3976102      0.4761250    
       10000   1.000000      0.7937500       1.702457      0.3997210      0.4782061    
       10020   1.000000      0.7680625       1.672891      0.4004026      0.4745057    
       10040   1.000000      0.7928750       1.710710      0.4009129      0.4833136    
       10060   1.000000      0.7786250       1.704126      0.3952551      0.4903582    
       10080   1.000000      0.8004375       1.707297      0.4002630      0.4923154    
       10100   1.000000      0.7915625       1.691472      0.3999838      0.4686391    
       10120   1.000000      0.7933125       1.677110      0.4008214      0.5004883    
       10140   1.000000      0.8004375       1.681173      0.3966668      0.4664830    
       10160   1.000000      0.7973125       1.664073      0.3957478      0.4819336    
       10180   1.000000      0.8050000       1.685089      0.3971727      0.4701437    
       10200   1.000000      0.7965000       1.682295      0.3964614      0.4651046    
       10220   1.000000      0.7918750       1.666330      0.3957331      0.4746036    
       10240   1.000000      0.7860000       1.672679      0.3974614      0.4812295    
       10260   1.000000      0.7977500       1.684668      0.3974451      0.4731446    
       10280   1.000000      0.7880625       1.678674      0.3954164      0.4729109    
       10300   1.000000      0.7910625       1.683917      0.3985299      0.4833507    
       10320   1.000000      0.7985625       1.700392      0.3988939      0.4750261    
       10340   1.000000      0.7900625       1.694447      0.3934869      0.4653319    
       10360   1.000000      0.8095000       1.695162      0.3940783      0.4842604    
       10380   1.000000      0.7915625       1.690572      0.3919957      0.4770432    
       10400   1.000000      0.7715625       1.677733      0.3905509      0.4696397    
       10420   1.000000      0.7921875       1.689074      0.3921629      0.4729448    
       10440   1.000000      0.8092500       1.704643      0.3892854      0.4965820    
       10460   1.000000      0.8025000       1.733160      0.3880463      0.4741748    
       10480   1.000000      0.8214375       1.723845      0.3906491      0.4711914    
       10500   1.000000      0.7993750       1.709594      0.3904393      0.4912658    
       10520   1.000000      0.7916250       1.679656      0.3946603      0.4797471    
       10540   1.000000      0.7801875       1.677382      0.3931246      0.4651404    
       10560   1.000000      0.7914375       1.683300      0.3946376      0.4726563    
       10580   1.000000      0.7889375       1.662574      0.3932141      0.4691358    
       10600   1.000000      0.8069375       1.680610      0.3952607      0.4818934    
       10620   1.000000      0.8011250       1.692406      0.3979624      0.4965398    
       10640   1.000000      0.7876250       1.687816      0.3957786      0.4747928    
       10660   1.000000      0.7845625       1.678231      0.3927763      0.4756867    
       10680   1.000000      0.7954375       1.703399      0.3926688      0.4672189    
       10700   1.000000      0.7980625       1.698790      0.3957846      0.4750260    
       10720   1.000000      0.7808125       1.690536      0.3908594      0.4780273    
       10740   1.000000      0.7936250       1.716507      0.3942841      0.4706152    
       10760   1.000000      0.7816250       1.693259      0.3942390      0.4848633    
       10780   1.000000      0.8116875       1.722588      0.3918628      0.4823668    
