          20  0.7500000      0.6298125       2.468830      0.3676367      0.4753086    
          40  0.8750000      0.7930000       2.257228      0.4029104      0.5461035    
          60  0.8125000      0.7224375       1.978284      0.4227891      0.4943213    
          80  0.8750000      0.8218750       1.746795      0.4251555      0.5056689    
         100  0.8125000      0.7333125       1.974400      0.4117388      0.5065398    
         120  0.8750000      0.8006250       2.199055      0.4094139      0.5044445    
         140  0.8125000      0.7156875       2.089017      0.3971835      0.4748513    
         160  0.8750000      0.8303125       1.780010      0.4188263      0.5407985    
         180  0.8750000      0.7712500       1.633579      0.4014959      0.4896194    
         200  0.8750000      0.8181250       1.763907      0.4080932      0.5037499    
         220  0.8750000      0.7742500       1.822756      0.4076322      0.4965278    
         240  0.8750000      0.8146250       1.878351      0.4146207      0.5094646    
         260  0.8750000      0.7405625       1.910387      0.3725136      0.4978584    
         280  0.8750000      0.8135000       1.721428      0.4451334      0.5348595    
         300  0.8750000      0.7915000       1.361274      0.4123359      0.5237603    
         320  0.8750000      0.8138125       1.851381      0.4462910      0.5294785    
         340  0.8750000      0.7785000       1.641044      0.4172497      0.5075446    
         360  0.9375000      0.8701875       1.884284      0.4291862      0.5370370    
         380  0.8750000      0.8053750       1.731944      0.4455909      0.5272803    
         400  0.9375000      0.8861875       1.774474      0.4394101      0.5352000    
         420  0.8750000      0.7425000       1.866524      0.4151355      0.5337499    
         440  0.9375000      0.9003750       1.663767      0.4431612      0.5053862    
         460  0.8750000      0.7900000       1.670316      0.4290860      0.5000001    
         480   1.000000      0.8608125       1.652470      0.4699239      0.5553718    
         500  0.9375000      0.7917500       1.553150      0.4337455      0.5548945    
         520   1.000000      0.8968750       1.765914      0.4647416      0.5506040    
         540  0.8750000      0.8128750       1.494969      0.4278500      0.5287500    
         560   1.000000      0.8993750       1.712040      0.4418975      0.5351742    
         580   1.000000      0.8030000       1.623072      0.4394458      0.5509886    
         600   1.000000      0.9433125       1.686097      0.4625927      0.5560331    
         620   1.000000      0.7917500       1.502167      0.4349497      0.5272000    
         640   1.000000      0.8387500       1.703336      0.4487297      0.5699434    
         660  0.9375000      0.7883750       1.402076      0.3915728      0.5092975    
         680  0.9375000      0.8357500       1.667489      0.4216168      0.5166205    
         700  0.8750000      0.8046875       1.604382      0.4329079      0.5338542    
         720   1.000000      0.8393750       1.657737      0.4458968      0.5259516    
         740  0.8750000      0.8007500       1.549667      0.4154034      0.5154960    
         760   1.000000      0.8265625       1.802717      0.4270772      0.5204937    
         780  0.8750000      0.8053750       1.591080      0.4038256      0.5224446    
         800  0.8750000      0.8206250       1.770642      0.4355620      0.5885417    
         820  0.8750000      0.7958750       1.658218      0.4004285      0.5022676    
         840   1.000000      0.8225625       1.832006      0.4462821      0.5397924    
         860  0.8750000      0.7962500       1.503542      0.4156815      0.5322783    
         880   1.000000      0.8419375       1.830489      0.4541748      0.5459438    
         900  0.8750000      0.8023125       1.736649      0.4433473      0.5432000    
         920   1.000000      0.8313125       1.746342      0.4374288      0.5362500    
         940  0.8750000      0.8073125       1.739045      0.3979295      0.5658669    
         960   1.000000      0.8421875       1.779204      0.4401841      0.5642722    
         980  0.8750000      0.8011875       1.667719      0.4240711      0.5245746    
        1000   1.000000      0.9228125       1.656695      0.4498408      0.5389422    
        1020  0.8750000      0.7957500       1.667495      0.4271477      0.5125926    
        1040   1.000000      0.9403750       1.710209      0.4385243      0.5272000    
        1060  0.8750000      0.8038750       1.537163      0.4255606      0.4984568    
        1080   1.000000      0.9043750       1.866509      0.4479802      0.5294445    
        1100  0.8750000      0.8011250       1.608002      0.4375827      0.5501235    
        1120   1.000000      0.8778125       1.847930      0.4437110      0.5467128    
        1140   1.000000      0.8024375       1.792553      0.4558130      0.5619754    
        1160   1.000000      0.9245625       1.519023      0.4910872      0.5736001    
        1180   1.000000      0.8544375       1.394550      0.4583673      0.5509259    
        1200   1.000000      0.8813125       1.849683      0.4591829      0.5482507    
        1220   1.000000      0.8220625       1.583066      0.4591143      0.5287499    
        1240   1.000000      0.9441250       1.558909      0.4624526      0.5835798    
        1260   1.000000      0.9147500       1.323496      0.4728333      0.5338542    
        1280   1.000000      0.9255625       1.449421      0.4878856      0.5619754    
        1300   1.000000      0.8523125       1.428489      0.4604283      0.5410156    
        1320   1.000000      0.9291875       1.384216      0.4811207      0.5547107    
        1340   1.000000      0.8149375       1.498658      0.4506846      0.5467128    
        1360   1.000000      0.9373750       1.436156      0.4600883      0.5589337    
        1380   1.000000      0.8625625       1.327209      0.4682079      0.5386695    
        1400   1.000000      0.9295625       1.382401      0.4730017      0.5513806    
        1420   1.000000      0.9133125       1.162900      0.4742562      0.5338542    
        1440   1.000000      0.9276250       1.474497      0.4894562      0.5735999    
        1460   1.000000      0.8225625       1.555430      0.4468007      0.5498866    
        1480   1.000000      0.9150625       1.522961      0.4921973      0.5513807    
        1500   1.000000      0.8173750       1.382800      0.4509631      0.5461018    
        1520   1.000000      0.9391875       1.347198      0.4919434      0.5682397    
        1540  0.8750000      0.7559375       1.737651      0.4253179      0.5338542    
        1560   1.000000      0.9143750       1.436295      0.5041800      0.5880177    
        1580   1.000000      0.8411250       1.517194      0.4624107      0.5432000    
        1600   1.000000      0.9317500       1.399693      0.4998784      0.5667050    
        1620   1.000000      0.8554375       1.299480      0.4494439      0.5389649    
        1640   1.000000      0.9216875       1.367303      0.5033493      0.5736001    
        1660   1.000000      0.8143750       1.369095      0.4508297      0.5237604    
        1680   1.000000      0.9023750       1.442766      0.4735794      0.5835800    
        1700   1.000000      0.8276875       1.512279      0.4549763      0.5223215    
        1720   1.000000      0.8605000       1.709631      0.4561299      0.5534979    
        1740   1.000000      0.8024375       1.406009      0.4425137      0.5166205    
        1760   1.000000      0.8820625       1.677118      0.4500533      0.5214498    
        1780  0.8750000      0.7843750       1.877962      0.4281246      0.5381085    
        1800  0.9375000      0.8337500       1.736205      0.4459156      0.5466393    
        1820  0.8750000      0.7878750       1.686555      0.4224769      0.5392012    
        1840   1.000000      0.9521875       1.537474      0.4465087      0.5645162    
        1860  0.8750000      0.7411250       1.837128      0.4035639      0.5140532    
        1880   1.000000      0.8258125       1.810985      0.4280381      0.5364432    
        1900  0.8750000      0.8205625       1.473709      0.4184815      0.5535999    
        1920   1.000000      0.8370000       1.723731      0.4442929      0.5560147    
        1940  0.8750000      0.8095625       1.530992      0.4401179      0.5166204    
        1960   1.000000      0.8276250       1.692610      0.4501496      0.5441376    
        1980  0.8750000      0.8061250       1.455902      0.4345700      0.5355904    
        2000  0.8750000      0.8118750       1.859093      0.4538081      0.5427294    
        2020  0.8750000      0.7979375       1.328346      0.4017510      0.5127551    
        2040  0.9375000      0.8238125       1.771938      0.4425834      0.5619755    
        2060  0.8750000      0.8065625       1.615990      0.4299075      0.5416001    
        2080   1.000000      0.8488125       1.819692      0.4411480      0.5362812    
        2100  0.8750000      0.8081250       1.751325      0.4418907      0.5207940    
        2120  0.9375000      0.8316250       1.769627      0.4539091      0.5609505    
        2140  0.9375000      0.8130625       1.644135      0.4433464      0.5547519    
        2160  0.9375000      0.8329375       1.777950      0.4375721      0.5451183    
        2180  0.8750000      0.7848750       1.743100      0.4236218      0.5278407    
        2200  0.8750000      0.8213750       1.773465      0.4437710      0.5467769    
        2220   1.000000      0.8068125       1.501331      0.4250693      0.5094646    
        2240  0.9375000      0.8255625       1.720870      0.4495873      0.5537501    
        2260  0.8750000      0.8065000       1.758005      0.4226058      0.5223213    
        2280   1.000000      0.8173750       1.919211      0.4452083      0.5415999    
        2300  0.8750000      0.8105000       1.661462      0.4295252      0.5147855    
        2320  0.9375000      0.8851250       1.720307      0.4479159      0.5676777    
        2340   1.000000      0.8191875       1.462491      0.4528600      0.5415513    
        2360  0.9375000      0.8336875       1.727605      0.4376632      0.5573554    
        2380   1.000000      0.8193125       1.456548      0.4359343      0.5328000    
        2400  0.9375000      0.8861250       1.846566      0.4274841      0.5204939    
        2420  0.8750000      0.7608125       1.899932      0.4168224      0.5086420    
        2440  0.9375000      0.8939375       1.815313      0.4144125      0.4835069    
        2460  0.8750000      0.7501250       2.001885      0.4297003      0.5392000    
        2480  0.9375000      0.8968125       1.813235      0.4376513      0.5178571    
        2500   1.000000      0.7828125       1.781522      0.4446802      0.5162500    
        2520  0.9375000      0.8985000       1.711572      0.4413065      0.5322782    
        2540   1.000000      0.7950000       1.679765      0.4469296      0.5609504    
        2560  0.9375000      0.8241250       1.744283      0.4404044      0.5384001    
        2580   1.000000      0.8117500       1.450261      0.4355124      0.5224001    
        2600  0.8750000      0.8205625       1.902007      0.4488674      0.5575999    
        2620  0.8750000      0.8056875       1.558894      0.4392767      0.5014578    
        2640  0.8750000      0.8188750       1.924804      0.4353299      0.5539359    
        2660  0.8750000      0.7740000       1.940486      0.4195182      0.5075446    
        2680  0.8750000      0.8219375       1.872283      0.4192336      0.5371093    
        2700  0.8750000      0.7904375       1.610192      0.4299454      0.5381944    
        2720   1.000000      0.8093125       1.968556      0.4390658      0.5501235    
        2740  0.8750000      0.7823125       1.651173      0.4094982      0.5441974    
        2760  0.8750000      0.8105000       1.883469      0.4475908      0.5466393    
        2780  0.8750000      0.7378125       1.836504      0.4247039      0.4989587    
        2800  0.8750000      0.8045000       1.981664      0.4429710      0.5378071    
        2820  0.8750000      0.7326250       1.754821      0.4235606      0.5127551    
        2840  0.8750000      0.8240625       1.699665      0.4306017      0.5244446    
        2860  0.8750000      0.7480625       1.750615      0.4213345      0.5207940    
        2880  0.8750000      0.8345625       1.959451      0.3938434      0.5074971    
        2900  0.8750000      0.7483125       1.801735      0.3631785      0.4589843    
        2920   1.000000      0.8241250       1.977187      0.4107055      0.5263158    
        2940  0.8125000      0.7321250       1.570691      0.4098589      0.5160523    
        2960  0.9375000      0.8325000       1.885002      0.4208163      0.5325444    
        2980   1.000000      0.8015000       1.694737      0.4275751      0.5040175    
        3000   1.000000      0.8618125       1.795010      0.4294834      0.5184948    
        3020  0.8750000      0.7910625       1.664467      0.4389641      0.5273483    
        3040  0.9375000      0.8893750       1.886394      0.4230497      0.5016001    
        3060  0.8750000      0.7691875       1.713211      0.4447455      0.5386696    
        3080  0.9375000      0.8885000       1.725258      0.4412093      0.5264650    
        3100  0.8750000      0.7523125       1.797264      0.4380787      0.5468751    
        3120  0.9375000      0.9019375       1.679176      0.4184409      0.5356103    
        3140  0.8750000      0.7272500       2.084709      0.4173485      0.5557852    
        3160  0.9375000      0.8971875       1.919795      0.4191711      0.4921876    
        3180  0.8750000      0.7328750       2.186331      0.4160696      0.5355903    
        3200   1.000000      0.8476875       1.903623      0.4260154      0.5204937    
        3220  0.8750000      0.7958125       1.791082      0.4414820      0.5359169    
        3240   1.000000      0.9321250       1.494480      0.4645556      0.5534980    
        3260  0.8750000      0.8093750       1.270228      0.4030861      0.5168000    
        3280   1.000000      0.8703125       1.678347      0.4581150      0.5507545    
        3300  0.8750000      0.8183125       1.293354      0.4145488      0.5431999    
        3320   1.000000      0.9259375       1.645498      0.4633121      0.5347632    
        3340  0.8750000      0.8045625       1.299000      0.4381433      0.5278407    
        3360  0.9375000      0.8315625       1.669480      0.4483008      0.5525099    
        3380  0.8750000      0.7791875       1.673996      0.4159834      0.5322782    
        3400  0.8750000      0.8201250       1.767756      0.4431221      0.5425240    
        3420  0.8750000      0.7928750       1.450672      0.4156387      0.5086420    
        3440  0.8750000      0.8241250       1.601098      0.4552483      0.5355904    
        3460  0.8750000      0.7453125       1.773512      0.3902878      0.5158728    
        3480  0.8750000      0.8201875       1.714590      0.4127499      0.5282570    
        3500  0.8750000      0.7792500       1.531045      0.3886463      0.4939609    
        3520  0.8750000      0.8245000       1.806621      0.4379324      0.5705956    
        3540  0.8750000      0.8036875       1.390980      0.4400238      0.5292968    
        3560   1.000000      0.8190625       1.992571      0.4452355      0.5589412    
        3580  0.8750000      0.7910625       1.684219      0.4303909      0.5031999    
        3600   1.000000      0.8696875       1.789536      0.4360338      0.5362501    
        3620  0.8750000      0.8023125       1.459543      0.4216354      0.5246876    
        3640   1.000000      0.8939375       1.632312      0.4424689      0.5436370    
        3660  0.8750000      0.8029375       1.525820      0.4562955      0.5305567    
        3680   1.000000      0.8985625       1.712933      0.4555114      0.5440051    
        3700  0.9375000      0.7953125       1.589185      0.4392492      0.5540124    
        3720   1.000000      0.8711875       1.701063      0.4629731      0.5772594    
        3740  0.8750000      0.7522500       1.769419      0.4350469      0.5642093    
        3760   1.000000      0.8950000       1.731431      0.4239662      0.5077686    
        3780  0.8750000      0.7377500       2.080727      0.4202619      0.5351743    
        3800   1.000000      0.8528125       1.856165      0.4203666      0.5649384    
        3820  0.8750000      0.8021875       1.350592      0.4094594      0.5079221    
        3840  0.9375000      0.8753125       1.724072      0.4138282      0.5104132    
        3860  0.8750000      0.7596875       1.689631      0.4384238      0.5233400    
        3880  0.9375000      0.8731250       1.770660      0.4263661      0.5148728    
        3900  0.8750000      0.7669375       1.884385      0.4213100      0.5328719    
        3920   1.000000      0.8845625       1.754933      0.4271660      0.5506039    
        3940  0.8750000      0.7638125       2.052693      0.4150925      0.5204700    
        3960   1.000000      0.8743750       1.753238      0.4108418      0.5233136    
        3980  0.8750000      0.7805000       1.703646      0.4098568      0.5178572    
        4000   1.000000      0.9135000       1.609191      0.4471964      0.5350837    
        4020  0.8750000      0.7955625       1.495660      0.4313728      0.5169759    
        4040   1.000000      0.8957500       1.640497      0.4395776      0.5106207    
        4060  0.8750000      0.7995000       1.485029      0.4410442      0.5609503    
        4080   1.000000      0.8391250       1.646348      0.4467367      0.5581597    
        4100  0.8750000      0.7904375       1.594947      0.4297879      0.5363511    
        4120   1.000000      0.8211875       1.790761      0.4521046      0.5356101    
        4140  0.8750000      0.7868750       1.570397      0.4631276      0.5406805    
        4160  0.9375000      0.8255625       1.645504      0.4501315      0.5383999    
        4180  0.8750000      0.8020000       1.276149      0.4009296      0.5132325    
        4200  0.8750000      0.8049375       1.681698      0.4240697      0.5364432    
        4220  0.8750000      0.7315625       1.806286      0.4081539      0.5080000    
        4240   1.000000      0.8066250       1.812493      0.4415038      0.5456059    
        4260  0.8750000      0.7919375       1.416127      0.4257262      0.5465977    
        4280  0.8750000      0.8100000       1.653635      0.4718013      0.5772594    
        4300  0.8750000      0.7910000       1.640045      0.4176036      0.5257002    
        4320  0.8750000      0.8227500       1.620630      0.4409654      0.5559762    
        4340  0.8750000      0.7759375       1.602253      0.4056217      0.5169753    
        4360  0.8750000      0.8190000       1.690322      0.4362893      0.5397924    
        4380  0.8750000      0.8033750       1.517304      0.4382370      0.5389421    
        4400   1.000000      0.8329375       1.832405      0.4442168      0.5480769    
        4420  0.8750000      0.8001250       1.560087      0.4355936      0.5154958    
        4440   1.000000      0.9083750       1.713976      0.4277119      0.5134297    
        4460  0.8750000      0.7926875       1.428321      0.4063033      0.5203305    
        4480  0.8750000      0.8224375       1.770118      0.4576887      0.5576923    
        4500   1.000000      0.7906250       1.830809      0.4251810      0.5081361    
        4520   1.000000      0.8653125       1.784101      0.4475221      0.5517978    
        4540  0.8750000      0.8045000       1.650007      0.4149646      0.4951941    
        4560   1.000000      0.8450625       1.716797      0.4360743      0.5224445    
        4580  0.8750000      0.8007500       1.646844      0.4189702      0.5094644    
        4600   1.000000      0.8121875       1.856236      0.4425458      0.5498865    
        4620  0.8750000      0.8012500       1.604697      0.4364705      0.5462500    
        4640   1.000000      0.8178750       1.801093      0.4466178      0.5498867    
        4660  0.8750000      0.7986875       1.653194      0.4216441      0.5278406    
        4680  0.8750000      0.8250000       1.712214      0.4434932      0.5459440    
        4700  0.8750000      0.7986250       1.577280      0.4188769      0.5402893    
        4720   1.000000      0.8441250       1.810114      0.4547598      0.5589570    
        4740  0.8750000      0.7968750       1.466024      0.4121522      0.5278406    
        4760   1.000000      0.8277500       1.858824      0.4349343      0.5619754    
        4780  0.8750000      0.7989375       1.540273      0.3956089      0.5041322    
        4800  0.8750000      0.8320625       1.666950      0.4485337      0.5244704    
        4820  0.8750000      0.7731875       1.638982      0.4011188      0.5110947    
        4840   1.000000      0.8131875       1.913098      0.4404167      0.5348595    
        4860  0.8750000      0.7859375       1.654677      0.4369201      0.5272000    
        4880   1.000000      0.8354375       1.834929      0.4466218      0.5672637    
        4900  0.8750000      0.8046875       1.294827      0.4043392      0.5079222    
        4920  0.9375000      0.8447500       2.048512      0.4379229      0.5502040    
        4940  0.8750000      0.7553750       1.995813      0.4258305      0.5449233    
        4960   1.000000      0.8879375       2.269253      0.4267618      0.4984568    
        4980  0.8750000      0.7961875       1.725213      0.4386546      0.5245746    
        5000  0.9375000      0.8608125       1.693510      0.4387309      0.5303820    
        5020  0.8750000      0.7578125       1.790760      0.4382387      0.5245746    
        5040  0.9375000      0.8889375       2.175867      0.4261184      0.5007396    
        5060   1.000000      0.7810625       1.740727      0.4353494      0.5389648    
        5080  0.9375000      0.8400625       1.838728      0.4279537      0.5437240    
        5100  0.8750000      0.7941875       1.398561      0.3957086      0.4806094    
        5120  0.8750000      0.8107500       2.007902      0.4186204      0.5308642    
        5140  0.8750000      0.7973125       1.607148      0.3916451      0.4936564    
        5160  0.8750000      0.8241875       1.661320      0.4356789      0.5885417    
        5180  0.8750000      0.7968125       1.503540      0.3979567      0.5178813    
        5200  0.9375000      0.8150000       1.775995      0.4425228      0.5603028    
        5220  0.8750000      0.7920000       1.660394      0.3936541      0.5082304    
        5240  0.8750000      0.8163125       1.773487      0.4361471      0.5468749    
        5260  0.8750000      0.8020625       1.586032      0.3855346      0.5010957    
        5280  0.8750000      0.8151250       1.724117      0.4263686      0.5337501    
        5300  0.8750000      0.7976875       1.392707      0.3986838      0.5338542    
        5320  0.8750000      0.8179375       1.769596      0.4325975      0.5431999    
        5340  0.8750000      0.7883750       1.678375      0.3994894      0.5127550    
        5360  0.8750000      0.8116875       1.821003      0.4324443      0.5540123    
        5380  0.8750000      0.7318125       1.867042      0.4156720      0.5238094    
        5400  0.8750000      0.8273750       1.814001      0.4259663      0.5293827    
        5420  0.8750000      0.7659375       1.718441      0.3883747      0.5212501    
        5440  0.8750000      0.8191875       1.688284      0.4424368      0.5518367    
        5460  0.8750000      0.8095000       1.479962      0.4162891      0.5127551    
        5480  0.8750000      0.8230000       1.652499      0.4419067      0.5521542    
        5500  0.8750000      0.7486250       1.810551      0.4042090      0.5212499    
        5520  0.8750000      0.8120625       1.756451      0.4369253      0.5609418    
        5540  0.8750000      0.7330625       1.785710      0.4163767      0.5312499    
        5560  0.8750000      0.8292500       1.743055      0.4296716      0.5283555    
        5580   1.000000      0.7943125       1.361634      0.4450442      0.5204938    
        5600  0.8750000      0.8313750       1.593735      0.4436112      0.5348594    
        5620  0.8750000      0.7973125       1.508367      0.4162757      0.5092975    
        5640  0.8750000      0.8301875       1.653324      0.4402121      0.5356102    
        5660   1.000000      0.8327500       1.482927      0.4580973      0.5154960    
        5680  0.9375000      0.8950625       1.735415      0.4329413      0.5118344    
        5700  0.8750000      0.7878125       1.770956      0.4343762      0.5258876    
        5720   1.000000      0.8301250       1.704095      0.4388695      0.5389421    
        5740  0.8750000      0.8195625       1.448749      0.4135270      0.5223215    
        5760   1.000000      0.8150000       1.785334      0.4393006      0.5355903    
        5780  0.8750000      0.7825625       1.877843      0.3828645      0.4891975    
        5800  0.8750000      0.8142500       1.840759      0.4401800      0.5318559    
        5820  0.8750000      0.8011250       1.479453      0.4362077      0.5115056    
        5840   1.000000      0.8232500       1.779447      0.4477430      0.5501235    
        5860  0.8750000      0.7950000       1.673230      0.4073411      0.5051379    
        5880   1.000000      0.8168750       1.779605      0.4465503      0.5290273    
        5900  0.8750000      0.7970625       1.611516      0.4310748      0.5416000    
        5920  0.8750000      0.8158125       1.810568      0.4565900      0.5299586    
        5940  0.8750000      0.7964375       1.596607      0.4421206      0.5436390    
        5960  0.8750000      0.8218750       1.622767      0.4440643      0.5586011    
        5980  0.8750000      0.8006875       1.522285      0.4410546      0.5032000    
        6000  0.8750000      0.8130000       1.697880      0.4548956      0.5600000    
        6020  0.8750000      0.7948750       1.572682      0.4375584      0.4921581    
        6040  0.9375000      0.8116250       1.779285      0.4476060      0.5289345    
        6060  0.8750000      0.7988750       1.571005      0.4237919      0.5112139    
        6080   1.000000      0.8181875       1.715136      0.4437669      0.5569527    
        6100  0.8750000      0.7970625       1.589266      0.4242936      0.5272847    
        6120   1.000000      0.8260625       1.829513      0.4473581      0.5389649    
        6140  0.8750000      0.7955625       1.409016      0.4338921      0.5204938    
        6160   1.000000      0.8373125       1.824589      0.4448605      0.5437240    
        6180  0.8750000      0.8023750       1.542270      0.4348058      0.5134299    
        6200   1.000000      0.9334375       1.649218      0.4318490      0.5264651    
        6220  0.8750000      0.8126250       1.410988      0.4189540      0.5182101    
        6240   1.000000      0.8763125       1.994811      0.4286212      0.5362812    
        6260  0.8750000      0.7924375       1.426480      0.3989792      0.5022676    
        6280  0.9375000      0.8230000       1.736370      0.3908028      0.5000000    
        6300  0.8750000      0.7838125       2.136262      0.3932760      0.5287501    
        6320   1.000000      0.8270000       1.947961      0.4509653      0.5554017    
        6340  0.8750000      0.7956250       1.623359      0.4076739      0.5030990    
        6360   1.000000      0.8220000       1.721635      0.4419763      0.5498866    
        6380  0.8750000      0.8137500       1.603469      0.4300867      0.5281206    
        6400  0.9375000      0.8196250       1.786680      0.4479239      0.5588843    
        6420   1.000000      0.8163125       1.614259      0.4399897      0.5389648    
        6440  0.9375000      0.8449375       1.738795      0.4433219      0.5658669    
        6460  0.8750000      0.8100625       1.682537      0.4293287      0.5278406    
        6480  0.8750000      0.8186875       1.800758      0.4367252      0.5507671    
        6500  0.8750000      0.8150625       1.564396      0.4214243      0.5030992    
        6520  0.8750000      0.8202500       1.803344      0.4381506      0.5305569    
        6540   1.000000      0.8082500       1.727015      0.4265552      0.5190972    
        6560  0.9375000      0.8300000       1.669132      0.4467544      0.5588842    
        6580   1.000000      0.8184375       1.522584      0.4446705      0.5154960    
        6600  0.8750000      0.8287500       1.705465      0.4568569      0.5658671    
        6620   1.000000      0.8003125       1.790125      0.4457397      0.5416000    
        6640   1.000000      0.8618750       1.664100      0.4606536      0.5651672    
        6660   1.000000      0.8630625       1.359993      0.4439693      0.5444061    
        6680   1.000000      0.8722500       1.800700      0.4611291      0.5548697    
        6700  0.8750000      0.8055000       1.495607      0.4101701      0.5451184    
        6720   1.000000      0.8646875       1.634137      0.4446860      0.5406805    
        6740  0.8750000      0.7908750       1.574639      0.4307664      0.5439658    
        6760   1.000000      0.8656875       1.632696      0.4463225      0.5495563    
        6780   1.000000      0.8176250       1.642766      0.4476462      0.5272000    
        6800  0.9375000      0.8506250       1.791697      0.4383462      0.5588429    
        6820  0.8750000      0.8143750       1.647522      0.4520580      0.5207940    
        6840   1.000000      0.9048125       1.806625      0.4402705      0.5507545    
        6860   1.000000      0.8063750       1.655980      0.4434230      0.5126378    
        6880   1.000000      0.8532500       1.673293      0.4438515      0.5498868    
        6900   1.000000      0.8071250       1.560450      0.4368447      0.5204939    
        6920   1.000000      0.9291875       1.673797      0.4439895      0.5278406    
        6940  0.8750000      0.7822500       1.562930      0.4035203      0.5264650    
        6960   1.000000      0.8481250       1.648921      0.4341245      0.5646137    
        6980   1.000000      0.7965625       1.654179      0.4625038      0.5620914    
        7000  0.8750000      0.8165000       1.920944      0.4489365      0.5416000    
        7020  0.8750000      0.8085000       1.593921      0.4141428      0.4848980    
        7040  0.8750000      0.8188750       1.797875      0.4506442      0.5406805    
        7060  0.8750000      0.7857500       1.420336      0.4006319      0.5509259    
        7080  0.8750000      0.8180000       1.666770      0.4342932      0.5312501    
        7100  0.8750000      0.8023750       1.394998      0.4095198      0.4948348    
        7120  0.9375000      0.8175625       1.752515      0.4448483      0.5512154    
        7140  0.8750000      0.7803750       1.588661      0.4365054      0.5090350    
        7160   1.000000      0.8143125       1.850921      0.4310490      0.5278405    
        7180  0.8750000      0.7910625       1.653588      0.3835951      0.5175621    
        7200  0.8750000      0.8150000       1.736854      0.4513744      0.5643492    
        7220  0.8750000      0.7906250       1.409071      0.4004483      0.5160524    
        7240  0.8750000      0.8142500       1.883908      0.4429782      0.5432001    
        7260   1.000000      0.7920000       1.609941      0.4393532      0.5272109    
        7280  0.8750000      0.8334375       1.592474      0.4507535      0.5362500    
        7300  0.8750000      0.8003125       1.630250      0.4453183      0.5137174    
        7320   1.000000      0.8218125       1.866791      0.4432510      0.5425348    
        7340   1.000000      0.7996875       1.517468      0.4162745      0.5272847    
        7360   1.000000      0.8223750       1.797531      0.4481071      0.5588844    
        7380  0.8750000      0.7975000       1.624734      0.4344819      0.5212500    
        7400  0.8750000      0.8193125       1.718209      0.4411254      0.5389419    
        7420  0.9375000      0.8111250       1.665087      0.4218760      0.5166205    
        7440  0.8750000      0.8196875       1.767618      0.4394152      0.5537499    
        7460  0.8750000      0.8042500       1.680778      0.4192275      0.5192000    
        7480  0.9375000      0.8724375       1.877603      0.4214813      0.5245747    
        7500  0.8750000      0.8048750       1.648077      0.4529408      0.5204939    
        7520   1.000000      0.9103750       1.426239      0.4807356      0.5735999    
        7540   1.000000      0.8676875       1.530460      0.4502038      0.5207939    
        7560   1.000000      0.8624375       1.629800      0.4464481      0.5513807    
        7580   1.000000      0.8006250       1.574025      0.4481885      0.5245748    
        7600   1.000000      0.9275000       1.472543      0.4552697      0.5451183    
        7620   1.000000      0.8040625       1.490563      0.4265632      0.5285996    
        7640   1.000000      0.9257500       1.652798      0.4394372      0.5547107    
        7660  0.8750000      0.7996875       1.327270      0.4105754      0.5134298    
        7680   1.000000      0.8246250       1.731575      0.4404812      0.5501235    
        7700  0.8750000      0.8094375       1.453687      0.4117393      0.5335999    
        7720   1.000000      0.9316875       1.578266      0.4592468      0.5377218    
        7740  0.8750000      0.7937500       1.672295      0.4107765      0.5144628    
        7760  0.9375000      0.8889375       1.761263      0.4127510      0.4984568    
        7780  0.8750000      0.7884375       1.530638      0.4313881      0.5320000    
        7800   1.000000      0.8272500       1.764206      0.4501275      0.5513808    
        7820   1.000000      0.8144375       1.639329      0.4345195      0.5096002    
        7840  0.8750000      0.8203750       1.806341      0.4394878      0.5384001    
        7860  0.8750000      0.8152500       1.618083      0.4623618      0.5226759    
        7880  0.9375000      0.8921250       1.880927      0.4323620      0.5051240    
        7900  0.8750000      0.7673125       1.793244      0.4411912      0.5166206    
        7920   1.000000      0.8645000       1.852651      0.4474926      0.5437240    
        7940  0.8750000      0.7519375       1.996233      0.3947150      0.4989670    
        7960  0.9375000      0.8960625       1.952918      0.4127189      0.4861592    
        7980  0.8125000      0.7131875       2.229449      0.4022154      0.5160697    
        8000  0.9375000      0.8909375       2.125710      0.3899136      0.4827341    
        8020  0.8750000      0.7260625       2.314302      0.3874362      0.5106384    
        8040  0.9375000      0.8863750       1.928801      0.4068038      0.5074971    
        8060  0.8750000      0.7613750       1.799380      0.3925807      0.5066667    
        8080  0.9375000      0.8320625       1.695438      0.4305760      0.5303704    
        8100  0.8750000      0.7948750       1.637668      0.3998720      0.5110946    
        8120  0.8750000      0.8250625       1.743234      0.4356741      0.5237604    
        8140  0.8750000      0.7931250       1.623625      0.4118112      0.5251364    
        8160   1.000000      0.8290625       1.766488      0.4370092      0.5386695    
        8180   1.000000      0.8161875       1.220781      0.4268434      0.5305568    
        8200  0.8750000      0.8256250       1.700858      0.4354901      0.5642723    
        8220  0.8750000      0.8126875       1.545653      0.4053891      0.5278406    
        8240  0.8750000      0.8313125       1.694422      0.4504870      0.5544000    
        8260  0.8750000      0.7929375       1.597179      0.4014935      0.5000001    
        8280  0.9375000      0.8300000       1.675111      0.4409741      0.5355904    
        8300  0.8750000      0.7531250       1.756957      0.3897614      0.5480769    
        8320  0.8750000      0.8216250       1.719003      0.4357586      0.5415999    
        8340  0.8750000      0.7459375       1.675511      0.3977101      0.5182101    
        8360   1.000000      0.8325000       1.661395      0.4270132      0.5260299    
        8380  0.8750000      0.8001250       1.681820      0.4329597      0.5311909    
        8400  0.9375000      0.8161250       1.808187      0.4355497      0.5554733    
        8420  0.8750000      0.7802500       1.587051      0.4262649      0.5548945    
        8440   1.000000      0.8568125       1.868303      0.4383191      0.5289346    
        8460  0.8750000      0.7912500       1.673191      0.4025247      0.5362810    
        8480  0.8750000      0.8276250       1.584269      0.4484273      0.5217013    
        8500  0.8750000      0.7778750       1.812699      0.3996454      0.5044214    
        8520   1.000000      0.8233125       1.709593      0.4320680      0.5344388    
        8540  0.8750000      0.7908125       1.741501      0.4170041      0.5251736    
        8560  0.9375000      0.8500625       1.878752      0.4312643      0.5303704    
        8580  0.9375000      0.7718125       1.643061      0.4253928      0.5051379    
        8600  0.9375000      0.8332500       1.774976      0.4312209      0.5362812    
        8620   1.000000      0.8113750       1.551534      0.4397810      0.5170133    
        8640   1.000000      0.8955625       1.675967      0.4441876      0.5495561    
        8660   1.000000      0.8185625       1.317013      0.4254909      0.5495562    
        8680   1.000000      0.9325000       1.390404      0.4734989      0.5784023    
        8700   1.000000      0.8255000       1.483420      0.4549370      0.5427296    
        8720   1.000000      0.9066250       1.428102      0.4777618      0.5607880    
        8740   1.000000      0.8340625       1.536965      0.4555527      0.5349717    
        8760   1.000000      0.9243125       1.400237      0.5146365      0.5905350    
        8780   1.000000      0.8135625       1.393872      0.4315405      0.5415878    
        8800   1.000000      0.9225625       1.537824      0.4642095      0.5598958    
        8820   1.000000      0.9173750       1.306377      0.4664640      0.5278406    
        8840   1.000000      0.9347500       1.479778      0.4889727      0.5736000    
        8860   1.000000      0.8145000       1.467424      0.4546916      0.5416001    
        8880   1.000000      0.9368125       1.647617      0.4614365      0.5600476    
        8900   1.000000      0.8161875       1.826503      0.3984538      0.5318048    
        8920   1.000000      0.9315000       1.365865      0.4893184      0.5661111    
        8940   1.000000      0.8824375       1.127901      0.4700789      0.5303819    
        8960  0.8750000      0.8206250       1.798470      0.4463636      0.5467128    
        8980  0.8750000      0.8043750       1.646722      0.4223160      0.5037501    
        9000  0.9375000      0.8246250       1.809334      0.4422206      0.5484430    
        9020   1.000000      0.8022500       1.708617      0.4165792      0.5000000    
        9040   1.000000      0.8228750       1.784163      0.4487845      0.5362501    
        9060  0.8750000      0.8026875       1.642538      0.4290234      0.5278407    
        9080   1.000000      0.8338125       1.821019      0.4557355      0.5498866    
        9100   1.000000      0.8077500       1.675014      0.4397314      0.5207939    
        9120  0.9375000      0.8291875       1.650855      0.4326200      0.5283554    
        9140  0.8750000      0.7805625       1.659352      0.4077246      0.5389648    
        9160  0.8750000      0.8185000       1.763361      0.4292391      0.5272110    
        9180  0.8750000      0.7976875       1.377034      0.4491586      0.5501235    
        9200  0.9375000      0.8528125       1.685054      0.4346403      0.5454546    
        9220  0.8750000      0.8114375       1.551801      0.4356322      0.5166204    
        9240   1.000000      0.8905625       1.544593      0.4669692      0.5415878    
        9260   1.000000      0.8503125       1.477557      0.4610026      0.5245746    
        9280   1.000000      0.9413125       1.341469      0.4709951      0.5601578    
        9300   1.000000      0.8088750       1.390168      0.4526012      0.5303819    
        9320   1.000000      0.9409375       1.509984      0.4697711      0.5503737    
        9340   1.000000      0.7924375       1.640871      0.4345097      0.5123457    
        9360   1.000000      0.9360625       1.614655      0.4554993      0.5384001    
        9380   1.000000      0.8117500       1.641972      0.4566846      0.5288066    
        9400   1.000000      0.9365625       1.630784      0.4673326      0.5495562    
        9420   1.000000      0.9021250       1.409531      0.4623980      0.5415879    
        9440   1.000000      0.9411250       1.394898      0.4846815      0.5736000    
        9460   1.000000      0.8426250       1.376160      0.4686479      0.5389422    
        9480   1.000000      0.9325000       1.449849      0.5010372      0.5860970    
        9500   1.000000      0.8958125       1.402147      0.4726234      0.5383999    
        9520   1.000000      0.9368125       1.325439      0.4869550      0.5736001    
        9540   1.000000      0.8183750       1.470901      0.4361550      0.5371429    
        9560   1.000000      0.8973750       1.623356      0.4567519      0.5477591    
        9580   1.000000      0.9091250       1.128366      0.4751476      0.5338542    
        9600   1.000000      0.9359375       1.546924      0.4597777      0.5467770    
        9620  0.8750000      0.8188750       1.471744      0.4288567      0.5204937    
        9640   1.000000      0.8298125       1.763929      0.4390755      0.5311111    
        9660  0.8750000      0.7881875       1.574915      0.4319192      0.5158730    
        9680   1.000000      0.8248750       1.777310      0.4393467      0.5389649    
        9700  0.8750000      0.7978125       1.645605      0.4139729      0.5030992    
        9720  0.9375000      0.8251250       1.757603      0.4243912      0.5397751    
        9740  0.8750000      0.8060000       1.403674      0.4197417      0.5278406    
        9760   1.000000      0.8633125       1.751842      0.4229454      0.5619752    
        9780   1.000000      0.8051250       1.605374      0.4389980      0.5207939    
        9800   1.000000      0.8211875       1.738685      0.4408855      0.5406806    
        9820   1.000000      0.8154375       1.511089      0.4520439      0.5276816    
        9840  0.9375000      0.8968125       1.674699      0.4259966      0.5130315    
        9860  0.8750000      0.7590000       1.806995      0.4360443      0.5453899    
        9880  0.9375000      0.8973125       1.665084      0.4406035      0.5204937    
        9900  0.8750000      0.7739375       1.774843      0.4514320      0.5332410    
        9920  0.9375000      0.8942500       1.758271      0.3976482      0.5125741    
        9940  0.8750000      0.7449375       1.950740      0.4219333      0.5170133    
        9960  0.9375000      0.8912500       1.745664      0.4069591      0.4964599    
        9980  0.8750000      0.7353750       2.013217      0.3999034      0.5037498    
       10000  0.9375000      0.8923750       1.741669      0.4221009      0.5081361    
       10020  0.8750000      0.7276875       2.088602      0.4136733      0.5350838    
       10040  0.9375000      0.8923750       1.796082      0.4151520      0.4918033    
       10060  0.8750000      0.7478750       1.908759      0.4141847      0.5269097    
       10080   1.000000      0.8989375       1.793353      0.4020506      0.5189505    
       10100  0.8750000      0.7330625       2.035330      0.3886547      0.4968000    
       10120  0.9375000      0.8322500       1.984622      0.3918039      0.4859259    
       10140  0.8750000      0.7505625       1.759943      0.3707270      0.5000001    
       10160  0.8750000      0.8126875       2.023670      0.4038242      0.5086420    
       10180  0.8750000      0.7443125       1.831217      0.3723674      0.4848772    
       10200  0.8750000      0.7891875       2.126914      0.3842496      0.5246877    
       10220  0.8750000      0.7390000       1.821912      0.3669695      0.4699582    
       10240  0.8750000      0.8108750       1.772334      0.4699022      0.5556019    
       10260  0.8750000      0.7656875       1.755420      0.3965645      0.5032000    
       10280  0.8750000      0.8223750       1.803934      0.4290966      0.5272110    
       10300  0.8750000      0.7578750       1.704712      0.3827358      0.5075446    
       10320  0.8750000      0.8204375       1.706639      0.4573423      0.5514368    
       10340  0.8750000      0.8031875       1.263085      0.4140360      0.5362812    
       10360   1.000000      0.8262500       1.695717      0.4426339      0.5303819    
       10380  0.8750000      0.8018125       1.604220      0.4198996      0.5133333    
       10400  0.8750000      0.8284375       1.729961      0.4417082      0.5323676    
       10420  0.8750000      0.8075625       1.469884      0.4328288      0.5206612    
       10440   1.000000      0.8943125       1.906725      0.4467894      0.5411522    
       10460  0.8750000      0.8019375       1.579495      0.4180089      0.5032000    
       10480   1.000000      0.9123125       1.845006      0.4639134      0.5389422    
       10500  0.8750000      0.8060000       1.593081      0.4327572      0.5355904    
       10520   1.000000      0.8418750       1.785483      0.4567299      0.5612500    
       10540  0.8750000      0.8020000       1.459130      0.4327828      0.5432000    
       10560   1.000000      0.9230000       1.995406      0.4427537      0.5624142    
       10580  0.8750000      0.8033750       1.334543      0.4001816      0.5031999    
       10600   1.000000      0.8533750       1.663469      0.4591230      0.5389650    
       10620   1.000000      0.8230625       1.263989      0.4228010      0.5517978    
       10640   1.000000      0.8385625       1.738930      0.4410008      0.5287501    
       10660  0.8750000      0.7920625       1.458907      0.4395865      0.5386695    
       10680   1.000000      0.8315625       1.644402      0.4502762      0.5390235    
       10700  0.8750000      0.8013125       1.339093      0.4411412      0.5425343    
       10720  0.8750000      0.8199375       1.706782      0.4290310      0.5420992    
       10740  0.8750000      0.7756875       1.700858      0.3855914      0.4667980    
       10760  0.8750000      0.8113750       1.823692      0.4185653      0.5459439    
       10780  0.8750000      0.7904375       1.642428      0.3819435      0.4764031    
       10800  0.8750000      0.8270625       1.626975      0.4190805      0.5444214    
       10820  0.8750000      0.8001875       1.517817      0.3966949      0.5154958    
       10840   1.000000      0.8346250       1.728292      0.4183767      0.5296515    
       10860  0.8750000      0.8070000       1.589461      0.4039289      0.5007395    
       10880   1.000000      0.8223750       1.800908      0.4327006      0.5389649    
       10900  0.8750000      0.8036250       1.500797      0.4190675      0.5011570    
       10920   1.000000      0.8780625       1.686315      0.4110638      0.5355902    
       10940  0.8750000      0.7945625       1.441423      0.4054260      0.5340909    
       10960   1.000000      0.8471875       1.691791      0.4180878      0.5205400    
       10980  0.8750000      0.8018125       1.500421      0.4165443      0.5127550    
       11000   1.000000      0.8388750       1.666121      0.4313176      0.5642723    
       11020  0.8750000      0.7896250       1.548896      0.4203226      0.5337499    
       11040  0.8750000      0.8228750       1.778201      0.4494001      0.5642722    
       11060  0.8750000      0.8116875       1.520589      0.4498528      0.5183471    
       11080   1.000000      0.9319375       1.471903      0.4685477      0.5547108    
       11100   1.000000      0.8053750       1.617686      0.4510356      0.5347632    
       11120   1.000000      0.9289375       1.456107      0.4744629      0.5732249    
       11140   1.000000      0.8105000       1.587080      0.4579789      0.5278407    
       11160   1.000000      0.9313750       1.438650      0.4926209      0.5736001    
       11180   1.000000      0.8453125       1.387795      0.4557790      0.5338541    
       11200   1.000000      0.9150625       1.574716      0.5007094      0.5784024    
       11220   1.000000      0.8401250       1.477195      0.4596002      0.5436370    
       11240   1.000000      0.9225000       1.335765      0.4867360      0.5642722    
       11260   1.000000      0.8133125       1.498121      0.4394037      0.5312499    
       11280   1.000000      0.8215625       1.771062      0.4522442      0.5507546    
       11300  0.8750000      0.7963125       1.523594      0.4213407      0.5289257    
       11320   1.000000      0.8284375       1.529021      0.4610853      0.5327778    
       11340  0.8750000      0.8006250       1.481333      0.4225441      0.5137174    
       11360  0.8750000      0.8161250       1.689645      0.4469825      0.5534980    
       11380  0.8750000      0.7845000       1.660147      0.4173919      0.5303820    
       11400   1.000000      0.9210000       1.608036      0.4509492      0.5506039    
       11420  0.8750000      0.7931875       1.571865      0.4068349      0.5189505    
       11440   1.000000      0.8791250       1.604021      0.4411352      0.5651577    
       11460  0.8750000      0.8002500       1.522321      0.4174026      0.5327783    
       11480   1.000000      0.9408125       1.513925      0.4669646      0.5355372    
       11500  0.8750000      0.7984375       1.577680      0.4100459      0.5339441    
       11520   1.000000      0.8370000       1.630395      0.4357672      0.5451184    
       11540  0.8750000      0.8002500       1.675206      0.4213930      0.5204938    
       11560  0.8750000      0.8304375       1.579560      0.4494629      0.5509259    
       11580   1.000000      0.8635000       1.319383      0.3783631      0.5000001    
       11600  0.8750000      0.8229375       1.763096      0.4110114      0.5586010    
       11620  0.9375000      0.8255625       1.558075      0.3731331      0.4792001    
       11640  0.8750000      0.8341250       1.835717      0.3796113      0.4639734    
       11660   1.000000      0.8775000       1.381600      0.3556685      0.4765868    
       11680  0.8750000      0.8001875       1.915114      0.3769232      0.5251245    
       11700   1.000000      0.8516875       1.828333      0.3483619      0.4459876    
       11720   1.000000      0.8444375       1.970082      0.3762422      0.4756141    
       11740  0.9375000      0.8085625       1.667363      0.3618005      0.4622771    
       11760  0.9375000      0.8422500       1.968616      0.3941235      0.4983999    
       11780  0.8750000      0.8137500       1.289340      0.3483728      0.4349113    
       11800  0.8750000      0.8296875       1.920293      0.3648479      0.4599375    
       11820  0.8750000      0.7414375       1.523287      0.3900571      0.4839320    
       11840  0.8750000      0.8229375       1.901826      0.4009526      0.5161978    
       11860  0.8750000      0.7046875       1.585038      0.3998084      0.5444214    
       11880  0.8750000      0.8288125       1.881670      0.3918599      0.5581717    
       11900  0.8125000      0.7064375       1.668352      0.3937562      0.5096154    
       11920   1.000000      0.8529375       1.853350      0.3985858      0.4938017    
       11940  0.8750000      0.7520625       1.780901      0.3856013      0.4792061    
       11960   1.000000      0.9273750       2.144150      0.4081250      0.4790123    
       11980  0.8750000      0.7562500       1.717002      0.3860907      0.4876033    
       12000   1.000000      0.9441875       1.753429      0.4126059      0.4982698    
       12020  0.8750000      0.7377500       1.516787      0.3955910      0.5329860    
       12040   1.000000      0.8516250       1.964479      0.3780073      0.5005340    
       12060  0.8750000      0.7385000       1.858115      0.3771182      0.4968000    
       12080  0.9375000      0.8385000       1.872436      0.3994056      0.4899946    
       12100  0.8750000      0.7415625       1.917222      0.3821798      0.4948348    
       12120   1.000000      0.8343125       2.062039      0.4027789      0.5344387    
       12140  0.8750000      0.7351250       2.040269      0.3878247      0.4824381    
       12160  0.8750000      0.8335000       1.973485      0.3978030      0.5092206    
       12180  0.8750000      0.7542500       1.781434      0.3827051      0.5010957    
       12200   1.000000      0.8509375       2.431849      0.3918742      0.5118343    
       12220  0.8750000      0.7603750       1.974889      0.3989207      0.5389421    
       12240   1.000000      0.9084375       2.076035      0.3789346      0.4784621    
       12260  0.8750000      0.7378125       1.769044      0.3695754      0.4986479    
       12280   1.000000      0.9340000       2.208874      0.3966473      0.5087998    
       12300  0.8750000      0.7300000       1.864563      0.3924288      0.5010957    
       12320   1.000000      0.8280625       2.062182      0.4009286      0.5156186    
       12340  0.8750000      0.7615000       1.802819      0.3821817      0.4933838    
       12360   1.000000      0.9045000       1.791213      0.3957030      0.5085067    
       12380  0.8750000      0.7635000       1.739019      0.3974705      0.4837500    
       12400   1.000000      0.9113125       2.141044      0.4019280      0.4998222    
       12420  0.8125000      0.7421875       1.646631      0.3925932      0.5122874    
       12440   1.000000      0.9509375       2.240271      0.4034016      0.4821428    
       12460  0.8750000      0.7541250       1.777399      0.3916902      0.4936563    
       12480   1.000000      0.9525625       1.908756      0.3956180      0.4808000    
       12500  0.8750000      0.7457500       1.818672      0.3888189      0.4794765    
       12520   1.000000      0.9305625       1.944734      0.3957472      0.4741124    
       12540  0.8750000      0.7470625       1.454446      0.3877690      0.4795919    
       12560   1.000000      0.9101250       1.845809      0.4021512      0.4921874    
       12580  0.8750000      0.7386875       1.556099      0.3959920      0.5015610    
       12600   1.000000      0.9376875       1.861111      0.3796856      0.4785504    
       12620  0.8750000      0.7433750       1.677698      0.3836875      0.4813533    
       12640   1.000000      0.9344375       1.824607      0.3803723      0.4631392    
       12660  0.8750000      0.7870000       1.681361      0.4021423      0.5184911    
       12680   1.000000      0.9436250       1.706082      0.4041912      0.5146684    
       12700  0.8750000      0.7936250       1.741847      0.3996756      0.4951941    
       12720   1.000000      0.8788125       1.799800      0.4338011      0.5378070    
       12740  0.8750000      0.7999375       1.607999      0.4133564      0.5092974    
       12760   1.000000      0.9399375       1.800581      0.4337451      0.5113418    
       12780  0.8750000      0.8073750       1.752860      0.3946356      0.4896194    
       12800   1.000000      0.8846250       1.746733      0.4233951      0.5306123    
       12820   1.000000      0.8066875       1.599730      0.4295080      0.5166205    
       12840   1.000000      0.9228125       1.710500      0.4398743      0.5296515    
       12860  0.8750000      0.7964375       1.485569      0.4122331      0.5322782    
       12880   1.000000      0.9263125       1.686899      0.4423000      0.5329861    
       12900  0.8750000      0.7962500       1.544637      0.4373554      0.5341784    
       12920   1.000000      0.9225625       1.749488      0.4613948      0.5432000    
       12940  0.8750000      0.8078125       1.580791      0.3952214      0.5264650    
       12960   1.000000      0.8275625       1.730457      0.4451719      0.5462412    
       12980  0.8750000      0.8077500       1.314348      0.4143307      0.5507544    
       13000  0.9375000      0.8191875       1.694734      0.4483078      0.5438958    
       13020  0.8750000      0.7871250       1.593711      0.4333132      0.5207939    
       13040  0.9375000      0.8875625       1.541071      0.4241796      0.5303211    
       13060  0.8750000      0.8004375       1.344018      0.3993312      0.5407985    
       13080   1.000000      0.8243125       1.697834      0.4399496      0.5649382    
       13100  0.8750000      0.7932500       1.517782      0.4216477      0.5151229    
       13120   1.000000      0.8853125       1.647304      0.4378860      0.5314624    
       13140  0.8750000      0.7925625       1.495374      0.4272697      0.5197579    
       13160   1.000000      0.8600625       1.648877      0.4521376      0.5578231    
       13180  0.8750000      0.8026875       1.522001      0.4429060      0.5207940    
       13200   1.000000      0.9116250       1.764613      0.4283158      0.5299587    
       13220  0.8750000      0.8034375       1.593267      0.4375200      0.5127551    
       13240   1.000000      0.9099375       1.655660      0.4428707      0.5322781    
       13260  0.8750000      0.8005000       1.588751      0.4325692      0.5497885    
       13280   1.000000      0.9366875       1.607741      0.4338985      0.5190312    
       13300  0.8750000      0.8036875       1.644238      0.4348847      0.5095485    
       13320   1.000000      0.9415625       1.629587      0.4436984      0.5301782    
       13340  0.8750000      0.7679375       1.730629      0.4115970      0.5093877    
       13360   1.000000      0.8630000       1.716846      0.4254323      0.5415878    
       13380  0.8750000      0.7579375       1.824255      0.3900775      0.5127550    
       13400   1.000000      0.8353750       1.876099      0.4391985      0.5425240    
       13420  0.8750000      0.8115625       1.561352      0.4112509      0.5154959    
       13440   1.000000      0.9049375       1.789136      0.4688665      0.5425240    
       13460  0.8750000      0.7659375       1.941881      0.4047197      0.5127551    
       13480   1.000000      0.8210000       1.793949      0.4357173      0.5548697    
       13500  0.8750000      0.7406875       1.628638      0.4242377      0.5029746    
       13520   1.000000      0.8298750       1.748584      0.4404669      0.5397924    
       13540  0.8750000      0.8124375       1.401556      0.4070227      0.5027700    
       13560   1.000000      0.8265000       1.721990      0.4365954      0.5432321    
       13580  0.8750000      0.7794375       1.571406      0.3915683      0.5000002    
       13600   1.000000      0.8690625       1.623022      0.4278417      0.5337501    
       13620  0.8750000      0.8084375       1.432022      0.4143321      0.5027700    
       13640  0.8750000      0.8314375       1.641728      0.4327511      0.5314623    
       13660  0.8750000      0.7966875       1.763145      0.4317524      0.5167654    
       13680   1.000000      0.8351250       1.645782      0.4405659      0.5472000    
       13700  0.8750000      0.7904375       1.784142      0.4204243      0.5125741    
       13720   1.000000      0.9365000       1.762607      0.4869627      0.5679340    
       13740  0.8750000      0.8097500       1.616904      0.4282783      0.5032001    
       13760   1.000000      0.9196875       1.723371      0.4603816      0.5397752    
       13780  0.8750000      0.8034375       1.518108      0.4243885      0.5256001    
       13800   1.000000      0.8276250       1.877869      0.4379161      0.5731100    
       13820  0.8750000      0.8091875       1.176751      0.4008205      0.5203307    
       13840   1.000000      0.8533750       1.652053      0.4389398      0.5548946    
       13860  0.8750000      0.8123750       1.255339      0.4372744      0.5466393    
       13880   1.000000      0.9239375       1.591054      0.4571041      0.5278407    
       13900  0.8750000      0.7947500       1.510284      0.4180395      0.5105729    
       13920   1.000000      0.8965625       1.617718      0.4407886      0.5278407    
       13940   1.000000      0.8692500       1.198571      0.4483168      0.5207939    
       13960   1.000000      0.8765625       1.705892      0.4460970      0.5588844    
       13980   1.000000      0.8096875       1.433287      0.4444829      0.5415878    
       14000  0.8750000      0.8237500       1.686967      0.4428835      0.5451183    
       14020   1.000000      0.8121875       1.661960      0.4556392      0.5207939    
       14040   1.000000      0.9203125       1.551889      0.4625283      0.5415879    
       14060   1.000000      0.8055625       1.644106      0.4530481      0.5517977    
       14080   1.000000      0.9286250       1.430813      0.4883037      0.5790081    
       14100   1.000000      0.8126250       1.618137      0.4388696      0.5303820    
       14120   1.000000      0.9276875       1.378939      0.5010559      0.5735999    
       14140   1.000000      0.8612500       1.313391      0.4680750      0.5387501    
       14160   1.000000      0.9286875       1.504591      0.4864893      0.5732248    
       14180   1.000000      0.8145000       1.559142      0.4510982      0.5338542    
       14200   1.000000      0.9199375       1.441454      0.4740583      0.5651672    
       14220   1.000000      0.8280000       1.661855      0.4361662      0.5415999    
       14240   1.000000      0.9346875       1.413034      0.5007690      0.5732248    
       14260   1.000000      0.8358750       1.537166      0.4468447      0.5362499    
       14280   1.000000      0.8435000       1.646491      0.4602849      0.5580359    
       14300   1.000000      0.8135625       1.583992      0.4565626      0.5278406    
       14320   1.000000      0.9290000       1.499683      0.4851405      0.5736001    
       14340   1.000000      0.8322500       1.448815      0.4693708      0.5415878    
       14360   1.000000      0.9230000       1.551624      0.4855175      0.5835798    
       14380   1.000000      0.8693750       1.434604      0.4683899      0.5278406    
       14400   1.000000      0.9343125       1.555061      0.4721427      0.5835800    
       14420   1.000000      0.8331250       1.479155      0.4612197      0.5276816    
       14440   1.000000      0.9101875       1.552050      0.4794227      0.5580356    
       14460   1.000000      0.8296250       1.569915      0.4651510      0.5356102    
       14480   1.000000      0.9298125       1.440645      0.4944417      0.5835799    
       14500   1.000000      0.9195625       1.076288      0.4748668      0.5245747    
       14520   1.000000      0.8626875       1.884431      0.4312125      0.5401785    
       14540   1.000000      0.7986250       1.405038      0.4443120      0.5264473    
       14560   1.000000      0.8757500       1.922205      0.4518881      0.5404281    
       14580  0.8750000      0.7949375       1.399572      0.4444903      0.5327999    
       14600   1.000000      0.9201875       2.050770      0.4412706      0.5137175    
       14620  0.8750000      0.7978750       1.718043      0.4284334      0.5272000    
       14640   1.000000      0.8857500       2.088551      0.4453193      0.5344099    
       14660  0.8750000      0.7958750       1.697443      0.4205362      0.5000001    
       14680  0.8750000      0.8341250       1.605241      0.4469131      0.5240299    
       14700  0.8750000      0.8047500       1.641296      0.3996984      0.5338542    
       14720  0.8750000      0.8241875       1.713764      0.4383100      0.5461018    
       14740  0.8750000      0.7888125       1.506453      0.4145314      0.5000001    
       14760  0.9375000      0.8349375       1.668729      0.4330537      0.5436372    
       14780  0.8750000      0.7929375       1.693938      0.3732838      0.5127551    
       14800  0.9375000      0.8206875       1.741578      0.4381067      0.5432000    
       14820   1.000000      0.8056250       1.498160      0.4450585      0.5406804    
       14840   1.000000      0.9133750       1.682763      0.4490335      0.5368944    
       14860  0.8750000      0.8076250       1.877078      0.4009259      0.5207939    
       14880   1.000000      0.8479375       1.723178      0.4520045      0.5498866    
       14900   1.000000      0.8137500       1.604361      0.4367234      0.5415879    
       14920   1.000000      0.8523125       1.719988      0.4492835      0.5580011    
       14940   1.000000      0.8101250       1.599261      0.4491026      0.5154960    
       14960   1.000000      0.8578125       1.734782      0.4473081      0.5554017    
       14980   1.000000      0.7987500       1.759515      0.4389607      0.5234374    
       15000   1.000000      0.8385625       1.695301      0.4508561      0.5589338    
       15020   1.000000      0.8016875       1.549376      0.4283170      0.5303819    
       15040  0.9375000      0.8599375       1.715469      0.4539508      0.5272110    
       15060  0.8750000      0.8145625       1.648955      0.4259663      0.5183340    
       15080   1.000000      0.8170625       1.840271      0.4371313      0.5389421    
       15100  0.8750000      0.7991250       1.559033      0.4148635      0.5030991    
       15120   1.000000      0.8226250       1.765548      0.4410439      0.5667050    
       15140  0.8750000      0.8058750       1.773195      0.4086824      0.5207939    
       15160   1.000000      0.8186250       1.815361      0.4445754      0.5740154    
       15180  0.8750000      0.8120625       1.606103      0.4170318      0.5030991    
       15200   1.000000      0.8245625       1.849737      0.4423333      0.5667050    
       15220   1.000000      0.8211250       1.595300      0.4521005      0.5427295    
       15240   1.000000      0.8290625       1.816070      0.4465235      0.5484428    
       15260   1.000000      0.8498750       1.473852      0.4590942      0.5736000    
       15280   1.000000      0.9353750       1.332430      0.4803704      0.5554734    
       15300   1.000000      0.8216875       1.646229      0.4454876      0.5278407    
       15320   1.000000      0.9333125       1.345462      0.4940526      0.5736001    
       15340   1.000000      0.8130000       1.486810      0.4686339      0.5402893    
       15360   1.000000      0.9411875       1.436721      0.4764484      0.5736001    
       15380   1.000000      0.8378125       1.414684      0.4631360      0.5416000    
       15400   1.000000      0.9346875       1.526994      0.4772942      0.5643491    
       15420   1.000000      0.9064375       1.167368      0.4724805      0.5415878    
       15440   1.000000      0.9153125       1.395643      0.4840260      0.5672636    
       15460   1.000000      0.8051875       1.681892      0.4522480      0.5260631    
       15480   1.000000      0.9282500       1.470312      0.4888570      0.5790081    
       15500   1.000000      0.8306250       1.567951      0.4613651      0.5338542    
       15520   1.000000      0.9291875       1.501101      0.4829350      0.5517977    
       15540   1.000000      0.8215000       1.579984      0.4603772      0.5169759    
       15560   1.000000      0.8748750       2.072994      0.4187340      0.5480992    
       15580   1.000000      0.8142500       1.644889      0.4632654      0.5389420    
       15600  0.9375000      0.8861250       1.902394      0.4264378      0.5136455    
       15620   1.000000      0.8024375       1.564194      0.4556149      0.5640138    
       15640  0.9375000      0.8790000       2.027748      0.4397294      0.5278406    
       15660  0.8750000      0.7823750       1.820645      0.4506211      0.5362501    
       15680  0.8750000      0.8223750       1.799546      0.4368989      0.5437238    
       15700   1.000000      0.8239375       1.503228      0.4543629      0.5389422    
       15720   1.000000      0.9130625       1.651155      0.4685975      0.5735999    
       15740   1.000000      0.8368125       1.216842      0.4261279      0.5245748    
       15760   1.000000      0.8695000       1.583722      0.4642356      0.5588844    
       15780   1.000000      0.8127500       1.490752      0.4625821      0.5347099    
       15800   1.000000      0.9250000       1.425264      0.4993613      0.5619755    
       15820  0.8750000      0.7901250       1.722597      0.4372825      0.5390235    
       15840   1.000000      0.8258125       1.782622      0.4484946      0.5517977    
       15860  0.8750000      0.8070000       1.589884      0.4533022      0.5278407    
       15880  0.8750000      0.8170000       1.813449      0.4414507      0.5362812    
       15900  0.8750000      0.8076875       1.429220      0.4034379      0.5122874    
       15920   1.000000      0.8283125       1.591198      0.4469938      0.5355902    
       15940  0.8750000      0.8101875       1.655278      0.4527299      0.5272803    
       15960  0.8750000      0.8176875       1.744277      0.4445211      0.5437240    
       15980   1.000000      0.8178750       1.553901      0.4452407      0.5212501    
       16000   1.000000      0.9077500       1.472628      0.4682340      0.5415879    
       16020   1.000000      0.9031250       1.216237      0.4698409      0.5278407    
       16040   1.000000      0.9229375       1.474765      0.4605408      0.5507544    
       16060   1.000000      0.9097500       1.156525      0.4726362      0.5244691    
       16080   1.000000      0.9068750       1.624839      0.4941786      0.5600000    
       16100   1.000000      0.8296250       1.609269      0.4551006      0.5437240    
       16120   1.000000      0.9107500       1.404715      0.4740913      0.5537499    
       16140   1.000000      0.8215625       1.449957      0.4501517      0.5406081    
       16160   1.000000      0.9304375       1.420038      0.5030376      0.5873976    
       16180   1.000000      0.9045625       1.202511      0.4722029      0.5495562    
       16200   1.000000      0.9105625       1.553179      0.4813991      0.5598959    
       16220   1.000000      0.8118125       1.631451      0.4465638      0.5336000    
       16240   1.000000      0.9251875       1.624191      0.4753090      0.5735999    
       16260   1.000000      0.8601875       1.421008      0.4637987      0.5389421    
       16280   1.000000      0.9351250       1.491410      0.4561614      0.5588843    
       16300   1.000000      0.8075625       1.475962      0.4407351      0.5431999    
       16320   1.000000      0.9347500       1.358777      0.4979923      0.5736001    
       16340   1.000000      0.9061875       1.237650      0.4727024      0.5507545    
       16360   1.000000      0.9224375       1.423873      0.4995251      0.5905350    
       16380   1.000000      0.8620000       1.380880      0.4626195      0.5406806    
       16400   1.000000      0.9301250       1.457696      0.4608741      0.5498866    
       16420   1.000000      0.8085000       1.551614      0.4546939      0.5389649    
       16440   1.000000      0.9242500       1.451052      0.4891268      0.5905350    
       16460   1.000000      0.9208750       1.123172      0.4761688      0.5362501    
       16480   1.000000      0.9035000       1.534063      0.4863226      0.5905350    
       16500   1.000000      0.8820000       1.311018      0.4618462      0.5431999    
       16520   1.000000      0.9188750       1.487637      0.4778776      0.5835799    
       16540   1.000000      0.8691250       1.431617      0.4591863      0.5280612    
       16560   1.000000      0.9385000       1.335046      0.4980842      0.5580357    
       16580   1.000000      0.8498750       1.251547      0.4641949      0.5449827    
       16600   1.000000      0.9188750       1.421302      0.4736090      0.5668403    
       16800   1.000000      0.9495000       1.740437      0.4330433      0.5467128    
       17000   1.000000      0.9478125       1.906708      0.4150881      0.5183133    
       17200   1.000000      0.9481250       1.889124      0.4044452      0.5172844    
       17400   1.000000      0.9416250       1.930767      0.4030290      0.5130578    
       17600   1.000000      0.9186875       1.856523      0.4321195      0.5213628    
       17800   1.000000      0.9185000       1.873309      0.4346451      0.5200876    
       18000   1.000000      0.9263750       1.762524      0.4387236      0.5354218    
       18200   1.000000      0.9297500       1.730514      0.4337647      0.5333335    
       18400   1.000000      0.9285000       1.780762      0.4309365      0.5303819    
       18600   1.000000      0.9308125       1.705528      0.4370833      0.5193905    
       18800   1.000000      0.9366250       1.721486      0.4365379      0.5142334    
       19000   1.000000      0.9155625       1.856957      0.4432987      0.5249434    
       19200   1.000000      0.9305000       1.772814      0.4352860      0.5540124    
       19400   1.000000      0.9216250       1.763300      0.4397106      0.5300162    
       19600   1.000000      0.9048125       1.679459      0.4805058      0.5518367    
       19800   1.000000      0.9029375       1.701448      0.4826517      0.5299146    
       20000   1.000000      0.9121250       1.635311      0.4781849      0.5662500    
       20200   1.000000      0.9035000       1.725198      0.4805214      0.5278529    
       20400   1.000000      0.9100625       1.634831      0.4840739      0.5332411    
       20600   1.000000      0.9033125       1.672058      0.4822506      0.5387756    
       20800   1.000000      0.9101875       1.614482      0.4858692      0.5392562    
       21000   1.000000      0.8954375       1.741105      0.4823488      0.5387754    
       21200   1.000000      0.8976250       1.750383      0.4834743      0.5551497    
       21400   1.000000      0.8960000       1.730214      0.4836201      0.5609934    
       21600   1.000000      0.8970625       1.697110      0.4859864      0.5387754    
       21800   1.000000      0.8971250       1.719980      0.4857837      0.5333334    
       22000   1.000000      0.9156250       1.598742      0.4878872      0.5578232    
       22200   1.000000      0.8986250       1.749830      0.4848201      0.5478395    
       22400   1.000000      0.8919375       1.786188      0.4830721      0.5710887    
       22600   1.000000      0.8982500       1.728278      0.4858446      0.5387755    
       22800   1.000000      0.8919375       1.815911      0.4787326      0.5803530    
       23000   1.000000      0.9076250       1.633623      0.4853446      0.5478396    
       23200   1.000000      0.8923750       1.806565      0.4840289      0.5551497    
       23400   1.000000      0.8968125       1.720360      0.4835239      0.5654176    
       23600   1.000000      0.8941250       1.759968      0.4852740      0.5449829    
       23800   1.000000      0.9063125       1.681730      0.4820067      0.5518368    
       24000   1.000000      0.8961875       1.752024      0.4825904      0.5478395    
       24200   1.000000      0.8962500       1.757624      0.4821392      0.5274075    
       24400   1.000000      0.8934375       1.744090      0.4862703      0.5551498    
       24600   1.000000      0.8821250       1.860315      0.4832909      0.5226756    
       24800   1.000000      0.8933750       1.781723      0.4848967      0.5478395    
       25000   1.000000      0.8917500       1.817865      0.4818683      0.5505679    
       25200   1.000000      0.8966875       1.735973      0.4823117      0.5402469    
       25400   1.000000      0.9216250       1.512652      0.4863675      0.5387757    
       25600   1.000000      0.9028125       1.673952      0.4839627      0.5374856    
       25800   1.000000      0.8905000       1.811615      0.4835992      0.5397512    
       26000   1.000000      0.8990625       1.743421      0.4845727      0.5478395    
       26200   1.000000      0.8949375       1.743868      0.4840742      0.5518368    
       26400   1.000000      0.8943125       1.777291      0.4818879      0.5330160    
       26600   1.000000      0.8964375       1.727656      0.4845839      0.5387757    
       26800   1.000000      0.9086875       1.646548      0.4851077      0.5332411    
       27000   1.000000      0.8915625       1.802730      0.4841284      0.5478396    
       27200   1.000000      0.9117500       1.558040      0.4846252      0.5340263    
       27400   1.000000      0.8945000       1.780585      0.4838771      0.5387757    
       27600   1.000000      0.8966250       1.756195      0.4859517      0.5272110    
       27800   1.000000      0.8935625       1.769172      0.4854826      0.5725625    
       28000   1.000000      0.8943125       1.741663      0.4828440      0.5551498    
       28200   1.000000      0.8993750       1.722844      0.4843832      0.5332410    
       28400   1.000000      0.9082500       1.649202      0.4849066      0.5276816    
       28600   1.000000      0.9078750       1.621928      0.4870541      0.5478395    
       28800   1.000000      0.9017500       1.730815      0.4845636      0.5387756    
       29000   1.000000      0.8976250       1.742977      0.4847337      0.5333334    
       29200   1.000000      0.8973125       1.660286      0.4848631      0.5392562    
       29400   1.000000      0.8922500       1.772257      0.4847482      0.5478395    
       29600   1.000000      0.9081250       1.674731      0.4856236      0.5432323    
       29800   1.000000      0.8936250       1.771092      0.4849519      0.5387756    
       30000   1.000000      0.9083750       1.640070      0.4848636      0.5654175    
       30200   1.000000      0.8923125       1.810552      0.4825166      0.5551499    
       30400   1.000000      0.8906250       1.817606      0.4829197      0.5518367    
       30600   1.000000      0.9079375       1.619562      0.4853171      0.5518367    
       30800   1.000000      0.9055625       1.670325      0.4868256      0.5333333    
       31000   1.000000      0.8976875       1.744152      0.4871821      0.5478395    
       31200   1.000000      0.9030000       1.658182      0.4847173      0.5567819    
       31400   1.000000      0.8934375       1.775196      0.4855000      0.5478395    
       31600   1.000000      0.8890625       1.831275      0.4855390      0.5654174    
       31800   1.000000      0.9053750       1.658824      0.4868905      0.5551498    
       32000   1.000000      0.8991875       1.711007      0.4832346      0.5687500    
       32200   1.000000      0.9034375       1.678886      0.4846576      0.5437501    
       32400   1.000000      0.9083125       1.652232      0.4853523      0.5338010    
       32600   1.000000      0.9010625       1.693485      0.4868375      0.5559077    
       32800   1.000000      0.9055000       1.652392      0.4861607      0.5551497    
       33000   1.000000      0.9041875       1.699371      0.4832368      0.5478395    
       33200   1.000000      0.8885000       1.809089      0.4858801      0.5253907    
       33400   1.000000      0.8943125       1.738986      0.4825249      0.5551498    
       33600   1.000000      0.9031250       1.716115      0.4839223      0.5299145    
       33800   1.000000      0.8860625       1.851156      0.4839135      0.5526317    
       34000   1.000000      0.9031250       1.684835      0.4815041      0.5609419    
       34200   1.000000      0.8971250       1.747621      0.4856044      0.5478395    
       34400   1.000000      0.9028125       1.711900      0.4871901      0.5518367    
       34600   1.000000      0.9025000       1.694708      0.4870451      0.5551498    
       34800   1.000000      0.9100000       1.606694      0.4859039      0.5387756    
       35000   1.000000      0.8903750       1.805530      0.4849185      0.5449828    
       35200   1.000000      0.9029375       1.699641      0.4851106      0.5551497    
       35400   1.000000      0.9083750       1.639873      0.4869993      0.5478396    
       35600   1.000000      0.9102500       1.626234      0.4823086      0.5570988    
       35800   1.000000      0.8995000       1.724224      0.4843118      0.5640496    
       36000   1.000000      0.9070000       1.666513      0.4845838      0.5509534    
       36200   1.000000      0.9075625       1.643876      0.4847852      0.5687500    
       36400   1.000000      0.9070000       1.667456      0.4822053      0.5392561    
       36600   1.000000      0.9052500       1.669867      0.4830821      0.5449828    
       36800   1.000000      0.8915000       1.785632      0.4855449      0.5306123    
       37000   1.000000      0.8919375       1.774275      0.4813047      0.5551498    
       37200   1.000000      0.8950625       1.740672      0.4838411      0.5609934    
