         200  0.8125000      0.6281250       1.101971      0.4419870      0.5593132    
         400  0.8125000      0.6408125       1.104660      0.4349454      0.5582058    
         600  0.8750000      0.7122500       1.062307      0.4489011      0.5463867    
         800  0.8750000      0.6940000       1.066203      0.4476613      0.5566405    
        1000  0.8750000      0.6770625       1.152861      0.4497596      0.5511297    
        1200  0.8750000      0.6976250       1.159802      0.4475255      0.5683710    
        1400  0.9375000      0.7449375       1.375642      0.3978000      0.4956055    
        1600  0.9375000      0.7649375       1.343041      0.3967865      0.4746036    
        1800  0.9375000      0.7662500       1.374311      0.4010271      0.5062435    
        2000  0.9375000      0.7526250       1.399934      0.4023151      0.4913077    
        2200  0.9375000      0.7597500       1.402402      0.4088954      0.4953390    
        2400  0.9375000      0.7566875       1.355296      0.4069613      0.5090029    
        2600  0.9375000      0.7672500       1.391303      0.3993843      0.4814201    
        2800  0.9375000      0.7583750       1.382630      0.4023291      0.5009406    
        3000  0.9375000      0.7371875       1.384347      0.3987347      0.4861538    
        3200  0.9375000      0.7521875       1.393229      0.3987699      0.4858909    
        3400  0.9375000      0.7540625       1.401001      0.3990929      0.5102539    
        3600  0.9375000      0.7436250       1.354214      0.4002774      0.4844444    
        3800  0.9375000      0.7496875       1.370706      0.4020182      0.4848159    
        4000  0.9375000      0.7496875       1.446903      0.3985751      0.4899409    
        4200  0.9375000      0.7575000       1.411239      0.4038359      0.4939532    
        4400  0.9375000      0.7575000       1.372602      0.4015494      0.4990234    
        4600  0.9375000      0.7727500       1.412397      0.3976959      0.4696396    
        4800  0.9375000      0.7566875       1.398813      0.3971621      0.4741211    
        5000  0.9375000      0.7561250       1.386997      0.4021182      0.4894675    
        5200  0.9375000      0.7588750       1.381001      0.4011964      0.4956055    
        5400  0.9375000      0.7571250       1.365590      0.3998902      0.4875130    
        5600  0.9375000      0.7518125       1.382444      0.4002624      0.4889807    
        5800   1.000000      0.8074375       1.674359      0.3991497      0.4847568    
        6000   1.000000      0.8115000       1.691046      0.3938547      0.4663087    
        6200   1.000000      0.8193125       1.689744      0.3929228      0.4812695    
        6400   1.000000      0.8075000       1.686541      0.3958701      0.4761249    
        6600   1.000000      0.8071250       1.684864      0.3902342      0.4842529    
        6800   1.000000      0.7930625       1.671089      0.3904154      0.4807256    
        7000   1.000000      0.8041875       1.681917      0.3938006      0.4771598    
        7200   1.000000      0.8010000       1.693709      0.3902819      0.4736021    
        7400   1.000000      0.7933125       1.678952      0.3923999      0.4695858    
        7600   1.000000      0.7911875       1.664368      0.3931791      0.4667013    
        7800   1.000000      0.8134375       1.692216      0.3942513      0.4869927    
        8000   1.000000      0.8248125       1.695266      0.3939820      0.4815910    
        8200   1.000000      0.8076875       1.681753      0.3936059      0.4721680    
        8400   1.000000      0.7899375       1.675059      0.3913844      0.4916992    
        8600   1.000000      0.8111250       1.686180      0.3945782      0.4779614    
        8800   1.000000      0.7926250       1.665094      0.3919710      0.4692288    
        9000  0.9890000      0.8050476       1.642384      0.4045323      0.4875129    
        9200  0.9890000      0.8135678       1.655148      0.4067470      0.4864724    
        9400  0.9890000      0.8053268       1.636713      0.4050154      0.4819337    
        9600  0.9890000      0.7835550       1.623191      0.4051497      0.4897960    
        9800  0.9890000      0.8085613       1.646186      0.4062713      0.4872764    
       10000  0.9890000      0.7867736       1.629233      0.4031488      0.4760666    
       10200  0.9890000      0.8158476       1.652377      0.4030986      0.4977157    
       10400  0.9890000      0.7842433       1.626077      0.4051926      0.4821284    
       10600  0.9890000      0.7951546       1.633257      0.4034486      0.5023935    
       10800  0.9890000      0.7933414       1.634375      0.4034631      0.4777022    
       11000  0.9890000      0.8016741       1.643147      0.4065267      0.5069286    
       11200  0.9890000      0.8129318       1.644912      0.4052788      0.4877930    
       11400  0.9890000      0.7934160       1.631432      0.4023938      0.4907284    
       11600  0.9890000      0.7882035       1.636440      0.4041735      0.4825527    
       11800  0.9890000      0.8131946       1.640865      0.4069720      0.4916993    
       12000   1.000000      0.8138750       1.671627      0.3945732      0.4628907    
       12200   1.000000      0.8015625       1.679174      0.3919972      0.4719042    
       12400   1.000000      0.7881250       1.663831      0.3957481      0.4728994    
       12600   1.000000      0.7888750       1.665320      0.3893088      0.4705325    
       12800   1.000000      0.8092500       1.683825      0.3916672      0.4672190    
       13000   1.000000      0.8086875       1.681221      0.3937688      0.4635929    
       13200   1.000000      0.8071250       1.691883      0.3943849      0.4782061    
       13400   1.000000      0.7916250       1.673885      0.3902786      0.4531680    
       13600   1.000000      0.7895625       1.675455      0.3908351      0.4660239    
       13800   1.000000      0.7951875       1.655517      0.3981109      0.4843913    
       14000   1.000000      0.7877500       1.670793      0.3910013      0.4765869    
       14200   1.000000      0.8065000       1.672424      0.3948441      0.4770507    
       14400   1.000000      0.8286875       1.699432      0.3940977      0.4818934    
       14600   1.000000      0.8011250       1.673296      0.3920929      0.4653319    
       14800   1.000000      0.7941875       1.671375      0.3951753      0.4711913    
       15000   1.000000      0.7988125       1.676164      0.3940251      0.4733701    
       15200   1.000000      0.7883125       1.663267      0.3935735      0.4885535    
       15400   1.000000      0.7865000       1.662561      0.3890097      0.4729109    
       15600   1.000000      0.8006250       1.676688      0.3932459      0.4828304    
       15800   1.000000      0.7928125       1.680489      0.3922028      0.4706475    
       16000   1.000000      0.7930625       1.682832      0.3891251      0.4634320    
       16200   1.000000      0.7698750       1.662694      0.3949633      0.4678604    
       16400   1.000000      0.7860625       1.672888      0.3866638      0.4555665    
       16600   1.000000      0.7996250       1.677719      0.3924839      0.4953389    
       16800   1.000000      0.8042500       1.669106      0.3939519      0.4824218    
       17000   1.000000      0.8039375       1.676833      0.3930619      0.5024415    
       17200   1.000000      0.8213750       1.695561      0.3948063      0.4868164    
       17400   1.000000      0.7977500       1.684927      0.3913972      0.4771982    
       17600   1.000000      0.8178750       1.698469      0.3894385      0.4738890    
       17800   1.000000      0.7861250       1.665450      0.3984632      0.4963468    
       18000   1.000000      0.7968125       1.666564      0.3919276      0.4821284    
       18200   1.000000      0.8166250       1.698277      0.3976549      0.4977158    
       18400   1.000000      0.8058125       1.678577      0.3923292      0.4746093    
       18600   1.000000      0.8039375       1.679482      0.3919044      0.5053711    
       18800   1.000000      0.8091875       1.701093      0.3895575      0.4832034    
       19000   1.000000      0.8137500       1.684978      0.3935889      0.4816665    
       19200   1.000000      0.8180625       1.694934      0.3924062      0.4756866    
       19400   1.000000      0.7866250       1.666941      0.3913422      0.4604492    
       19600   1.000000      0.7831250       1.661651      0.3907366      0.4696970    
       19800   1.000000      0.8063125       1.671018      0.3959421      0.4777022    
       20000   1.000000      0.8140000       1.677384      0.3948933      0.4797179    
       20200   1.000000      0.8034375       1.668559      0.3988813      0.4854319    
       20400   1.000000      0.8043750       1.683524      0.3934026      0.4785156    
       20600   1.000000      0.8066875       1.692352      0.3961428      0.4811754    
       20800   1.000000      0.7929375       1.665415      0.3945545      0.4771071    
       21000   1.000000      0.7991875       1.676589      0.3943954      0.4643555    
       21200   1.000000      0.7961250       1.668922      0.3919483      0.4715334    
       21400   1.000000      0.8130000       1.689397      0.3953899      0.4672853    
       21600   1.000000      0.7975625       1.668234      0.3974800      0.4827413    
       21800   1.000000      0.7750625       1.647768      0.3924438      0.4775023    
       22000   1.000000      0.7954375       1.661370      0.3967575      0.4714794    
       22200   1.000000      0.7931250       1.659822      0.3962440      0.4672190    
       22400   1.000000      0.7972500       1.667602      0.3948996      0.4729911    
       22600   1.000000      0.7853750       1.658459      0.3979037      0.4746093    
       22800   1.000000      0.8051250       1.674464      0.3919446      0.4643554    
       23000   1.000000      0.7890000       1.676091      0.3909890      0.4605694    
       23200   1.000000      0.7965000       1.677811      0.3916778      0.4849181    
       23400   1.000000      0.7951250       1.679006      0.3910818      0.4678605    
       23600   1.000000      0.7986250       1.668274      0.3902613      0.4690844    
