         200  0.7500000      0.5794375       1.284415      0.4442897      0.5758928    
         400  0.8125000      0.6451875       1.208933      0.4338566      0.5570945    
         600  0.8125000      0.6492500       1.176962      0.4335340      0.5261594    
         800  0.9375000      0.7356250       1.398531      0.4008360      0.4788797    
        1000  0.9375000      0.7550000       1.409726      0.4022321      0.4940548    
        1200  0.9375000      0.7555625       1.353380      0.4018674      0.4897960    
        1400  0.9375000      0.7569375       1.313471      0.4054792      0.4963270    
        1600  0.9375000      0.7641250       1.357156      0.3979883      0.4965820    
        1800  0.9375000      0.7528125       1.376946      0.4051465      0.4995117    
        2000  0.9375000      0.7625625       1.365130      0.3979475      0.5133028    
        2200  0.9375000      0.7434375       1.352863      0.4022645      0.4987906    
        2400  0.9375000      0.7574375       1.343108      0.4029598      0.5188165    
        2600  0.9375000      0.7483125       1.326643      0.4056818      0.4947971    
        2800  0.9375000      0.7563750       1.334316      0.4054017      0.4927778    
        3000  0.9375000      0.7287500       1.354295      0.3990563      0.4856805    
        3200  0.9375000      0.7628125       1.372030      0.3990692      0.4981635    
        3400  0.9375000      0.7496250       1.349602      0.4017184      0.5093653    
        3600  0.9375000      0.7477500       1.357930      0.4022684      0.4972223    
        3800  0.9375000      0.7629375       1.338417      0.4016241      0.4998740    
        4000  0.9375000      0.7478125       1.367684      0.4020797      0.4927160    
        4200  0.9375000      0.7730000       1.315352      0.4039405      0.5039063    
        4400  0.9375000      0.7558750       1.353577      0.4013458      0.5364203    
        4600  0.9375000      0.7552500       1.350808      0.4004952      0.4875034    
        4800  0.9375000      0.7518125       1.364887      0.4012837      0.4829102    
        5000  0.9375000      0.7410625       1.351293      0.3994971      0.5093651    
        5200  0.9375000      0.7649375       1.373438      0.4007111      0.5074557    
        5400  0.9375000      0.7731875       1.347328      0.3968177      0.4877779    
        5600  0.9375000      0.7549375       1.348053      0.3982296      0.5109260    
        5800   1.000000      0.7925000       1.703177      0.3908008      0.4724518    
        6000   1.000000      0.7900000       1.701960      0.3855122      0.4695860    
        6200   1.000000      0.7863750       1.683488      0.3878642      0.4715335    
        6400   1.000000      0.8180625       1.721306      0.3861459      0.4771598    
        6600   1.000000      0.8051875       1.685204      0.3856770      0.4666954    
        6800   1.000000      0.7982500       1.707804      0.3891396      0.4582185    
        7000   1.000000      0.7913125       1.675132      0.3921004      0.4807256    
        7200   1.000000      0.8119375       1.710173      0.3906561      0.4615727    
        7400   1.000000      0.8035000       1.698255      0.3895009      0.4706153    
        7600   1.000000      0.8188750       1.724082      0.3901171      0.4663086    
        7800   1.000000      0.7920625       1.691022      0.3852417      0.4729109    
        8000   1.000000      0.7895625       1.697041      0.3889366      0.4604492    
        8200   1.000000      0.8116250       1.705375      0.3877147      0.4802851    
        8400   1.000000      0.8167500       1.732471      0.3900411      0.4819337    
        8600   1.000000      0.8001250       1.691510      0.3916043      0.4812694    
        8800   1.000000      0.8165625       1.725453      0.3926127      0.4799805    
        9000  0.9898499      0.7872078       1.522757      0.4147745      0.4875035    
        9200  0.9898499      0.7905051       1.528189      0.4107477      0.4848633    
        9400  0.9898499      0.7778143       1.511715      0.4141613      0.4866668    
        9600  0.9898499      0.7726589       1.509581      0.4175282      0.5095404    
        9800  0.9898499      0.8041373       1.525028      0.4139443      0.4968783    
       10000  0.9898499      0.7870733       1.525276      0.4102562      0.4921874    
       10200  0.9898499      0.7844030       1.512528      0.4144285      0.5000001    
       10400  0.9898499      0.7887502       1.521960      0.4117455      0.5044092    
       10600  0.9898499      0.8123318       1.536917      0.4146183      0.5039052    
       10800  0.9898499      0.8052146       1.536662      0.4128374      0.4926759    
       11000  0.9898499      0.7939045       1.525281      0.4147596      0.4907283    
       11200  0.9898499      0.7908285       1.522447      0.4137717      0.4992818    
       11400  0.9898499      0.7884589       1.523581      0.4148597      0.4939533    
       11600  0.9898499      0.7798868       1.516105      0.4172359      0.4894444    
       11800  0.9898499      0.7881735       1.521236      0.4129793      0.4810535    
       12000   1.000000      0.7962500       1.675880      0.3943157      0.4762160    
       12200   1.000000      0.7888125       1.681534      0.3974485      0.4752066    
       12400   1.000000      0.7888750       1.681659      0.3954859      0.4829101    
       12600   1.000000      0.8024375       1.688036      0.3951820      0.4761249    
       12800   1.000000      0.8091250       1.674685      0.3932497      0.4761249    
       13000   1.000000      0.8039375       1.676665      0.3937848      0.4908038    
       13200   1.000000      0.8166875       1.659824      0.3931237      0.4828303    
       13400   1.000000      0.8076250       1.680679      0.3903849      0.4885536    
       13600   1.000000      0.8054375       1.660601      0.3882341      0.4746094    
       13800   1.000000      0.7984375       1.690457      0.3942840      0.4802217    
       14000   1.000000      0.8031875       1.685479      0.3951042      0.4833506    
       14200   1.000000      0.7883125       1.689220      0.3916582      0.4696970    
       14400   1.000000      0.7948750       1.706937      0.3949687      0.4783660    
       14600   1.000000      0.8007500       1.673447      0.3969541      0.4750260    
       14800   1.000000      0.7982500       1.699824      0.3951058      0.4715336    
       15000   1.000000      0.7885000       1.707786      0.3961217      0.4906347    
       15200   1.000000      0.8011250       1.692377      0.3968891      0.4906346    
       15400   1.000000      0.7846250       1.691477      0.3953102      0.4854318    
       15600   1.000000      0.7933125       1.691318      0.3943847      0.4885536    
       15800   1.000000      0.7973125       1.666447      0.3948390      0.4711914    
       16000   1.000000      0.8023125       1.729933      0.3951251      0.4692383    
       16200   1.000000      0.8105625       1.730695      0.3935782      0.4779613    
       16400   1.000000      0.7947500       1.690000      0.3950488      0.4702149    
       16600   1.000000      0.7825625       1.679667      0.3953381      0.4852608    
       16800   1.000000      0.7826875       1.661425      0.3961823      0.4710060    
       17000   1.000000      0.7792500       1.674949      0.3920950      0.4877930    
       17200   1.000000      0.8066250       1.666203      0.3961881      0.4890740    
       17400   1.000000      0.7810625       1.671582      0.4003524      0.4842530    
       17600   1.000000      0.7883750       1.681514      0.3962879      0.4956054    
       17800   1.000000      0.7839375       1.691133      0.3940012      0.4948350    
       18000   1.000000      0.7993750       1.697434      0.3962964      0.4848633    
       18200   1.000000      0.7903125       1.690785      0.3915508      0.4961032    
       18400   1.000000      0.7796250       1.681312      0.3925904      0.4760743    
       18600   1.000000      0.7981875       1.674548      0.3967341      0.4856806    
       18800   1.000000      0.7910000       1.684207      0.3866348      0.4671202    
       19000   1.000000      0.7815625       1.705420      0.3952629      0.4752663    
       19200   1.000000      0.7915625       1.663326      0.3989369      0.4923077    
       19400   1.000000      0.7949375       1.690130      0.4013706      0.4785157    
       19600   1.000000      0.8156250       1.709221      0.3938898      0.4785799    
       19800   1.000000      0.8039375       1.684382      0.4000531      0.4877804    
       20000   1.000000      0.7963125       1.696681      0.3945636      0.4834709    
       20200   1.000000      0.7992500       1.686340      0.3961926      0.4765869    
       20400   1.000000      0.7977500       1.653263      0.3947601      0.4762160    
       20600   1.000000      0.7836875       1.696948      0.3944279      0.4805160    
       20800   1.000000      0.8105625       1.710054      0.3920412      0.4989595    
       21000   1.000000      0.8103750       1.689725      0.3872017      0.4761248    
       21200   1.000000      0.7882500       1.680201      0.3940283      0.4912109    
       21400   1.000000      0.7957500       1.677290      0.3950179      0.4825529    
       21600   1.000000      0.8010625       1.697656      0.3945132      0.4843913    
       21800   1.000000      0.7918125       1.718022      0.3919801      0.4635928    
       22000   1.000000      0.7916875       1.730838      0.3911383      0.4797980    
       22200   1.000000      0.7859375       1.653135      0.3913274      0.4686390    
       22400   1.000000      0.7895625       1.703669      0.3873925      0.4747475    
       22600   1.000000      0.7936875       1.697069      0.3968127      0.4842530    
       22800   1.000000      0.8181250       1.706264      0.4001271      0.4913609    
       23000   1.000000      0.8045000       1.684042      0.3960277      0.4739854    
       23200   1.000000      0.8103125       1.686023      0.3980045      0.4907226    
       23400   1.000000      0.7888125       1.691776      0.3916966      0.4710059    
       23600   1.000000      0.8036250       1.709189      0.3945223      0.4791884    
