          20  0.7500000      0.7313875       1.049857      0.4204587      0.5008818    
          40  0.8125000      0.8069500       1.473675      0.3982185      0.4674013    
          60  0.8125000      0.7333000      0.9708027      0.4058031      0.4938273    
          80  0.8125000      0.8043125       1.463248      0.4132908      0.5131837    
         100  0.8125000      0.7839125       1.451048      0.4236002      0.4983623    
         120  0.8750000      0.8584375       1.579318      0.3974277      0.4705882    
         140  0.8750000      0.7847875       1.456895      0.4297365      0.5224978    
         160  0.8750000      0.8597250       1.646513      0.4317791      0.5165030    
         180  0.8750000      0.7897875       1.440819      0.4143473      0.4826990    
         200  0.8750000      0.8587125       1.984327      0.4315006      0.5284664    
         220  0.8125000      0.7854375       1.568149      0.4125979      0.5333036    
         240  0.8750000      0.8609125       2.024910      0.4129000      0.4795265    
         260  0.8125000      0.7886000       1.858296      0.4296691      0.5028974    
         280  0.9375000      0.9166625       2.148891      0.4250612      0.5038927    
         300  0.8750000      0.7905750       1.917040      0.4260736      0.5068870    
         320  0.9375000      0.9164375       2.020637      0.4310355      0.5004883    
         340  0.8750000      0.8039125       1.594466      0.4355541      0.5159904    
         360  0.9375000      0.9174375       1.713136      0.4415775      0.5044093    
         380  0.8125000      0.7864250       1.561801      0.4555931      0.5159990    
         400  0.9375000      0.9125125       1.962241      0.4655917      0.5405917    
         420  0.8750000      0.7851750       1.490192      0.4665914      0.5447215    
         440  0.9375000      0.9149000       1.602516      0.4569080      0.5260772    
         460  0.8750000      0.7967375       1.507107      0.4694131      0.5509272    
         480  0.9375000      0.9145250       1.763675      0.4447669      0.5386982    
         500  0.8750000      0.8033000       1.385686      0.4595755      0.5683333    
         520   1.000000      0.9532500       1.499835      0.4639900      0.5180665    
         540  0.8750000      0.8413000       1.426356      0.4597323      0.5463867    
         560   1.000000      0.9416625       1.453900      0.4417964      0.5004882    
         580  0.8750000      0.8481500       1.436233      0.4502043      0.5260144    
         600  0.9875000      0.9116875       1.564888      0.4521352      0.5190429    
         620  0.8750000      0.8102500       1.398209      0.4564470      0.5437044    
         640   1.000000      0.8706500       1.330302      0.4633181      0.5417982    
         660  0.8750000      0.8487750       1.287599      0.4821751      0.5416232    
         680   1.000000      0.9717375       1.448040      0.4874547      0.5447217    
         700  0.8750000      0.8425625       1.363227      0.4697674      0.5326280    
         720   1.000000      0.9738875       1.454694      0.4713468      0.5249704    
         740  0.8750000      0.8357250       1.413171      0.4617410      0.5240237    
         760   1.000000      0.9060625       1.482339      0.4578787      0.5705555    
         780  0.8750000      0.8467750       1.204543      0.4621361      0.5331900    
         800  0.8750000      0.8592625       1.326176      0.4591195      0.5102540    
         820  0.8750000      0.8446250       1.392089      0.4472265      0.4956055    
         840  0.8750000      0.8606500       1.188992      0.4736761      0.5385016    
         860  0.8750000      0.8460000       1.375915      0.4382468      0.5135275    
         880  0.8750000      0.8615375       1.016884      0.4850730      0.5727779    
         900  0.8750000      0.8480625       1.292005      0.4543632      0.5239872    
         920  0.8750000      0.8593500       1.671396      0.4363883      0.4736329    
         940  0.8750000      0.8518875       1.212478      0.4262596      0.4983623    
         960  0.8750000      0.8603125       1.581791      0.4340076      0.4953388    
         980  0.8750000      0.7851125       1.536283      0.4163100      0.5020812    
        1000  0.8750000      0.8573250       1.447082      0.4382558      0.5211111    
        1020  0.8750000      0.8510125       1.423758      0.4283021      0.5011112    
        1040  0.8750000      0.8603375       1.379367      0.4327849      0.5312213    
        1060  0.8750000      0.8485500       1.476302      0.4249134      0.5023936    
        1080  0.9250000      0.8903250       1.878362      0.4178012      0.5054169    
        1100  0.8750000      0.8398875       1.353045      0.4439251      0.4973545    
        1120   1.000000      0.8841250       1.361022      0.4575147      0.5426639    
        1140  0.8750000      0.8477500       1.360760      0.4800445      0.5433334    
        1160  0.8750000      0.8609875       1.383536      0.4676960      0.5516667    
        1180  0.8750000      0.8509750       1.319178      0.4362718      0.5254438    
        1200   1.000000      0.8882125       1.344745      0.4363524      0.5229777    
        1220  0.8750000      0.8477625       1.223149      0.4371084      0.5265349    
        1240   1.000000      0.9730375       1.336782      0.4211270      0.4868164    
        1260  0.8750000      0.8535625       1.063482      0.4129791      0.4988889    
        1280   1.000000      0.9747250       1.409343      0.4114391      0.5098225    
        1300  0.8750000      0.8454250       1.268228      0.4119645      0.4731446    
        1320   1.000000      0.9704750       1.390138      0.4095277      0.5174472    
        1340  0.8750000      0.8467375       1.241730      0.4218718      0.4986226    
        1360   1.000000      0.9734875       1.406387      0.4200740      0.5061261    
        1380  0.8750000      0.8417125       1.318228      0.4233702      0.4885216    
        1400   1.000000      0.9701000       1.446513      0.4237887      0.4843892    
        1420  0.8750000      0.8432125       1.077968      0.4323898      0.4970703    
        1440   1.000000      0.9775750       1.454631      0.4288335      0.5013857    
        1460  0.8750000      0.8308875       1.462621      0.4219470      0.4779412    
        1480   1.000000      0.9753375       1.428012      0.4474712      0.5234160    
        1500  0.8750000      0.8392500       1.249612      0.4536738      0.5143778    
        1520   1.000000      0.9588875       1.382570      0.4555866      0.5725326    
        1540  0.8750000      0.8469375       1.335202      0.4400904      0.5397924    
        1560   1.000000      0.9740875       1.464002      0.4255759      0.5124871    
        1580  0.8750000      0.8493375       1.454035      0.4081675      0.4831315    
        1600   1.000000      0.9718875       1.468712      0.4217469      0.4940967    
        1620  0.8750000      0.8491875       1.226229      0.4237873      0.4795266    
        1640   1.000000      0.9522750       1.315527      0.4415213      0.5210380    
        1660  0.8750000      0.8440625       1.335073      0.4339041      0.5041623    
        1680   1.000000      0.9605000       1.602515      0.4473069      0.5009182    
        1700  0.8750000      0.8520625      0.9681953      0.4433505      0.5239334    
        1720   1.000000      0.9729750       1.664984      0.4712645      0.5119181    
        1740   1.000000      0.8475500       1.198617      0.4556459      0.5471152    
        1760   1.000000      0.9696250       1.384446      0.4591558      0.5288482    
        1780   1.000000      0.8500500       1.001357      0.4639815      0.5493428    
        1800   1.000000      0.9128000       1.652878      0.4702335      0.5385743    
        1820  0.8750000      0.8221250       1.390800      0.4652084      0.5278107    
        1840  0.9375000      0.9162125       1.670567      0.4600921      0.5514793    
        1860   1.000000      0.8487125      0.9106102      0.4765607      0.5442247    
        1880  0.9375000      0.8684125       1.412304      0.4737074      0.5652072    
        1900  0.9875000      0.8459000       1.583981      0.4586356      0.5316805    
        1920  0.9375000      0.9062750       1.587146      0.4420856      0.4885208    
        1940  0.8750000      0.8489125      0.9005595      0.4656548      0.5604734    
        1960  0.9375000      0.9134375       1.595980      0.4547072      0.4981635    
        1980  0.8750000      0.8226375       1.272684      0.4589423      0.5595271    
        2000  0.9375000      0.9166750       1.539968      0.4381647      0.5008285    
        2020  0.8750000      0.8203625       1.195756      0.4357949      0.5240615    
        2040   1.000000      0.9438000       1.408062      0.4610983      0.5331318    
        2060  0.8750000      0.8445375       1.289130      0.4812440      0.5473631    
        2080   1.000000      0.9741625       1.471715      0.4648624      0.5429585    
        2100  0.8750000      0.8466625       1.262643      0.4453939      0.5268555    
        2120   1.000000      0.9735625       1.227394      0.5101799      0.5593132    
        2140  0.8750000      0.7915375       1.356238      0.4655916      0.5594530    
        2160   1.000000      0.9714500       1.405695      0.4849031      0.5603538    
        2180  0.8750000      0.7960875       1.093674      0.4993013      0.5567117    
        2200   1.000000      0.9728375       1.301704      0.4950634      0.5588309    
        2220  0.8750000      0.8485375       1.385446      0.4547850      0.5613944    
        2240   1.000000      0.9730125       1.651069      0.4681033      0.5422406    
        2260   1.000000      0.9011250       1.320997      0.4537308      0.5367309    
        2280   1.000000      0.9685375       1.317474      0.4816583      0.5635813    
        2300   1.000000      0.8475500       1.277039      0.4456890      0.5367310    
        2320   1.000000      0.9699500       1.338594      0.4684345      0.5725435    
        2340  0.8750000      0.8494750       1.471272      0.4414550      0.5009183    
        2360   1.000000      0.9701250       1.390618      0.4682422      0.5336914    
        2380   1.000000      0.7932875       1.391991      0.4329643      0.5341796    
        2400   1.000000      0.9075500       1.569706      0.4145912      0.5279573    
        2420   1.000000      0.8485875       1.067610      0.4272187      0.5185987    
        2440   1.000000      0.9713625       1.132519      0.4599959      0.5415384    
        2460   1.000000      0.9690125      0.8400651      0.4446826      0.5200195    
        2480   1.000000      0.9688250       1.154313      0.4716329      0.5426598    
        2500   1.000000      0.8772625       1.324623      0.4231969      0.5185546    
        2520   1.000000      0.9758375       1.299701      0.4392413      0.5055096    
        2540   1.000000      0.9636250       1.093705      0.4280348      0.5009183    
        2560   1.000000      0.9676875       1.227308      0.4572135      0.5303031    
        2580   1.000000      0.9664500       1.204155      0.4420088      0.5220386    
        2600   1.000000      0.9711750       1.313696      0.4422202      0.5128558    
        2620   1.000000      0.9697000       1.054107      0.4386881      0.5003550    
        2640   1.000000      0.9736375       1.262701      0.4520353      0.5229778    
        2660   1.000000      0.9666125       1.230189      0.4706780      0.5408778    
        2680   1.000000      0.9676250       1.176230      0.4522087      0.5306509    
        2700   1.000000      0.9364750       1.063143      0.4324227      0.5190429    
        2720   1.000000      0.9709750       1.247206      0.4383395      0.4981636    
        2740   1.000000      0.9635000       1.089062      0.4354779      0.4848616    
        2760   1.000000      0.9676875       1.528764      0.4437609      0.5186011    
        2780   1.000000      0.8514750       1.317966      0.4298511      0.5146923    
        2800   1.000000      0.9694625       1.392514      0.4363882      0.5049130    
        2820  0.8750000      0.8447750      0.9731000      0.4381644      0.4958428    
        2840  0.8750000      0.8558750       1.368333      0.4447032      0.5336914    
        2860  0.8750000      0.8255500       1.414732      0.4603763      0.5178699    
        2880  0.9875000      0.8771500       1.353123      0.4665153      0.5684051    
        2900  0.8750000      0.8467375       1.119837      0.4654577      0.5519527    
        2920   1.000000      0.8644500       1.331215      0.4929562      0.5832465    
        2940  0.8750000      0.8437250       1.349775      0.4688559      0.5697190    
        2960  0.8750000      0.8579625       1.456156      0.4668339      0.5361552    
        2980  0.8750000      0.8420500       1.187555      0.4536701      0.5376669    
        3000   1.000000      0.8633000       1.297575      0.4521679      0.5491124    
        3020  0.8750000      0.8386500       1.232378      0.4398232      0.5366592    
        3040  0.8750000      0.8627125       1.385090      0.4375821      0.5444772    
        3060  0.8750000      0.8434375       1.362310      0.4516983      0.5155709    
        3080  0.8750000      0.8604375       1.398020      0.4623439      0.5472190    
        3100  0.8750000      0.8446875       1.488437      0.4563121      0.5327778    
        3120   1.000000      0.8614750       1.357769      0.4531196      0.5395508    
        3140  0.8750000      0.8479125       1.219319      0.4408472      0.4999999    
        3160  0.8750000      0.8625000       1.431935      0.4185869      0.5260771    
        3180   1.000000      0.8481000       1.272733      0.4160112      0.4829102    
        3200   1.000000      0.8639875       1.329533      0.4208637      0.5020155    
        3220  0.8750000      0.8392875       1.385869      0.3939432      0.4807162    
        3240  0.8750000      0.8598875       1.292989      0.4250242      0.5661157    
        3260  0.8750000      0.8476875       1.200851      0.4136053      0.4931128    
        3280  0.8750000      0.8570500       1.469370      0.4381092      0.5213320    
        3300   1.000000      0.8575750       1.430525      0.4521456      0.5092773    
        3320  0.8750000      0.8608000       1.444877      0.4524355      0.5388889    
        3340   1.000000      0.8503750       1.447059      0.4448025      0.5244537    
        3360  0.8750000      0.8596375       1.392467      0.4456447      0.5419922    
        3380  0.8750000      0.8486000       1.457935      0.4635314      0.5546895    
        3400  0.9375000      0.8609750       1.465552      0.4610439      0.5467456    
        3420   1.000000      0.8521875       1.431249      0.4491260      0.5393599    
        3440  0.9375000      0.9148250       1.837519      0.4337482      0.5102539    
        3460  0.8750000      0.8235000       1.389570      0.4282361      0.4970414    
        3480  0.9375000      0.9169000       2.004158      0.4445974      0.5301083    
        3500  0.8750000      0.7958375       1.801768      0.4105730      0.5151367    
        3520  0.9375000      0.9184375       1.998868      0.4570842      0.5266300    
        3540  0.8750000      0.7934250       1.801927      0.4406300      0.5255733    
        3560  0.9375000      0.9130375       2.104505      0.4299633      0.4897461    
        3580  0.8750000      0.7973625       1.821121      0.4489951      0.5468261    
        3600  0.9375000      0.9144250       1.771980      0.4470119      0.5226036    
        3620  0.8125000      0.7891000       1.737272      0.4573909      0.5533728    
        3640  0.9375000      0.9164375       1.550361      0.4649562      0.5260772    
        3660  0.8750000      0.7997875       1.324653      0.4635611      0.5483334    
        3680  0.9375000      0.9185875       1.551133      0.4548196      0.5280073    
        3700  0.8125000      0.7913625       1.490802      0.4535515      0.5249023    
        3720  0.9375000      0.9142750       1.554753      0.4497996      0.5339645    
        3740  0.8750000      0.7888875       1.561970      0.4499935      0.5477023    
        3760  0.9375000      0.9175750       1.887788      0.4294157      0.4963467    
        3780  0.8750000      0.7928625       1.798221      0.4300225      0.5183433    
        3800  0.9375000      0.9172625       2.022562      0.4306459      0.4946745    
        3820  0.8750000      0.7871750       2.076017      0.4134216      0.4908037    
        3840  0.9375000      0.9174750       2.207323      0.4350623      0.5224609    
        3860  0.8750000      0.7873875       2.097639      0.4250931      0.5172222    
        3880  0.9375000      0.9163375       2.142847      0.4308777      0.5063477    
        3900  0.8750000      0.8125625       1.791726      0.4406589      0.5253906    
        3920  0.9375000      0.9174625       1.863538      0.4190161      0.5166494    
        3940  0.8750000      0.8444500       1.554254      0.3853345      0.4676923    
        3960  0.9375000      0.9161875       1.645043      0.4035395      0.4753461    
        3980  0.8750000      0.7884750       1.625083      0.4048259      0.5203832    
        4000  0.9375000      0.9140500       1.728872      0.3974185      0.4837491    
        4020  0.8750000      0.8321625       1.479436      0.4152981      0.4839965    
        4040   1.000000      0.8926750       1.487956      0.4301631      0.5190429    
        4060  0.8750000      0.8505375       1.445376      0.4447812      0.5259172    
        4080  0.9375000      0.8707125       1.562407      0.4435378      0.5613945    
        4100  0.8750000      0.8453125       1.487341      0.4454526      0.5361552    
        4120   1.000000      0.8592750       1.436449      0.4549799      0.5457789    
        4140  0.8750000      0.8528500       1.476651      0.4599941      0.5452256    
        4160  0.8750000      0.8595250       1.532233      0.4538976      0.5449953    
        4180  0.8750000      0.8547500       1.431600      0.4432513      0.5254439    
        4200  0.9375000      0.9170000       1.863532      0.4629880      0.5268639    
        4220  0.8750000      0.8117500       1.238880      0.4745975      0.5452254    
        4240   1.000000      0.8903375       1.682520      0.4432682      0.5450000    
        4260  0.8750000      0.7922500       1.491779      0.4149659      0.5141601    
        4280  0.9375000      0.9173500       1.650515      0.4219709      0.5036686    
        4300  0.8750000      0.8196625       1.338218      0.4256926      0.5124869    
        4320  0.9375000      0.8606750       1.521716      0.4288438      0.5240614    
        4340  0.8750000      0.8350125       1.833387      0.4371004      0.4906346    
        4360  0.8750000      0.8599750       1.587736      0.4413371      0.5270849    
        4380  0.8750000      0.8484250       1.422984      0.4239020      0.5013858    
        4400  0.9375000      0.8622000       1.447525      0.4594766      0.5107422    
        4420  0.8750000      0.8476000      0.9927464      0.4537658      0.5151367    
        4440  0.9875000      0.9027000       2.118385      0.4243922      0.4715335    
        4460  0.8750000      0.8052750       1.640802      0.4284939      0.4979882    
        4480  0.9375000      0.9174750       2.003112      0.4441785      0.5117160    
        4500  0.8750000      0.8200750       1.392717      0.4651484      0.5229570    
        4520  0.9375000      0.8708000       1.682737      0.4466174      0.5104058    
        4540  0.8750000      0.7889375       1.746756      0.4567249      0.5280958    
        4560  0.9375000      0.9148500       2.002096      0.4457927      0.5013018    
        4580  0.8750000      0.7896500       1.788587      0.4326163      0.5114465    
        4600  0.9375000      0.9158000       2.004558      0.4710279      0.5197633    
        4620  0.8750000      0.8108125       1.591223      0.4767080      0.5405829    
        4640  0.9375000      0.9149125       2.101499      0.4399867      0.5018365    
        4660  0.8750000      0.8409250       1.285735      0.4730080      0.5356445    
        4680  0.9375000      0.8742750       1.794469      0.4486890      0.5266206    
        4700  0.8125000      0.7888625       1.803043      0.4469488      0.5306510    
        4720  0.9375000      0.9151000       1.770066      0.4345704      0.5079365    
        4740  0.8750000      0.7955375       1.677203      0.4427482      0.5197527    
        4760  0.9375000      0.9171000       1.971146      0.4435747      0.5226035    
        4780  0.8750000      0.8155500       1.551503      0.4406959      0.5187305    
        4800   1.000000      0.9537125       2.059296      0.4497231      0.5111110    
        4820  0.8750000      0.8505625       1.436840      0.4485091      0.5301768    
        4840   1.000000      0.9619000       1.681879      0.4420165      0.5200196    
        4860  0.8750000      0.8454125       1.096221      0.4327788      0.5126627    
        4880   1.000000      0.9732375       1.702032      0.4678292      0.5174471    
        4900  0.8750000      0.8275375       1.406238      0.4405650      0.5278107    
        4920   1.000000      0.9738250       2.226156      0.4557244      0.4927601    
        4940  0.8750000      0.8408000       1.550637      0.4380335      0.5210381    
        4960   1.000000      0.9718375       1.694031      0.4425680      0.5017752    
        4980  0.8750000      0.8456250       1.331683      0.4703565      0.5255731    
        5000   1.000000      0.8649250       1.489977      0.4855210      0.5578231    
        5020  0.8125000      0.7843250       1.674863      0.4667442      0.5274345    
        5040   1.000000      0.8601000       1.508675      0.4908862      0.5761892    
        5060  0.8750000      0.8002000       1.433026      0.4858072      0.5483333    
        5080   1.000000      0.9137625       1.459509      0.4552513      0.5363314    
        5100  0.8750000      0.8457250       1.109689      0.4469304      0.5467373    
        5120   1.000000      0.8719875       1.351832      0.4558041      0.5644444    
        5140  0.8750000      0.8439000       1.309642      0.4537358      0.5544446    
        5160   1.000000      0.9732500       1.429055      0.4645676      0.5366210    
        5180  0.8750000      0.8469375       1.442013      0.4272031      0.5427060    
        5200   1.000000      0.9787250       1.689225      0.4469455      0.5336914    
        5220  0.8750000      0.8443750       1.723995      0.4572358      0.5128091    
        5240   1.000000      0.8608625       1.453853      0.4682578      0.5482489    
        5260  0.8750000      0.8503750      0.8420274      0.4996573      0.5434571    
        5280   1.000000      0.9621500       1.704826      0.4690103      0.5168188    
        5300  0.8750000      0.8469750       1.438977      0.4533508      0.5358580    
        5320   1.000000      0.9647875       1.338492      0.4814070      0.5627520    
        5340  0.8750000      0.8470125       1.081836      0.4709439      0.5670519    
        5360   1.000000      0.9653000       1.362952      0.4904847      0.5598388    
        5380  0.8750000      0.8384875       1.320918      0.4784922      0.5447450    
        5400   1.000000      0.9733125       1.423257      0.4407913      0.5175782    
        5420  0.8750000      0.8483875      0.9357541      0.4338502      0.5369406    
        5440  0.8750000      0.8618875       1.230774      0.4491027      0.5385016    
        5460  0.8750000      0.8365000       1.319963      0.4134455      0.4951479    
        5480  0.8750000      0.8627875       1.293743      0.4297975      0.5131836    
        5500  0.8750000      0.7942000       1.249633      0.4309607      0.5200195    
        5520  0.8750000      0.8607750       1.341958      0.4738212      0.5966238    
        5540  0.8750000      0.8417125       1.245813      0.4638046      0.5244971    
        5560  0.8750000      0.8588125       1.278399      0.4696823      0.5582725    
        5580  0.8750000      0.8487250       1.029148      0.4625117      0.5332986    
        5600  0.8750000      0.8606625       1.369134      0.4471070      0.5332031    
        5620  0.8750000      0.8425500      0.8575207      0.4650525      0.5170653    
        5640  0.8750000      0.8612125       1.283575      0.4547076      0.5527841    
        5660  0.8750000      0.8426250       1.066980      0.4378293      0.4998657    
        5680  0.9375000      0.8592000       1.431504      0.4454442      0.5084023    
        5700  0.8750000      0.7978125       1.498524      0.4567849      0.5326990    
        5720  0.9375000      0.8623750       1.543149      0.4626799      0.5301084    
        5740  0.8750000      0.8147625       1.538309      0.4665523      0.5573192    
        5760  0.8750000      0.8610750       1.503891      0.4433130      0.5561112    
        5780  0.8125000      0.7489250       1.286518      0.4371990      0.5291582    
        5800  0.8750000      0.8644000       1.388306      0.4287588      0.4958788    
        5820  0.8125000      0.7303125       1.177119      0.4140268      0.4961032    
        5840  0.8750000      0.8638625       1.647860      0.4157982      0.4937564    
        5860  0.8750000      0.7825000       1.473261      0.4334233      0.5083007    
        5880  0.8750000      0.8609250       1.432576      0.4274535      0.5072840    
        5900  0.8750000      0.8492625       1.543746      0.4297069      0.5224403    
        5920  0.8750000      0.8618875       1.460094      0.4410921      0.5224403    
        5940  0.8750000      0.8430250       1.597319      0.4474747      0.5183656    
        5960  0.8750000      0.8578000       1.599917      0.4514411      0.5229568    
        5980  0.8750000      0.8442625       1.447120      0.4119963      0.4779614    
        6000   1.000000      0.8562000       1.533625      0.4459708      0.5249023    
        6020  0.8750000      0.8466625       1.357796      0.4504900      0.5349112    
        6040   1.000000      0.8603000       1.463009      0.4701086      0.5431842    
        6060  0.8750000      0.8420500       1.360412      0.4867459      0.5494276    
        6080   1.000000      0.9389875       1.358168      0.4626422      0.5578231    
        6100  0.8750000      0.8462125       1.215732      0.4647868      0.5243929    
        6120   1.000000      0.9735500       1.304349      0.4475274      0.5119218    
        6140  0.8750000      0.8473625       1.276454      0.4486111      0.5133028    
        6160   1.000000      0.8578875       1.372498      0.4512463      0.5308820    
        6180  0.8750000      0.8464000       1.188119      0.4517202      0.5111529    
        6200  0.8750000      0.8598500       1.397473      0.4515804      0.5407148    
        6220  0.8750000      0.8482875       1.487814      0.4337207      0.5109600    
        6240   1.000000      0.8902125       1.305370      0.4681770      0.5401865    
        6260   1.000000      0.8490375       1.137266      0.4614051      0.5450001    
        6280  0.8750000      0.8601000       1.473938      0.4635614      0.5476922    
        6300  0.8750000      0.8434000       1.411644      0.4410729      0.5255732    
        6320   1.000000      0.8626875       1.507385      0.4459994      0.5301085    
        6340  0.8750000      0.8494375       1.544108      0.4459167      0.5351475    
        6360  0.8750000      0.8604500       1.545963      0.4523918      0.5353798    
        6380  0.8750000      0.8508750       1.535255      0.3974023      0.4917355    
        6400  0.8750000      0.8603125       1.617517      0.4109927      0.5004031    
        6420  0.8750000      0.8484250       1.319726      0.4013250      0.5010405    
        6440  0.8750000      0.8593875       1.431926      0.4253749      0.5106153    
        6460  0.8750000      0.8515625       1.544691      0.4195114      0.5170898    
        6480  0.8750000      0.8603625       1.546914      0.4367032      0.5190430    
        6500  0.8750000      0.7941375       1.277687      0.4456021      0.5111529    
        6520  0.8750000      0.8625625       1.516839      0.4345706      0.5261111    
        6540  0.8750000      0.8447375       1.619972      0.4114296      0.4871442    
        6560   1.000000      0.9040750       1.475252      0.4263941      0.5182102    
        6580  0.8750000      0.8301125       1.082358      0.4272361      0.4724261    
        6600   1.000000      0.9509000       1.377332      0.4409631      0.5117159    
        6620  0.8750000      0.8350500       1.301172      0.4255459      0.5110193    
        6640   1.000000      0.9632750       1.437418      0.4301876      0.5119376    
        6660  0.8750000      0.8434000       1.336615      0.4051718      0.4785799    
        6680   1.000000      0.9751875       1.543214      0.4304015      0.5110192    
        6700  0.8750000      0.8472625       1.322450      0.4234627      0.4861540    
        6720   1.000000      0.9752125       1.431468      0.4390224      0.5064279    
        6740  0.8750000      0.8481875       1.270773      0.4387448      0.5292310    
        6760   1.000000      0.9722250       1.539137      0.4609731      0.5399449    
        6780  0.8750000      0.8449250       1.278139      0.4462528      0.5064280    
        6800   1.000000      0.9750875       1.399623      0.4261236      0.4972452    
        6820  0.8750000      0.8466125       1.226337      0.4206938      0.4985353    
        6840   1.000000      0.8747875       1.520424      0.4233979      0.5073242    
        6860  0.8750000      0.8463625       1.277947      0.4251817      0.5210382    
        6880   1.000000      0.8924625       1.741304      0.4355378      0.5477022    
        6900  0.8750000      0.8453500       1.520645      0.4364014      0.5175781    
        6920  0.8750000      0.8605500       1.439297      0.4647035      0.5679013    
        6940  0.8750000      0.8461625       1.233591      0.4630431      0.5434319    
        6960   1.000000      0.9506875       1.534472      0.4490553      0.5606019    
        6980  0.8750000      0.8298625       1.116370      0.4511870      0.5214843    
        7000   1.000000      0.9295625       1.786493      0.4683686      0.5933334    
        7020  0.8750000      0.8459000       1.138908      0.4637286      0.5331318    
        7040   1.000000      0.9500250       1.789763      0.4568715      0.5275889    
        7060  0.8750000      0.8492250       1.576409      0.4455327      0.5112305    
        7080   1.000000      0.9693250       1.476023      0.4662458      0.5278321    
        7100  0.8750000      0.8498250       1.242502      0.4815719      0.5578513    
        7120   1.000000      0.9708000       1.461761      0.4404566      0.5237889    
        7140  0.8750000      0.8467375       1.132605      0.4471323      0.5221303    
        7160   1.000000      0.9732750       1.379494      0.4507095      0.4995116    
        7180  0.8750000      0.8453000       1.090527      0.4417979      0.5239258    
        7200   1.000000      0.8575500       1.398489      0.4575521      0.5461113    
        7220  0.8750000      0.7948375       1.638723      0.4686097      0.5405918    
        7240  0.8750000      0.8605750       1.837039      0.4407909      0.5361552    
        7260  0.8750000      0.7901000       1.747967      0.4060339      0.5473633    
        7280  0.8750000      0.8571125       1.950805      0.4333654      0.4981635    
        7300  0.8750000      0.8144375       1.676829      0.3996631      0.5004882    
        7320  0.8750000      0.8575125       1.706546      0.4386576      0.5563115    
        7340  0.8125000      0.7559625      0.5686609      0.4462319      0.5489075    
        7360  0.9375000      0.9156375       1.695695      0.4408415      0.5105815    
        7380  0.8750000      0.7884125       1.545341      0.4318488      0.5036730    
        7400  0.8750000      0.8604750       1.657771      0.4241507      0.5018896    
        7420  0.8125000      0.7917875       1.434746      0.4323413      0.5091828    
        7440  0.9375000      0.8612875       1.359654      0.4442520      0.5110269    
        7460  0.7500000      0.7303000      0.6278596      0.4555064      0.5644910    
        7480  0.8750000      0.8619375       1.480301      0.4377388      0.5180146    
        7500  0.8750000      0.7902875       1.605700      0.4155149      0.4908037    
        7520  0.8750000      0.8622750       1.648180      0.4300984      0.4838495    
        7540  0.8125000      0.7901250       1.458570      0.4078307      0.4981635    
        7560  0.8750000      0.8617750       1.718532      0.4204409      0.5350347    
        7580  0.8750000      0.7794875       1.637470      0.4100904      0.4741210    
        7600  0.8750000      0.8609875       1.668467      0.4159121      0.5063155    
        7620  0.8125000      0.7901625       1.643711      0.3874427      0.4775087    
        7640  0.8750000      0.8565375       1.778357      0.4610922      0.5661156    
        7660  0.8125000      0.7523000       1.259513      0.3990234      0.4842530    
        7680  0.8750000      0.8572250       1.676140      0.4075583      0.4975585    
        7700  0.8125000      0.7746875       1.129851      0.4110569      0.5541521    
        7720  0.8750000      0.8565500       1.580656      0.4138739      0.4982531    
        7740  0.8125000      0.7866125       1.268267      0.4397341      0.5310400    
        7760  0.9375000      0.8639250       1.692789      0.4063977      0.5003778    
        7780  0.8125000      0.7876625       1.297956      0.4494826      0.5159990    
        7800  0.8750000      0.8623375       1.671693      0.4242141      0.5248384    
        7820  0.8125000      0.7873750       1.516029      0.4477722      0.5312213    
        7840  0.8750000      0.8614250       1.891279      0.4270567      0.5017751    
        7860  0.8125000      0.7906250       1.474097      0.4022588      0.4779412    
        7880  0.8750000      0.8582875       1.537718      0.4241461      0.5083538    
        7900  0.8750000      0.7942500       1.582294      0.4132897      0.4942012    
        7920  0.8750000      0.8585250       1.786229      0.4114004      0.4711913    
        7940  0.8750000      0.7833125       1.484246      0.4226193      0.5169232    
        7960  0.8750000      0.8555625       1.685211      0.4148799      0.4775023    
        7980  0.8125000      0.7858750       1.565484      0.4297174      0.4960947    
        8000  0.8750000      0.8592500       1.372666      0.4457417      0.5116904    
        8020  0.8125000      0.7831875       1.394836      0.4226279      0.5342650    
        8040  0.8750000      0.8597750       1.750587      0.4156359      0.4928194    
        8060  0.8125000      0.7839250       1.803938      0.4479762      0.5502645    
        8080  0.8750000      0.8611250       2.099668      0.4593748      0.5301776    
        8100  0.8750000      0.7877500       1.532058      0.4718768      0.5245654    
        8120  0.8750000      0.8620750       2.252299      0.4505660      0.5452456    
        8140  0.8125000      0.7686500       1.044352      0.4380096      0.5749108    
        8160  0.8750000      0.8589500       1.563485      0.4042662      0.4868164    
        8180  0.8125000      0.7861625       1.446177      0.4237791      0.4797179    
        8200  0.9375000      0.8582625       1.428159      0.4304434      0.5092773    
        8220  0.7500000      0.7320375      0.8235162      0.4216306      0.5219727    
        8240  0.8750000      0.8586875       1.341794      0.4236958      0.5149911    
        8260  0.8125000      0.7369125       1.226240      0.4200103      0.5235575    
        8280  0.8750000      0.8598500       1.269439      0.4447570      0.5306972    
        8300  0.8750000      0.8452875      0.8556833      0.4284864      0.4926758    
        8320  0.8750000      0.8099750       1.415509      0.4269829      0.5102540    
        8340  0.8750000      0.8520625      0.8616520      0.4266711      0.4760742    
        8360  0.8750000      0.8595250       1.352101      0.4378143      0.4947970    
        8380  0.8750000      0.7899000       1.555726      0.4352477      0.5263672    
        8400  0.8750000      0.8628125       1.137742      0.4493344      0.5745475    
        8420  0.8750000      0.8363875       1.316360      0.4189075      0.4706475    
        8440   1.000000      0.8735000       1.410544      0.4390227      0.5272778    
        8460  0.8750000      0.8449125      0.8312414      0.4266569      0.4955357    
        8480  0.9500000      0.8895375       1.572866      0.4404183      0.5197704    
        8500  0.8750000      0.8538000      0.8353732      0.4219804      0.5228382    
        8520  0.9625000      0.8923000       1.530515      0.4462878      0.5170653    
        8540  0.8750000      0.8488875      0.8329268      0.4318822      0.5214030    
        8560  0.9625000      0.9015125       1.555704      0.4344086      0.4958345    
        8580  0.8750000      0.8491875      0.8342671      0.4229837      0.5143778    
        8600  0.9625000      0.9173000       1.472563      0.4365758      0.5114464    
        8620  0.8750000      0.8419875       1.210530      0.4408801      0.5165030    
        8640   1.000000      0.9581375       1.325302      0.4627665      0.5138404    
        8660  0.8750000      0.8443750       1.210146      0.4491356      0.5067508    
        8680   1.000000      0.9635000       1.092546      0.5035912      0.5751143    
        8700   1.000000      0.8449750       1.150753      0.4671220      0.5401773    
        8720   1.000000      0.9560625       1.272441      0.4815648      0.5670518    
        8740   1.000000      0.9461625       1.205108      0.5032047      0.5679013    
        8760   1.000000      0.9658875       1.091436      0.5166613      0.5982263    
        8780   1.000000      0.9703875      0.8447208      0.5206783      0.5977778    
        8800   1.000000      0.9703750      0.9702860      0.5001709      0.5737149    
        8820   1.000000      0.9715125       1.014868      0.4795683      0.5698242    
        8840   1.000000      0.9693875      0.9776768      0.5195468      0.5853279    
        8860   1.000000      0.9573750      0.8619663      0.4973862      0.5638269    
        8880   1.000000      0.9656375      0.9882181      0.5053662      0.5723205    
        8900   1.000000      0.8509375       1.395421      0.4790262      0.5288087    
        8920  0.9750000      0.8950625       1.402425      0.4924602      0.5676379    
        8940   1.000000      0.8839000       1.339026      0.4792556      0.5410652    
        8960   1.000000      0.9442750       1.126580      0.4819482      0.5411031    
        8980   1.000000      0.8675875       1.353143      0.4685753      0.5461112    
        9000   1.000000      0.9724500       1.132741      0.4927575      0.5609467    
        9020   1.000000      0.8496750       1.298257      0.4493037      0.5119376    
        9040   1.000000      0.9698375       1.170918      0.4585215      0.5190429    
        9060   1.000000      0.9526375       1.274746      0.4562130      0.4921948    
        9080   1.000000      0.9656000       1.200483      0.4536616      0.5259172    
        9100   1.000000      0.9575875       1.240720      0.4425230      0.5036731    
        9120   1.000000      0.9693625       1.233457      0.4461073      0.5504681    
        9140   1.000000      0.9333125       1.321159      0.4421908      0.5058594    
        9160   1.000000      0.9717500       1.216485      0.4624435      0.5339645    
        9180   1.000000      0.9461375       1.429013      0.4577130      0.5527345    
        9200   1.000000      0.8683250       1.369145      0.4559491      0.5394858    
        9220  0.8750000      0.8465750       1.538839      0.4596308      0.5427060    
        9240   1.000000      0.9669250       1.453255      0.4931736      0.5480105    
        9260   1.000000      0.8951875       1.151367      0.4841683      0.5517578    
        9280   1.000000      0.9542500       1.280675      0.5211428      0.5751838    
        9300   1.000000      0.9709375      0.9113812      0.5028853      0.5732542    
        9320   1.000000      0.9676625       1.231285      0.4989411      0.5477502    
        9340   1.000000      0.9678375       1.243207      0.4623462      0.5462803    
        9360   1.000000      0.9687375       1.168052      0.4667005      0.5263673    
        9380   1.000000      0.9619000      0.9440962      0.4599590      0.5146925    
        9400  0.8750000      0.8603250       1.423688      0.4784770      0.6040238    
        9420   1.000000      0.9600625      0.9573343      0.4921029      0.5422407    
        9440   1.000000      0.9733500       1.252006      0.4824817      0.5578512    
        9460   1.000000      0.9675875       1.070345      0.4604815      0.5155709    
        9480   1.000000      0.9744375       1.286409      0.4820333      0.5463868    
        9500   1.000000      0.9655000       1.270952      0.4787957      0.5207613    
        9520   1.000000      0.9744875       1.241816      0.4894958      0.5627087    
        9540   1.000000      0.9547875      0.9647875      0.4941868      0.5659180    
        9560   1.000000      0.8989875       1.428277      0.4978869      0.5659180    
        9580   1.000000      0.8421625       1.608368      0.4692213      0.5694674    
        9600  0.9375000      0.8580000       1.520363      0.4746417      0.5907694    
        9620  0.8750000      0.8374000       1.599434      0.4727300      0.5364223    
        9640  0.8750000      0.8589500       1.481838      0.4783858      0.6020509    
        9660  0.8750000      0.8449375       1.363562      0.4661964      0.5405275    
        9680  0.8750000      0.8599000       1.543497      0.4582085      0.5649019    
        9700  0.8750000      0.8392250       1.674404      0.4283373      0.5107691    
        9720  0.9375000      0.9131500       1.623031      0.4166542      0.4678605    
        9740  0.8750000      0.8386500       1.550567      0.4332138      0.4912110    
        9760  0.9375000      0.9138625       1.691877      0.4333325      0.5268555    
        9780  0.8750000      0.7927125       1.602177      0.4523897      0.5170068    
        9800  0.9375000      0.9158125       1.695344      0.4576465      0.5146924    
        9820  0.8750000      0.8424250       1.634388      0.4449877      0.5257295    
        9840  0.9375000      0.9122250       1.716485      0.4416519      0.5297852    
        9860  0.8750000      0.8065500       1.598334      0.4549125      0.5307617    
        9880  0.9375000      0.9130000       1.588632      0.4530149      0.5270849    
        9900  0.8750000      0.7897625       1.521959      0.4479321      0.5182102    
        9920  0.9375000      0.9157875       1.603799      0.4438896      0.5395421    
        9940  0.8750000      0.8404125       1.495892      0.4547736      0.5036421    
        9960  0.9375000      0.9146875       1.706197      0.4201435      0.4655648    
        9980  0.8750000      0.7955625       1.539072      0.4251558      0.5064248    
       10000  0.9375000      0.9166500       1.640961      0.4355484      0.5079290    
       10020  0.8750000      0.8195625       1.494206      0.4697430      0.5321395    
       10040  0.9375000      0.9047125       1.683980      0.4412864      0.4724518    
       10060  0.8750000      0.7852875       1.514824      0.4885108      0.5738890    
       10080   1.000000      0.9528000       1.396976      0.4665085      0.5505051    
       10100  0.8750000      0.8425375       1.190068      0.4673959      0.5422021    
       10120   1.000000      0.9628500       1.480791      0.4600389      0.5325987    
       10140  0.8750000      0.8495250      0.9835075      0.4445831      0.5316201    
       10160  0.9625000      0.9029875       1.521321      0.4562209      0.5145562    
       10180  0.8750000      0.8478250      0.9087915      0.4507855      0.5060354    
       10200  0.9750000      0.9079625       1.568282      0.4607328      0.5377515    
       10220  0.8750000      0.8493000      0.8916736      0.4501640      0.5390625    
       10240  0.9625000      0.8937875       1.484269      0.4852958      0.5399866    
       10260  0.8750000      0.8456750      0.9019935      0.4280019      0.5218523    
       10280  0.9750000      0.9166375       1.470815      0.4308516      0.5351474    
       10300  0.8750000      0.8495500      0.8547032      0.4266424      0.4926758    
       10320  0.9375000      0.9145500       1.475271      0.4464307      0.5018368    
       10340  0.8750000      0.8454000       1.350328      0.4180412      0.4761248    
       10360  0.9375000      0.9150375       1.410649      0.4662218      0.5339761    
       10380  0.8750000      0.8515625       1.092089      0.4315081      0.5190429    
       10400  0.9375000      0.9166500       1.483681      0.4399277      0.4985352    
       10420  0.8750000      0.8527250      0.8534176      0.4498183      0.5406491    
       10440  0.9375000      0.9156250       1.485935      0.4406997      0.5361552    
       10460  0.8750000      0.8513750      0.8359000      0.4421040      0.5134795    
       10480   1.000000      0.9093375       1.547406      0.4338570      0.4942012    
       10500  0.8750000      0.8493875      0.8542967      0.4500671      0.5405827    
       10520  0.9375000      0.9138375       1.626026      0.4417594      0.5194921    
       10540  0.8750000      0.8518125      0.9220099      0.4525746      0.5482488    
       10560  0.9375000      0.9148625       1.849275      0.4700506      0.5239258    
       10580  0.8750000      0.8539000      0.8407541      0.4716845      0.5353800    
       10600  0.9375000      0.9157000       1.509010      0.4289077      0.4926537    
       10620  0.8750000      0.8489375      0.8427306      0.4496571      0.5487772    
       10640  0.9375000      0.9090000       1.554637      0.4496437      0.5218522    
       10660  0.8750000      0.8489875      0.8520363      0.4418766      0.5161290    
       10680  0.9375000      0.9171625       1.594931      0.4294237      0.5017753    
       10700  0.8750000      0.8516750      0.8448976      0.4272256      0.5024413    
       10720  0.9375000      0.9125250       1.555367      0.4268975      0.5257117    
       10740  0.8750000      0.8522750      0.8581244      0.4411927      0.5530772    
       10760  0.9375000      0.9149500       1.551956      0.3943101      0.4740476    
       10780  0.8750000      0.8507250      0.8574530      0.4154041      0.5155029    
       10800  0.9375000      0.8608500       1.306572      0.4205138      0.5031953    
       10820  0.8750000      0.8493750      0.8588563      0.4423721      0.5039064    
       10840  0.9750000      0.8616875       1.569872      0.4164829      0.5014649    
       10860  0.8750000      0.8478125      0.8540197      0.4098462      0.4625390    
       10880   1.000000      0.8565875       1.395961      0.4089068      0.5063477    
       10900  0.8750000      0.8494875       1.548634      0.4014969      0.4995117    
       10920  0.8750000      0.8615750       1.547073      0.4241391      0.5129756    
       10940  0.8750000      0.8454625       1.330374      0.4169641      0.5050506    
       10960  0.8750000      0.8614750       1.293359      0.4282101      0.5089444    
       10980  0.8750000      0.8499375      0.9169213      0.4232709      0.5000000    
       11000  0.8750000      0.8620000       1.296323      0.4168084      0.5005203    
       11020  0.8750000      0.7342625      0.8177110      0.4238200      0.5544385    
       11040  0.8750000      0.8622625       1.245682      0.4355183      0.5177777    
       11060  0.8750000      0.8469375       1.545165      0.4251356      0.4871441    
       11080  0.8125000      0.7484750       1.202186      0.4265777      0.5359768    
       11100  0.8750000      0.8507500      0.9265599      0.4121553      0.4878893    
       11120  0.8750000      0.8609250       1.425531      0.4208952      0.5265810    
       11140  0.8750000      0.8515000      0.8850042      0.3811702      0.5114639    
       11160  0.8750000      0.8582375       1.504410      0.3888596      0.4609375    
       11180  0.8750000      0.8451875       1.322147      0.3834695      0.4527090    
       11200   1.000000      0.8592750       1.485752      0.4057605      0.4826660    
       11220  0.8750000      0.8478125       1.356839      0.4196533      0.4885215    
       11240  0.8750000      0.8600500       1.621784      0.4191895      0.5010405    
       11260  0.8750000      0.8504250      0.9575688      0.4349088      0.4941407    
       11280  0.9250000      0.8617875       1.409069      0.4407157      0.5194444    
       11300  0.8750000      0.8465000       1.182486      0.4277226      0.5113473    
       11320  0.8750000      0.8619500       1.466164      0.4251322      0.5463948    
       11340  0.8750000      0.8524375       1.553056      0.4170116      0.5004883    
       11360  0.8750000      0.8606625       1.476358      0.4380565      0.5221301    
       11380  0.8750000      0.8486250       1.545201      0.4476803      0.5452653    
       11400  0.8750000      0.8625375       1.300280      0.4518422      0.5322581    
       11420  0.8750000      0.8498125       1.550878      0.4241265      0.5647338    
       11440  0.8750000      0.8593125       1.518074      0.4410802      0.5336914    
       11460  0.8750000      0.8480625       1.546019      0.4237139      0.4989349    
       11480  0.8750000      0.8604500       1.401766      0.4349848      0.5325987    
       11500  0.8750000      0.8464500       1.510174      0.4260892      0.5020810    
       11520   1.000000      0.8742375       1.419214      0.4347509      0.5091828    
       11540  0.8750000      0.8454375       1.532036      0.4291281      0.5083009    
       11560  0.8750000      0.8610000       1.603534      0.4309625      0.5350347    
       11580  0.8750000      0.8491500       1.109684      0.4325974      0.5055096    
       11600  0.9375000      0.8971750       1.582933      0.4197049      0.5368679    
       11620  0.8750000      0.8484375       1.196560      0.4033423      0.4903581    
       11640  0.8750000      0.8597250       1.545012      0.4554417      0.5307617    
       11660  0.8750000      0.8499625       1.348231      0.4182309      0.5240614    
       11680  0.9375000      0.9143625       1.766354      0.3911687      0.4758298    
       11700  0.8750000      0.8317375       1.491974      0.4117828      0.4961073    
       11720  0.9375000      0.9183750       1.631284      0.4016429      0.4615052    
       11740  0.8750000      0.8216500       1.457690      0.4101866      0.5003550    
       11760  0.9375000      0.9129625       1.673526      0.4071606      0.4724518    
       11780  0.8750000      0.8317375       1.500234      0.3924708      0.4729110    
       11800  0.9375000      0.9156250       1.802264      0.4209212      0.4692379    
       11820  0.8750000      0.7964000       1.680427      0.4276746      0.5053712    
       11840  0.9375000      0.9140375       1.626301      0.4100436      0.4972154    
       11860  0.8750000      0.7918125       1.486638      0.4445616      0.5311161    
       11880  0.9375000      0.9115875       1.630597      0.4193983      0.4883334    
       11900  0.8750000      0.8145375       1.301790      0.4513516      0.5218522    
       11920  0.8750000      0.8614125       1.537115      0.4276007      0.5336914    
       11940  0.8750000      0.8491250       1.591170      0.4148514      0.5032139    
       11960  0.8750000      0.8602250       1.445017      0.4515590      0.5358127    
       11980   1.000000      0.8888750       1.275880      0.4261692      0.5364203    
       12000  0.8750000      0.8594625       1.491511      0.4468664      0.5263672    
       12020  0.8750000      0.8452500       1.449714      0.4323636      0.5377514    
       12040  0.9375000      0.9148625       1.603805      0.4475530      0.5027549    
       12060  0.8750000      0.8360875       1.420054      0.4701394      0.5325987    
       12080  0.8750000      0.8623500       1.412949      0.4773857      0.5505326    
       12100  0.8750000      0.8419625       1.533299      0.4542956      0.5468320    
       12120  0.9375000      0.8869125       1.722983      0.4672498      0.5618178    
       12140  0.8750000      0.8477000       1.486445      0.4544074      0.5467129    
       12160  0.9375000      0.9071500       1.986232      0.4450621      0.5027548    
       12180  0.8750000      0.8432375       1.483722      0.4594918      0.5169232    
       12200  0.9375000      0.9144375       1.953585      0.4561073      0.5194637    
       12220  0.8750000      0.8414375       1.544071      0.4232854      0.5030906    
       12240  0.9375000      0.9123750       1.935222      0.4461692      0.5070171    
       12260  0.8750000      0.8192875       1.419826      0.4443923      0.5431842    
       12280  0.9375000      0.9163625       1.948727      0.4459008      0.5165029    
       12300  0.8750000      0.8128125       1.480083      0.4427103      0.5156087    
       12320  0.9375000      0.9144625       1.816024      0.4168540      0.5032140    
       12340  0.8750000      0.8209750       1.305316      0.4162643      0.4976609    
       12360   1.000000      0.9213500       1.649215      0.4039921      0.4946746    
       12380  0.8750000      0.7889500       1.525662      0.4155092      0.5145682    
       12400  0.9375000      0.9186875       2.005841      0.4097441      0.4842603    
       12420  0.8125000      0.7861125       1.542362      0.4131303      0.4897462    
       12440  0.9375000      0.9160125       1.975173      0.4134122      0.5137741    
       12460  0.8750000      0.8440000      0.9201385      0.4485962      0.4897462    
       12480  0.9375000      0.9171000       1.968482      0.4497668      0.4945422    
       12500  0.8750000      0.8395625       1.660009      0.4585941      0.5416233    
       12520  0.9375000      0.9145625       1.753672      0.4687134      0.5161132    
       12540  0.8750000      0.8456000       1.007291      0.4656576      0.5202140    
       12560   1.000000      0.9036875       1.752319      0.4714716      0.5494446    
       12580  0.8750000      0.8279375       1.084241      0.4697821      0.5350001    
       12600  0.9375000      0.9097625       2.211384      0.4368334      0.5034180    
       12620  0.8125000      0.7867625       1.533165      0.4449584      0.5073242    
       12640  0.9375000      0.9153625       2.061624      0.4386970      0.5190224    
       12660  0.8750000      0.7903125       1.425818      0.4585595      0.5444773    
       12680  0.9375000      0.9155750       1.790010      0.4512048      0.5181403    
       12700  0.8750000      0.7932625       1.453888      0.4632039      0.5568154    
       12720  0.9375000      0.9166625       1.759980      0.4661926      0.5448520    
       12740  0.8750000      0.7863000       1.463362      0.4775624      0.5535077    
       12760  0.9375000      0.9144750       1.661146      0.4489701      0.5321150    
       12780  0.8750000      0.7879000       1.465545      0.4545975      0.5218523    
       12800  0.9375000      0.9163125       1.677947      0.4594415      0.5288086    
       12820  0.8750000      0.7880125       1.448690      0.4619641      0.5618544    
       12840  0.9375000      0.8722500       1.592092      0.4566161      0.5686785    
       12860  0.8750000      0.7989875       1.363710      0.4614141      0.5268555    
       12880  0.9375000      0.8806500       1.615626      0.4499789      0.5289792    
       12900  0.8750000      0.7899750       1.487028      0.4539305      0.5483397    
       12920  0.9375000      0.9130375       1.601709      0.4511445      0.5107692    
       12940  0.8750000      0.8008625       1.377882      0.4496296      0.5214844    
       12960   1.000000      0.9671875       1.492636      0.4677515      0.5056229    
       12980   1.000000      0.8462625       1.244274      0.4488634      0.5211835    
       13000   1.000000      0.9691750       1.524654      0.4255492      0.5263840    
       13020  0.8750000      0.8451250       1.358412      0.4300384      0.5155029    
       13040   1.000000      0.9294375       1.598632      0.3964037      0.5072840    
       13060  0.8750000      0.8481875       1.224839      0.3910677      0.4943771    
       13080   1.000000      0.9710625       1.494128      0.4236099      0.5013017    
       13100  0.8750000      0.8516875       1.162494      0.4270875      0.5190430    
       13120   1.000000      0.8752625       1.539743      0.4354935      0.5282840    
       13140  0.8750000      0.8470250       1.443988      0.4113371      0.4985353    
       13160  0.8750000      0.8613750       1.462808      0.4256256      0.5102540    
       13180  0.8750000      0.8473875       1.201943      0.4194092      0.4960947    
       13200  0.8750000      0.8620625       1.416462      0.4244490      0.5101010    
       13220  0.8750000      0.8409750       1.358645      0.4204190      0.4780575    
       13240   1.000000      0.9077625       1.588586      0.4300647      0.5102959    
       13260  0.8750000      0.8385000       1.382495      0.4146821      0.5532880    
       13280   1.000000      0.9716000       1.415445      0.4205518      0.4869681    
       13300  0.8750000      0.8402250       1.443486      0.4108544      0.4807307    
       13320   1.000000      0.9707875       1.499442      0.3894694      0.4719526    
       13340  0.8750000      0.8528750       1.188971      0.4106842      0.4767209    
       13360   1.000000      0.9750125       1.493761      0.4264210      0.4932056    
       13380  0.8750000      0.8443000       1.530990      0.4089928      0.4916992    
       13400   1.000000      0.9756000       1.556179      0.4172852      0.4761249    
       13420  0.8750000      0.8439250       1.183048      0.4365052      0.4887545    
       13440   1.000000      0.9682375       1.434827      0.4192291      0.4940313    
       13460   1.000000      0.9590625       1.235336      0.4202927      0.4972451    
       13480   1.000000      0.9699125       1.191290      0.4480748      0.5219727    
       13500   1.000000      0.9682125      0.9673206      0.4575987      0.5363312    
       13520   1.000000      0.9707125       1.214196      0.4559042      0.5249741    
       13540   1.000000      0.9686750      0.8572037      0.4775732      0.5416234    
       13560   1.000000      0.9716500       1.181643      0.4550973      0.5141603    
       13580   1.000000      0.9689125      0.9861010      0.4859701      0.5583270    
       13600   1.000000      0.9738750       1.295712      0.4897336      0.5944639    
       13620   1.000000      0.9379750       1.283884      0.4905472      0.5542436    
       13640   1.000000      0.9672000       1.280859      0.5002482      0.5719326    
       13660   1.000000      0.8337375       1.309797      0.4699247      0.5546875    
       13680   1.000000      0.9697625       1.247448      0.4879842      0.5732422    
       13700   1.000000      0.8972375       1.275927      0.4769975      0.5670519    
       13720   1.000000      0.9694125       1.397984      0.4711716      0.5424804    
       13740   1.000000      0.9688625       1.004201      0.4761688      0.5437138    
       13760   1.000000      0.9713125       1.182694      0.4756353      0.5826446    
       13780   1.000000      0.9260250      0.9593226      0.4608168      0.5517577    
       13800   1.000000      0.9172125       1.401124      0.4461726      0.5517579    
       13820   1.000000      0.9298375       1.085238      0.4438004      0.5325444    
       13840   1.000000      0.9513875       1.564812      0.4433486      0.5217198    
       13860  0.8750000      0.8260875       1.417615      0.4302132      0.5229568    
       13880  0.8750000      0.8605750       1.474895      0.4598365      0.5454547    
       13900   1.000000      0.8504375       1.469755      0.4665635      0.5436180    
       13920   1.000000      0.9178750       1.353455      0.4829447      0.5835223    
       13940   1.000000      0.9693500      0.8439950      0.4826042      0.5530770    
       13960  0.8750000      0.8593375       1.435781      0.4777096      0.5618312    
       13980  0.8750000      0.8445000       1.513530      0.4682847      0.5722223    
       14000   1.000000      0.8586000       1.429434      0.4867012      0.5946566    
       14020   1.000000      0.8727250       1.345076      0.4847691      0.5711112    
       14040  0.8750000      0.8611750       1.480321      0.4660991      0.5788767    
       14060  0.8750000      0.8407500       1.561379      0.4513938      0.5411029    
       14080  0.9375000      0.8683875       1.488419      0.4597311      0.5386984    
       14100  0.8750000      0.8402375       1.491822      0.4642723      0.5442178    
       14120  0.8750000      0.8605750       1.368516      0.4745569      0.5890726    
       14140  0.8750000      0.8451500       1.528854      0.4389974      0.5312175    
       14160  0.8750000      0.8608500       1.402501      0.4553378      0.5583271    
       14180  0.8750000      0.8430625       1.521747      0.4634745      0.5476923    
       14200   1.000000      0.9492875       1.488621      0.4520192      0.5278106    
       14220   1.000000      0.8698375       1.405286      0.4577167      0.5009184    
       14240   1.000000      0.9722625       1.117442      0.4722335      0.5396398    
       14260   1.000000      0.9000875       1.255646      0.4512969      0.5210381    
       14280   1.000000      0.9742875       1.123979      0.4823102      0.5608465    
       14300   1.000000      0.8479250       1.363528      0.4538864      0.5214843    
       14320   1.000000      0.9719375       1.320463      0.4816667      0.5585798    
       14340   1.000000      0.9347750       1.184790      0.4733240      0.5457857    
       14360   1.000000      0.9720625       1.176287      0.5039626      0.5581065    
       14380   1.000000      0.8483750       1.389938      0.4706447      0.5254438    
       14400   1.000000      0.9700500       1.244328      0.4879169      0.5616770    
       14420   1.000000      0.9630250      0.8630279      0.5329657      0.5708008    
       14440   1.000000      0.8625625       1.317126      0.4979425      0.5878906    
       14460   1.000000      0.8504375       1.514765      0.4629218      0.5473466    
       14480  0.8750000      0.8613500       1.325987      0.4598835      0.5297853    
       14500  0.8750000      0.8478625       1.517346      0.4457998      0.5074326    
       14520  0.8750000      0.8623625       1.335245      0.4380089      0.5483871    
       14540  0.8750000      0.8463125       1.246219      0.4400374      0.4949495    
       14560  0.8750000      0.8618875       1.251074      0.4631147      0.5243344    
       14580  0.8750000      0.8038500       1.151522      0.4649858      0.5348025    
       14600  0.8750000      0.8603875       1.461647      0.4778371      0.5577524    
       14620  0.8750000      0.8382500       1.306247      0.4037932      0.4676923    
       14640  0.8750000      0.8608875       1.316635      0.4387808      0.5258789    
       14660  0.8750000      0.8420875       1.272310      0.4362167      0.5140827    
       14680  0.8750000      0.8633000       1.343401      0.4617832      0.5386500    
       14700  0.8750000      0.8386750       1.275815      0.4470034      0.5235019    
       14720   1.000000      0.8656000       1.271948      0.4544777      0.5654296    
       14740  0.8750000      0.8465625       1.030177      0.4370502      0.4892921    
       14760  0.8750000      0.8600750       1.357629      0.4697509      0.5462242    
       14780  0.8750000      0.8349125       1.225022      0.4559437      0.5249705    
       14800  0.8750000      0.8621625       1.340990      0.4641775      0.5560257    
       14820  0.8750000      0.8375625       1.299824      0.4624425      0.5390626    
       14840  0.8750000      0.8634750       1.325022      0.4592520      0.5702480    
       14860   1.000000      0.8471125       1.404691      0.4419967      0.5447214    
       14880  0.8750000      0.8590250       1.356782      0.4627773      0.5415040    
       14900   1.000000      0.8526625       1.464731      0.4666005      0.5467373    
       14920  0.8750000      0.8621500       1.384703      0.4715916      0.5780437    
       14940   1.000000      0.8504625       1.061696      0.4676522      0.5604734    
       14960   1.000000      0.8991875       1.263938      0.4856246      0.5603539    
       14980   1.000000      0.8611250       1.353964      0.5076712      0.5558075    
       15000  0.9375000      0.9164875       1.595024      0.4781101      0.5316200    
       15020  0.8125000      0.7841625       1.499988      0.4711235      0.5620191    
       15040  0.9375000      0.9151375       1.656831      0.4311880      0.5410650    
       15060  0.8750000      0.8420000       1.519184      0.4532467      0.4972450    
       15080  0.9375000      0.9159250       1.618772      0.4739461      0.5381083    
       15100  0.8750000      0.8510500       1.430721      0.4610555      0.5415040    
       15120  0.9375000      0.9152625       1.578163      0.4883232      0.5593132    
       15140  0.8750000      0.8422250       1.409685      0.4586750      0.5374609    
       15160  0.9375000      0.9136500       1.590004      0.4845183      0.5550130    
       15180  0.8750000      0.8503125       1.426509      0.4738577      0.5541992    
       15200  0.9375000      0.9150375       1.609338      0.4864366      0.5725437    
       15220  0.8750000      0.7921875       1.426990      0.4682044      0.5561111    
       15240  0.9375000      0.9196125       1.583447      0.4522565      0.5288086    
       15260  0.8750000      0.8469250      0.8365319      0.4647677      0.5429474    
       15280  0.8750000      0.8608375       1.613447      0.4620555      0.5303031    
       15300   1.000000      0.8500875       1.391857      0.4694138      0.5858640    
       15320   1.000000      0.9750500       1.033455      0.5481114      0.6030275    
       15340   1.000000      0.9712125      0.8430323      0.5267565      0.5732545    
       15360   1.000000      0.9738875       1.084003      0.5526893      0.6137696    
       15380   1.000000      0.9437375       1.270789      0.5174731      0.5581065    
       15400   1.000000      0.9726500       1.192412      0.5203709      0.6073636    
       15420   1.000000      0.8540500       1.280065      0.5111828      0.5893555    
       15440   1.000000      0.9674625       1.039317      0.5329539      0.6082138    
       15460   1.000000      0.9674500      0.8551463      0.5122853      0.5732544    
       15480   1.000000      0.9701500       1.108530      0.5256320      0.5725438    
       15500   1.000000      0.8705500       1.208536      0.4946067      0.5541992    
       15520   1.000000      0.9703125       1.042056      0.5179192      0.5907014    
       15540   1.000000      0.9665250       1.060230      0.5052994      0.5745768    
       15560   1.000000      0.9734750       1.145595      0.5113757      0.5771351    
       15580   1.000000      0.9464750       1.244001      0.5003505      0.5502339    
       15600   1.000000      0.9703625       1.290189      0.5145903      0.5860355    
       15620   1.000000      0.8487500       1.322128      0.4915913      0.5615243    
       15640   1.000000      0.9739000       1.193972      0.4901703      0.5689941    
       15660   1.000000      0.9358875       1.493848      0.4626088      0.5090831    
       15680   1.000000      0.8631375       1.396829      0.4606638      0.5367309    
       15700   1.000000      0.9026875       1.484854      0.4667950      0.5532007    
       15720   1.000000      0.9694625       1.074690      0.4938942      0.5752983    
       15740   1.000000      0.9697250       1.038832      0.4597662      0.5298439    
       15760   1.000000      0.9682500       1.203786      0.4758407      0.5532227    
       15780   1.000000      0.9240000       1.164414      0.4518839      0.5694675    
       15800   1.000000      0.9707875       1.269106      0.4694467      0.5436181    
       15820   1.000000      0.9518625      0.9456546      0.4633092      0.5216568    
       15840   1.000000      0.9716250       1.210231      0.4949057      0.5743802    
       15860   1.000000      0.8930750       1.217457      0.4427054      0.5146924    
       15880   1.000000      0.9705500       1.202912      0.4655848      0.5415385    
       15900  0.8750000      0.8474125       1.324552      0.4703805      0.5492567    
       15920   1.000000      0.9716875       1.126416      0.4883727      0.5709248    
       15940   1.000000      0.8469750       1.301730      0.4715733      0.5405273    
       15960   1.000000      0.9702875       1.199129      0.4919241      0.5751838    
       15980   1.000000      0.9172375       1.077118      0.4452798      0.5477451    
       16000   1.000000      0.9758250       1.179442      0.4979471      0.5918273    
       16020   1.000000      0.9714875       1.040826      0.4723033      0.5247934    
       16040   1.000000      0.9707250       1.109694      0.4951751      0.5725437    
       16060   1.000000      0.9706875      0.8405398      0.4880500      0.5467373    
       16080   1.000000      0.9733125       1.140353      0.5175315      0.5608466    
       16100   1.000000      0.9620625       1.295777      0.4732616      0.5448519    
       16120   1.000000      0.9702375       1.200300      0.5079746      0.5926626    
       16140   1.000000      0.9671125       1.221346      0.4515379      0.4981065    
       16160   1.000000      0.9694875       1.031034      0.4872782      0.5972944    
       16180   1.000000      0.9644000       1.067737      0.4694409      0.5396398    
       16200   1.000000      0.9717750       1.234217      0.4903396      0.5651974    
       16220   1.000000      0.9618750       1.222902      0.4850867      0.5292938    
       16240   1.000000      0.9697875       1.226279      0.5088587      0.5854492    
       16260   1.000000      0.9672375       1.216556      0.4851245      0.5292938    
       16280   1.000000      0.9725500       1.452183      0.4927658      0.5578514    
       16300   1.000000      0.9356125      0.9790529      0.4863569      0.5874022    
       16320   1.000000      0.9658000       1.144006      0.5372558      0.6059570    
       16340   1.000000      0.9677750       1.072924      0.5311854      0.6071802    
       16360   1.000000      0.9696375       1.191209      0.5327764      0.6149843    
       16380   1.000000      0.9699875      0.9542178      0.5232013      0.5642602    
       16400   1.000000      0.9736625       1.025170      0.5675318      0.6253464    
       16420   1.000000      0.8454250       1.364094      0.4973200      0.5732545    
       16440   1.000000      0.9588875       1.207828      0.5507222      0.6026036    
       16460   1.000000      0.9685875      0.8375028      0.5224329      0.5713609    
       16480   1.000000      0.9775750       1.395663      0.4908074      0.5751838    
       16500   1.000000      0.9680625      0.9804633      0.5354213      0.5751837    
       16520   1.000000      0.9704625       1.116892      0.5750112      0.6097813    
       16521  0.7500000      0.4860125       1.112614      0.5726867      0.6331946    
       16522  0.8750000      0.4905375       1.116871      0.5687874      0.6333007    
       16523  0.8750000      0.5083875       1.122572      0.5641180      0.6333007    
       16524  0.8750000      0.5409125       1.141179      0.5592790      0.6127488    
       16525  0.8750000      0.5911000       1.155020      0.5560947      0.6331946    
       16526  0.8750000      0.6376250       1.112893      0.5564468      0.6150000    
       16527  0.8750000      0.6787250       1.009707      0.5580720      0.6127488    
       16528  0.8750000      0.7196250      0.9088665      0.5604190      0.6127488    
       16529  0.8750000      0.7437500      0.8787029      0.5594099      0.6331946    
       16530   1.000000      0.7616250      0.9852982      0.5522764      0.6072222    
       16531   1.000000      0.7968500       1.182804      0.5427151      0.6218759    
       16532   1.000000      0.8347125       1.369812      0.5367611      0.6055555    
       16533   1.000000      0.8527125       1.458136      0.5334774      0.5725437    
       16534   1.000000      0.8501875       1.447411      0.5330622      0.5725437    
       16535   1.000000      0.8536250       1.442078      0.5299563      0.5734016    
       16536   1.000000      0.8617250       1.425395      0.5282559      0.5725437    
       16537   1.000000      0.8721125       1.383510      0.5282410      0.5725437    
       16538   1.000000      0.8991625       1.299826      0.5299235      0.5707284    
       16539   1.000000      0.9348000       1.174190      0.5361134      0.6020508    
       16540   1.000000      0.9631875       1.078075      0.5397158      0.6020508    
       16541   1.000000      0.9615875       1.053544      0.5402111      0.6020508    
       16542   1.000000      0.9733500       1.055300      0.5381075      0.6020508    
       16543   1.000000      0.9688875       1.055744      0.5363164      0.6020508    
       16544   1.000000      0.9652875       1.049664      0.5347115      0.6020508    
       16545   1.000000      0.9644500       1.041544      0.5345327      0.6020508    
       16546   1.000000      0.9684375       1.028952      0.5342044      0.6311134    
       16547   1.000000      0.9701500       1.023849      0.5331081      0.6020508    
       16548   1.000000      0.9636750       1.029519      0.5316795      0.6020508    
       16549   1.000000      0.9626500       1.032200      0.5298803      0.6020508    
       16550   1.000000      0.9686125       1.016497      0.5291677      0.6092610    
       16551   1.000000      0.9683125       1.019373      0.5290380      0.6092610    
       16552   1.000000      0.9661125       1.027916      0.5279365      0.6388890    
       16553   1.000000      0.9670250       1.030512      0.5267769      0.6020507    
       16554   1.000000      0.9718625       1.029659      0.5262419      0.6020507    
       16555   1.000000      0.9699375       1.025747      0.5250810      0.6020507    
       16556   1.000000      0.9659625       1.016917      0.5249546      0.6026036    
       16557   1.000000      0.9657875       1.021231      0.5239234      0.6020507    
       16558   1.000000      0.9670500       1.018802      0.5232754      0.6020507    
       16559   1.000000      0.9664875       1.011486      0.5235038      0.6020508    
       16560   1.000000      0.9699000       1.019841      0.5224088      0.6294445    
       16561   1.000000      0.9698750       1.029201      0.5221372      0.5978148    
       16562   1.000000      0.9688125       1.037455      0.5200672      0.6020508    
       16563   1.000000      0.9654000       1.029698      0.5199192      0.6027778    
       16564   1.000000      0.9687125       1.023880      0.5188372      0.6020508    
       16565   1.000000      0.9688500       1.016591      0.5191513      0.6020508    
       16566   1.000000      0.9632000       1.010875      0.5185710      0.6311134    
       16567   1.000000      0.9615750       1.026363      0.5165176      0.6020508    
       16568   1.000000      0.9716375       1.013812      0.5168515      0.6020508    
       16569   1.000000      0.9642875       1.003187      0.5178764      0.6041825    
       16570   1.000000      0.9666250      0.9997304      0.5177186      0.6041825    
       16571   1.000000      0.9665250      0.9979149      0.5168577      0.6041825    
       16572   1.000000      0.9629875      0.9907094      0.5156255      0.6050988    
       16573   1.000000      0.9638875      0.9918787      0.5148976      0.6050988    
       16574   1.000000      0.9702000      0.9857554      0.5148217      0.6050988    
       16575   1.000000      0.9680375       1.001081      0.5130315      0.6098633    
       16576   1.000000      0.9651625       1.002904      0.5122276      0.6050988    
       16577   1.000000      0.9675750       1.000251      0.5120175      0.6050988    
       16578   1.000000      0.9694375       1.009502      0.5105215      0.6050988    
       16579   1.000000      0.9643875      0.9957246      0.5108792      0.6050988    
