          20  0.8125000      0.6368125       2.105187      0.3844675      0.4895833    
          40  0.8750000      0.7695625       1.963977      0.3968854      0.5059173    
          60  0.8750000      0.7340625       1.589189      0.4100141      0.4931973    
          80  0.8750000      0.7968750       2.069564      0.4132002      0.5257003    
         100  0.8125000      0.7148750       1.909069      0.4060846      0.4946940    
         120  0.9375000      0.8270000       2.060946      0.4098049      0.5288000    
         140  0.8750000      0.7454375       1.805432      0.4194859      0.5158730    
         160  0.9375000      0.8918125       1.711391      0.4218915      0.5044214    
         180   1.000000      0.8010000       1.672699      0.4344757      0.5303999    
         200   1.000000      0.8391875       1.691092      0.4417645      0.5588842    
         220   1.000000      0.8285000       1.545810      0.4555088      0.5338542    
         240   1.000000      0.9147500       1.414295      0.4814526      0.5513809    
         260   1.000000      0.7998750       1.697665      0.4449260      0.5303819    
         280   1.000000      0.9227500       1.449932      0.4858418      0.5668403    
         300   1.000000      0.8179375       1.583070      0.4503229      0.5207940    
         320   1.000000      0.9248750       1.542603      0.4664555      0.5534979    
         340   1.000000      0.8018125       1.580872      0.4277236      0.5207940    
         360   1.000000      0.9340000       1.417928      0.4646739      0.5513805    
         380   1.000000      0.9093125       1.299827      0.4697930      0.5431999    
         400   1.000000      0.9265625       1.339518      0.4886909      0.5772594    
         420   1.000000      0.9191250       1.261326      0.4763056      0.5495563    
         440   1.000000      0.9298125       1.375481      0.4813644      0.5589178    
         460   1.000000      0.8593750       1.405323      0.4645807      0.5385016    
         480   1.000000      0.9318750       1.510044      0.4674634      0.5506039    
         500   1.000000      0.8454375       1.357672      0.4480049      0.5264650    
         520   1.000000      0.9097500       1.404407      0.5089473      0.5498867    
         540   1.000000      0.8567500       1.209137      0.4507819      0.5362500    
         560   1.000000      0.9164375       1.468009      0.4882588      0.5736001    
         580   1.000000      0.8951250       1.196218      0.4713555      0.5509260    
         600   1.000000      0.9176875       1.433289      0.4849282      0.5672637    
         620   1.000000      0.9298125       1.058779      0.4771037      0.5272847    
         640   1.000000      0.9099375       1.608581      0.4592072      0.5547107    
         660  0.8750000      0.7960000       1.845484      0.4307109      0.5204939    
         680   1.000000      0.8636250       1.705806      0.4553329      0.5735999    
         700  0.8750000      0.8004375       1.956251      0.3765865      0.4829868    
         720  0.9375000      0.8249375       1.798998      0.4274179      0.5214815    
         740  0.8750000      0.8017500       1.924275      0.3601491      0.4951942    
         760  0.8750000      0.8054375       1.985259      0.4473512      0.5466391    
         780  0.8750000      0.7930625       1.457513      0.4033754      0.4998077    
         800  0.8750000      0.8136250       1.703858      0.4512585      0.5476191    
         820  0.8750000      0.7729375       1.698690      0.4129848      0.5344098    
         840  0.9375000      0.8235625       1.748156      0.4362384      0.5485536    
         860  0.8750000      0.8080625       1.599799      0.4179765      0.5415879    
         880  0.8750000      0.8308750       1.742696      0.4336458      0.5359891    
         900  0.8750000      0.8098750       1.270227      0.3973186      0.5000001    
         920  0.8750000      0.8166250       1.849419      0.4476675      0.5397751    
         940  0.8750000      0.8010000       1.489038      0.3949749      0.5175782    
         960  0.8750000      0.8156875       1.935075      0.4405690      0.5314622    
         980  0.8750000      0.7958125       1.577059      0.4208775      0.5322782    
        1000  0.8750000      0.8276875       1.658318      0.4180880      0.5699433    
        1020   1.000000      0.8056250       1.503409      0.4537247      0.5251737    
        1040  0.9375000      0.8736250       1.884229      0.4186296      0.5314621    
        1060  0.8750000      0.8129375       1.610651      0.4602859      0.5245746    
        1080  0.8750000      0.8202500       1.795204      0.4539260      0.5462412    
        1100  0.8750000      0.7979375       1.745591      0.4239675      0.5154959    
        1120  0.9375000      0.8391250       1.776129      0.4335914      0.5588844    
        1140  0.8750000      0.8118125       1.535010      0.4018339      0.5234375    
        1160   1.000000      0.8296250       1.681154      0.4336174      0.5266666    
        1180   1.000000      0.8159375       1.637117      0.4460999      0.5204938    
        1200   1.000000      0.8278125       1.632430      0.4444139      0.5548946    
        1220   1.000000      0.8023750       1.565797      0.4087232      0.5075614    
        1240  0.8750000      0.8255625       1.675957      0.4323487      0.5659260    
        1260  0.8750000      0.7812500       1.901835      0.4003661      0.5246078    
        1280   1.000000      0.8249375       1.803662      0.4249815      0.5212499    
        1300  0.8750000      0.7887500       1.876128      0.3777972      0.4778393    
        1320   1.000000      0.8460000       1.612877      0.4380183      0.5468750    
        1340  0.8750000      0.7964375       1.351671      0.4160417      0.5158731    
        1360  0.8750000      0.8320000       1.691398      0.4291703      0.5251736    
        1380  0.8750000      0.7948125       1.766542      0.3908519      0.5355902    
        1400   1.000000      0.8242500       1.780248      0.4381679      0.5465977    
        1420  0.8750000      0.7820000       1.619930      0.4125715      0.5355902    
        1440   1.000000      0.8325000       1.751866      0.4281486      0.5507544    
        1460   1.000000      0.8126875       1.586506      0.4209355      0.5305555    
        1480  0.9375000      0.8711250       1.703380      0.4364544      0.5462412    
        1500  0.8750000      0.7467500       1.951671      0.4223136      0.5056514    
        1520  0.8750000      0.8187500       1.845780      0.4276589      0.5498866    
        1540   1.000000      0.8043750       1.593822      0.4337876      0.5406803    
        1560  0.9375000      0.8625625       1.817631      0.4368541      0.5498866    
        1580   1.000000      0.8068750       1.657977      0.4495465      0.5451183    
        1600   1.000000      0.8660000       1.756221      0.4233169      0.5167652    
        1620   1.000000      0.7995000       1.664995      0.4309526      0.5303820    
        1640   1.000000      0.9335625       1.539739      0.4796856      0.5513808    
        1660   1.000000      0.8023750       1.490415      0.4410386      0.5207940    
        1680   1.000000      0.9206250       1.513491      0.4972297      0.5790082    
        1700   1.000000      0.9270000       1.245400      0.4783448      0.5338541    
        1720   1.000000      0.9275000       1.437335      0.4906825      0.5620914    
        1740   1.000000      0.8169375       1.561874      0.4513854      0.5347633    
        1760   1.000000      0.8565625       1.651271      0.4501938      0.5731102    
        1780   1.000000      0.8926875       1.211090      0.4680195      0.5384001    
        1800   1.000000      0.9414375       1.548762      0.4459485      0.5207940    
        1820   1.000000      0.8647500       1.396596      0.4553573      0.5835798    
        1840   1.000000      0.9300000       1.338417      0.4756404      0.5732249    
        1860   1.000000      0.8496250       1.409277      0.4637419      0.5347633    
        1880   1.000000      0.9071875       1.388940      0.5216279      0.5790080    
        1900   1.000000      0.8290000       1.608825      0.4593286      0.5368945    
        1920   1.000000      0.9262500       1.413664      0.4799713      0.5790080    
        1940   1.000000      0.8828125       1.375438      0.4698558      0.5278407    
        1960   1.000000      0.9119375       1.375252      0.4835104      0.5736001    
        1980   1.000000      0.8111875       1.610982      0.4618002      0.5534979    
        2000   1.000000      0.9203125       1.472880      0.4743307      0.5569526    
        2020   1.000000      0.8947500       1.343032      0.4691351      0.5278406    
        2040   1.000000      0.9263750       1.544668      0.4783110      0.5672636    
        2060   1.000000      0.8301875       1.480876      0.4524613      0.5278406    
        2080   1.000000      0.9341250       1.495089      0.4623119      0.5513807    
        2100   1.000000      0.8163750       1.487011      0.4479230      0.5449828    
        2120   1.000000      0.9011250       1.680696      0.4857776      0.5736002    
        2140   1.000000      0.8022500       1.403888      0.4188739      0.5166205    
        2160  0.8750000      0.8255625       1.730982      0.4337286      0.5406804    
        2180  0.8750000      0.8007500       1.648230      0.4200126      0.5432000    
        2200  0.9375000      0.8245000       1.764738      0.4437843      0.5658671    
        2220   1.000000      0.8070625       1.785840      0.4159626      0.5349338    
        2240   1.000000      0.8745000       1.712656      0.4748867      0.5517752    
        2260   1.000000      0.8484375       1.468391      0.4598340      0.5371428    
        2280   1.000000      0.8254375       1.768287      0.4495495      0.5619754    
        2300  0.8750000      0.8131250       1.597780      0.4202822      0.5264649    
        2320  0.9375000      0.8436875       1.799281      0.4368880      0.5189505    
        2340  0.8750000      0.8054375       1.856123      0.3914369      0.5030992    
        2360  0.9375000      0.8820625       1.663912      0.4452237      0.5154960    
        2380   1.000000      0.7846875       1.970938      0.4256220      0.5068027    
        2400  0.9375000      0.9001250       1.612048      0.4421211      0.5467129    
        2420  0.8750000      0.7851875       1.647690      0.4435695      0.5246878    
        2440   1.000000      0.8328750       1.748657      0.4598390      0.5507545    
        2460   1.000000      0.8078750       1.545270      0.4359887      0.5422740    
        2480   1.000000      0.9410000       1.559284      0.4398990      0.5406805    
        2500   1.000000      0.8140000       1.480486      0.4400491      0.5410156    
        2520   1.000000      0.9328750       1.671597      0.4385398      0.5415879    
        2540  0.8750000      0.7386250       1.887972      0.3977964      0.4997917    
        2560   1.000000      0.9075000       1.574068      0.4520751      0.5548946    
        2580   1.000000      0.7805625       1.698134      0.4541711      0.5338542    
        2600   1.000000      0.9290625       1.508228      0.4947968      0.5736000    
        2620   1.000000      0.8050000       1.242454      0.4636292      0.5437239    
        2640   1.000000      0.8771250       1.588512      0.4628737      0.5588843    
        2660   1.000000      0.8406250       1.472343      0.4530032      0.5362501    
        2680   1.000000      0.9382500       1.576038      0.4523296      0.5902456    
        2700   1.000000      0.8071250       1.307907      0.4551648      0.5336000    
        2720   1.000000      0.8593125       1.762473      0.4558237      0.5506040    
        2740  0.9375000      0.7948750       1.684488      0.4305464      0.5141776    
        2760   1.000000      0.8801250       1.696772      0.4299101      0.5337499    
        2780   1.000000      0.8040625       1.425532      0.4041630      0.5145679    
        2800   1.000000      0.8318750       1.738056      0.4365630      0.5454546    
        2820  0.8750000      0.7788125       1.745310      0.3954259      0.5174932    
        2840  0.8750000      0.8329375       1.576640      0.4204502      0.5233137    
        2860  0.8750000      0.7887500       1.592609      0.3937641      0.5425341    
        2880  0.8750000      0.8238125       1.799390      0.4457256      0.5836763    
        2900  0.8750000      0.7987500       1.531960      0.4257779      0.5160698    
        2920  0.8750000      0.8220000       1.633991      0.4485005      0.5303819    
        2940  0.8750000      0.7975625       1.303824      0.4007191      0.5175780    
        2960  0.8750000      0.8174375       1.848533      0.4095882      0.5272847    
        2980  0.8750000      0.7877500       1.689323      0.3923489      0.5169761    
        3000  0.9375000      0.8290625       1.684898      0.4525979      0.5548946    
        3020  0.8750000      0.8138125       1.651446      0.4492178      0.5344098    
        3040  0.9375000      0.8682500       1.682444      0.4614440      0.5368000    
        3060   1.000000      0.8056875       1.255293      0.4647577      0.5362500    
        3080   1.000000      0.8259375       1.621102      0.4632867      0.5350838    
        3100  0.8750000      0.8039375       1.596870      0.4259422      0.5277779    
        3120  0.9375000      0.8112500       1.850783      0.4302005      0.5267490    
        3140  0.8750000      0.7978750       1.657674      0.4087285      0.5083829    
        3160  0.8750000      0.8239375       1.688180      0.4419897      0.5381085    
        3180  0.8750000      0.7849375       1.862393      0.4219135      0.5245747    
        3200  0.8750000      0.8341250       1.613831      0.4477082      0.5390234    
        3220  0.8750000      0.7886250       1.862551      0.3923465      0.5044444    
        3240  0.8750000      0.8097500       1.829188      0.4336435      0.5371429    
        3260  0.8750000      0.7946250       1.799986      0.3906403      0.4987499    
        3280  0.8750000      0.8318750       1.655651      0.4363915      0.5338542    
        3300  0.8750000      0.8023750       1.542973      0.4145382      0.4953704    
        3320  0.8750000      0.8213750       1.688839      0.4403516      0.5311112    
        3340  0.8750000      0.7989375       1.526605      0.4052152      0.5127552    
        3360  0.8750000      0.8142500       1.842125      0.4307597      0.5333332    
        3380  0.8750000      0.7921250       1.936582      0.3932823      0.4992002    
        3400  0.8750000      0.8235625       1.865876      0.4428976      0.5272847    
        3420  0.8750000      0.8056250       1.864607      0.3782938      0.5127550    
        3440  0.8750000      0.8073750       1.862654      0.4568399      0.5498866    
        3460  0.8750000      0.7971875       1.544616      0.4039347      0.5040176    
        3480  0.9375000      0.8083125       1.831151      0.4490705      0.5658671    
        3500  0.8750000      0.7818750       1.704672      0.4157393      0.4962500    
        3520  0.8750000      0.8209375       1.714744      0.4297576      0.5425348    
        3540  0.8750000      0.7935000       1.600204      0.4041970      0.4895999    
        3560   1.000000      0.8357500       1.628769      0.4299008      0.5303819    
        3580  0.8750000      0.7972500       1.513872      0.4082402      0.4828304    
        3600  0.8750000      0.8180625       1.758078      0.4326693      0.5246877    
        3620  0.8750000      0.7596875       2.164403      0.4042005      0.4872449    
        3640   1.000000      0.8700625       1.783906      0.4213359      0.5246876    
        3660  0.8750000      0.7890625       1.550557      0.4146797      0.5264651    
        3680   1.000000      0.9141875       1.611903      0.4578460      0.5500826    
        3700  0.8750000      0.7864375       1.698409      0.4407955      0.5251735    
        3720   1.000000      0.8206250       1.733104      0.4459661      0.5389422    
        3740  0.8750000      0.7906250       1.732910      0.4154566      0.4913496    
        3760  0.9375000      0.8232500       1.758803      0.4366607      0.5244690    
        3780  0.8750000      0.7963750       1.530683      0.4209823      0.5154960    
        3800  0.8750000      0.8247500       1.698785      0.4351744      0.5406080    
        3820   1.000000      0.7895625       1.458368      0.4333647      0.5256144    
        3840   1.000000      0.8705625       1.585038      0.4744351      0.5930578    
        3860   1.000000      0.8251250       1.416921      0.4263842      0.5175781    
        3880   1.000000      0.9047500       1.414163      0.4853298      0.5672637    
        3900   1.000000      0.8486875       1.345412      0.4723907      0.5362500    
        3920   1.000000      0.9234375       1.341209      0.5004358      0.5790081    
        3940   1.000000      0.9075000       1.188782      0.4740865      0.5498865    
        3960   1.000000      0.9186875       1.549526      0.5228165      0.5975029    
        3980   1.000000      0.8846250       1.273208      0.4691181      0.5547108    
        4000   1.000000      0.9181250       1.344831      0.4760387      0.5736000    
        4020   1.000000      0.8151250       1.525564      0.4517836      0.5415881    
        4040   1.000000      0.8530625       1.684368      0.4693461      0.5736001    
        4060   1.000000      0.8216250       1.539238      0.4555050      0.5495563    
        4080   1.000000      0.8485625       1.719983      0.4541260      0.5580357    
        4100   1.000000      0.8020625       1.585023      0.4436868      0.5495563    
        4120   1.000000      0.9272500       1.449206      0.4788623      0.5705497    
        4140   1.000000      0.9055625       1.206123      0.4750607      0.5735999    
        4160   1.000000      0.9198125       1.448337      0.4721439      0.5672637    
        4180   1.000000      0.8090000       1.537698      0.4704697      0.5362499    
        4200   1.000000      0.9346875       1.270928      0.4911343      0.5598958    
        4220   1.000000      0.9021875       1.311862      0.4605404      0.5338542    
        4240   1.000000      0.9246250       1.455963      0.4909663      0.5736001    
        4260   1.000000      0.8275000       1.354904      0.4366592      0.5204939    
        4280   1.000000      0.8740000       1.529162      0.4633000      0.5547107    
        4300   1.000000      0.8373750       1.556558      0.4496260      0.5338542    
        4320   1.000000      0.8323750       1.697089      0.4547080      0.5619753    
        4340   1.000000      0.8439375       1.408608      0.4618767      0.5264651    
        4360   1.000000      0.9098125       1.480031      0.4658104      0.5432000    
        4380   1.000000      0.8222500       1.669905      0.4092579      0.5344098    
        4400   1.000000      0.8765625       1.681847      0.4403289      0.5355903    
        4420  0.8750000      0.8087500       1.462700      0.4391988      0.5292969    
        4440  0.9375000      0.8618125       1.677852      0.4529912      0.5548945    
        4460   1.000000      0.7738125       2.026442      0.4209131      0.5583675    
        4480  0.9375000      0.8378750       1.839748      0.4649686      0.5659260    
        4500  0.8750000      0.7281250       1.934186      0.4333059      0.5501729    
        4520  0.8750000      0.8259375       1.863886      0.4220271      0.5309155    
        4540  0.8750000      0.7413750       1.879165      0.4183299      0.4916897    
        4560  0.8750000      0.8338125       2.057090      0.4263095      0.5169760    
        4580  0.8750000      0.7567500       1.597417      0.3939485      0.4878369    
        4600  0.8750000      0.8362500       2.082361      0.3938610      0.5158730    
        4620  0.8750000      0.7235625       2.309476      0.4020454      0.4829931    
        4640   1.000000      0.8776250       2.155331      0.4188178      0.5022675    
        4660  0.8750000      0.7496250       2.209237      0.4275483      0.4984568    
        4680  0.9375000      0.8282500       2.020779      0.4395421      0.5322782    
        4700  0.8750000      0.7559375       2.131192      0.4178265      0.5237501    
        4720   1.000000      0.8769375       2.329407      0.4341927      0.5244703    
        4740  0.9375000      0.7908750       1.793603      0.4458556      0.5113422    
        4760  0.9375000      0.8351250       2.240226      0.4371633      0.5305567    
        4780  0.8750000      0.7775000       2.009379      0.4386055      0.5226757    
        4800   1.000000      0.8447500       2.146440      0.4412458      0.5288462    
        4820  0.8750000      0.7606875       1.912299      0.4273185      0.5224000    
        4840  0.9375000      0.8164375       2.265638      0.4301696      0.5031237    
        4860  0.8750000      0.7440625       2.195082      0.4089045      0.5041323    
        4880  0.9375000      0.8306875       2.276096      0.4313216      0.5740155    
        4900  0.8750000      0.7586250       2.035973      0.4610765      0.5251737    
        4920  0.9375000      0.8956875       1.728686      0.4254666      0.4946940    
        4940   1.000000      0.7990000       1.512468      0.4078968      0.5134296    
        4960   1.000000      0.8425000       1.758980      0.4343982      0.5338541    
        4980   1.000000      0.8079375       1.796917      0.4385407      0.5272000    
        5000   1.000000      0.9252500       2.170411      0.4471667      0.4999999    
        5020   1.000000      0.7962500       1.551362      0.4184358      0.5272848    
        5040   1.000000      0.8555625       1.770566      0.4428101      0.5272847    
        5060  0.8750000      0.7937500       1.606615      0.4249604      0.5799999    
        5080   1.000000      0.8878750       1.946716      0.4414557      0.5245747    
        5100  0.8750000      0.7913750       1.576196      0.4208497      0.5125926    
        5120   1.000000      0.8188750       1.768595      0.4401298      0.5364892    
        5140  0.8750000      0.7830625       1.613358      0.4095866      0.5083103    
        5160   1.000000      0.9305000       1.601366      0.4251557      0.5272000    
        5180  0.8750000      0.7968750       1.377031      0.4035060      0.5289257    
        5200   1.000000      0.8353750       1.653728      0.4312972      0.5406805    
        5220  0.8750000      0.8083750       1.513649      0.4031145      0.5000000    
        5240   1.000000      0.8253750       1.784805      0.4300320      0.5302458    
        5260  0.8750000      0.8040625       1.275032      0.3976713      0.5160523    
        5280  0.9375000      0.8267500       1.590862      0.4400364      0.5289345    
        5300  0.8750000      0.7687500       1.593042      0.3874114      0.5175781    
        5320   1.000000      0.9245625       1.563192      0.4077665      0.5495999    
        5340  0.8750000      0.8070625       1.420026      0.3752030      0.5013719    
        5360   1.000000      0.8363750       1.667555      0.4300177      0.5502040    
        5380  0.8750000      0.7960000       1.770206      0.3968155      0.4896193    
        5400  0.8750000      0.8190625       1.777785      0.4188734      0.5548944    
        5420  0.8750000      0.7729375       1.817724      0.4008816      0.4896194    
        5440  0.8750000      0.8025000       1.866778      0.4267395      0.5337499    
        5460  0.8750000      0.7830625       1.872089      0.4044946      0.4965278    
        5480  0.8750000      0.8336875       1.651942      0.4381001      0.5369408    
        5500  0.8750000      0.7818750       1.575894      0.4068559      0.5387053    
        5520  0.9375000      0.8072500       1.759397      0.4253675      0.5498866    
        5540  0.9375000      0.7923125       1.470428      0.4330531      0.5287501    
        5560   1.000000      0.8227500       1.697988      0.4364537      0.5586011    
        5580  0.8750000      0.7981250       1.635644      0.4225543      0.5193907    
        5600   1.000000      0.8172500       1.754702      0.4558139      0.5462413    
        5620  0.8750000      0.7839375       1.575237      0.4373097      0.5586010    
        5640  0.8750000      0.8156875       1.666788      0.4566593      0.5755208    
        5660  0.8750000      0.8012500       1.552687      0.4399318      0.5136741    
        5680  0.8750000      0.8044375       1.809689      0.4476287      0.5356102    
        5700  0.8750000      0.7911875       1.634890      0.4396794      0.5386695    
        5720   1.000000      0.8646875       1.819084      0.4388279      0.5303819    
        5740  0.8750000      0.7926875       1.581411      0.4186818      0.5028836    
        5760  0.8750000      0.8150625       1.784043      0.4461679      0.5245748    
        5780  0.8750000      0.7881250       1.758121      0.4311247      0.5144628    
        5800  0.8750000      0.8073125       1.711063      0.4588582      0.5407987    
        5820  0.8750000      0.8098125       1.454918      0.4292930      0.5303819    
        5840   1.000000      0.8126250       1.629401      0.4524131      0.5272000    
        5860  0.8750000      0.7996250       1.654193      0.4229884      0.5430839    
        5880  0.8750000      0.8078125       1.675988      0.4579073      0.5362501    
        5900  0.8750000      0.7905000       1.575529      0.4355485      0.5000000    
        5920  0.8750000      0.8063125       1.699039      0.4591072      0.5548946    
        5940  0.8750000      0.7990625       1.627562      0.4437868      0.5314622    
        5960   1.000000      0.8145625       1.756888      0.4531896      0.5581007    
        5980  0.8750000      0.7878125       1.691365      0.4347020      0.5193906    
        6000   1.000000      0.8284375       1.822640      0.4455322      0.5548946    
        6020  0.8750000      0.8106250       1.413788      0.4196491      0.5278925    
        6040   1.000000      0.8732500       1.718137      0.3891946      0.5094646    
        6060  0.8750000      0.7957500       1.612133      0.4062178      0.5110803    
        6080   1.000000      0.8181875       1.857738      0.4250460      0.5368000    
        6100  0.8750000      0.8099375       1.500666      0.4106835      0.5261593    
        6120  0.8750000      0.8254375       1.734409      0.4242266      0.5154959    
        6140  0.8750000      0.8066250       1.505621      0.4169321      0.5193952    
        6160   1.000000      0.8243125       1.792935      0.4292988      0.5170133    
        6180  0.8750000      0.7943750       1.569410      0.4083526      0.5027702    
        6200   1.000000      0.8213125       1.676476      0.4285575      0.5261594    
        6220  0.8750000      0.8123125       1.388707      0.4153146      0.5000001    
        6240   1.000000      0.9110625       1.671988      0.4535955      0.5264472    
        6260  0.8750000      0.7951875       1.478489      0.4136709      0.5172193    
        6280   1.000000      0.8405000       1.666129      0.4576019      0.5699434    
        6300  0.8750000      0.7880000       1.472935      0.4009733      0.5159545    
        6320   1.000000      0.8988750       1.709997      0.4369675      0.5102881    
        6340  0.8750000      0.7902500       1.985715      0.4024080      0.5088758    
        6360   1.000000      0.8856250       1.791867      0.4248919      0.4976000    
        6380  0.8750000      0.7888125       1.845784      0.4136601      0.5087500    
        6400  0.8750000      0.8084375       1.827610      0.4450996      0.5501236    
        6420  0.8750000      0.7436875       1.853307      0.4254965      0.5166205    
        6440  0.9375000      0.8851875       1.780373      0.4152851      0.5097877    
        6460  0.8750000      0.8143125       1.597461      0.4303488      0.5207939    
        6480   1.000000      0.8247500       1.789066      0.4413005      0.5755208    
        6500  0.9375000      0.7916875       1.507992      0.4418599      0.5381945    
        6520   1.000000      0.8405625       1.687409      0.4470245      0.5407987    
        6540  0.8750000      0.8156250       1.593587      0.4226859      0.5030991    
        6560  0.8750000      0.8216250       1.781150      0.4388605      0.5289258    
        6580   1.000000      0.8120625       1.577554      0.4283352      0.5278407    
        6600  0.9375000      0.8266875       1.823578      0.4414422      0.5588843    
        6620  0.8750000      0.7940000       1.785829      0.4147060      0.5256144    
        6640  0.9375000      0.8803125       1.788843      0.4392178      0.5064000    
        6660  0.8750000      0.8082500       1.678040      0.4232882      0.5062196    
        6680  0.8750000      0.8151250       1.829119      0.4453883      0.5498866    
        6700  0.8750000      0.7991875       1.529313      0.4113804      0.5245746    
        6720   1.000000      0.8461875       1.742442      0.4310234      0.5548944    
        6740  0.8750000      0.8145000       1.481434      0.4555564      0.5382652    
        6760   1.000000      0.9236250       1.559918      0.4414220      0.5437239    
        6780  0.8750000      0.7965625       1.598486      0.3886829      0.5127552    
        6800   1.000000      0.8335625       1.737388      0.4103342      0.4982700    
        6820  0.8750000      0.7405625       1.937854      0.3838793      0.4931973    
        6840   1.000000      0.8463750       1.901173      0.4068495      0.5509260    
        6860  0.8750000      0.7626250       1.602924      0.4084440      0.4914619    
        6880   1.000000      0.9371875       1.568758      0.4635714      0.5245746    
        6900  0.8750000      0.8054375       1.437036      0.4148117      0.5399450    
        6920   1.000000      0.8277500       1.658013      0.4440842      0.5568182    
        6940  0.8750000      0.8046250       1.464225      0.4192918      0.5175781    
        6960  0.8750000      0.8198750       1.770371      0.4337324      0.5437241    
        6980  0.8750000      0.8045625       1.363840      0.3992485      0.5272000    
        7000  0.9375000      0.8284375       1.664074      0.4398746      0.5296515    
        7020  0.8750000      0.7828750       1.831780      0.3965967      0.4787501    
        7040  0.8750000      0.8207500       1.710001      0.4480312      0.5522279    
        7060  0.8750000      0.7534375       1.831144      0.3947176      0.5112500    
        7080  0.8750000      0.8255000       1.739023      0.4367519      0.5237604    
        7100  0.8750000      0.7966875       1.722956      0.4402978      0.5008113    
        7120  0.8750000      0.8175625       1.771495      0.4393033      0.5348594    
        7140  0.8750000      0.8052500       1.639318      0.4228110      0.5144628    
        7160   1.000000      0.8828750       1.938200      0.4522906      0.5321361    
        7180   1.000000      0.8025625       1.618767      0.4315436      0.5356101    
        7200  0.8750000      0.8278750       1.668741      0.4445173      0.5272847    
        7220  0.8750000      0.8089375       1.664411      0.3956518      0.5037500    
        7240   1.000000      0.9243125       1.503751      0.4255427      0.5355902    
        7260   1.000000      0.7995625       1.590938      0.4213922      0.5344099    
        7280   1.000000      0.9418125       1.447023      0.4453167      0.5079222    
        7300  0.8750000      0.8163125       1.508823      0.4334120      0.5030991    
        7320   1.000000      0.8395000       1.696568      0.4339507      0.5322782    
        7340  0.8750000      0.8031250       1.722611      0.4189041      0.5256000    
        7360   1.000000      0.8325625       1.677058      0.4321498      0.5364432    
        7380  0.8750000      0.7882500       1.516939      0.4358370      0.5137174    
        7400  0.8750000      0.8168125       1.673860      0.4588836      0.5389421    
        7420  0.8750000      0.7960000       1.609528      0.4238756      0.5559762    
        7440  0.8750000      0.8185000       1.793927      0.4388657      0.5389422    
        7460  0.8750000      0.8126875       1.797337      0.3914574      0.5110803    
        7480  0.8750000      0.8271875       1.773032      0.4299008      0.5272000    
        7500  0.8750000      0.7939375       1.565340      0.4010826      0.5010956    
        7520  0.8750000      0.8240000       1.635641      0.4419619      0.5436370    
        7540  0.8750000      0.7973125       1.900089      0.4184178      0.5467128    
        7560  0.8750000      0.8263750       1.761632      0.4500285      0.5272110    
        7580  0.8750000      0.7996250       1.781667      0.4333537      0.5022677    
        7600  0.8750000      0.8174375       1.722982      0.4386796      0.5288889    
        7620  0.8750000      0.7912500       1.860768      0.4470080      0.5498867    
        7640   1.000000      0.8263750       1.852672      0.4179719      0.5214815    
        7660  0.8750000      0.8046875       1.493450      0.4389432      0.5320247    
        7680  0.8750000      0.8181250       1.658395      0.4487007      0.5462412    
        7700  0.8750000      0.7905625       1.495870      0.4043653      0.5090703    
        7720  0.8750000      0.8129375       1.866928      0.4338466      0.5287501    
        7740  0.8750000      0.7893750       1.959285      0.3813043      0.4977778    
        7760  0.8750000      0.8114375       1.852177      0.4316757      0.5264651    
        7780  0.8750000      0.7928750       1.861016      0.3858343      0.4887151    
        7800  0.8750000      0.8282500       1.710535      0.4371327      0.5560493    
        7820  0.8750000      0.8010625       1.344454      0.4000459      0.5000001    
        7840   1.000000      0.8449375       1.660580      0.4291272      0.5481480    
        7860  0.8750000      0.8001875       1.652160      0.4134057      0.5192000    
        7880   1.000000      0.8261875       1.760666      0.4362001      0.5347634    
        7900  0.8750000      0.7918750       1.813011      0.4601678      0.5416000    
        7920  0.8750000      0.8283125       1.728882      0.4637179      0.5848801    
        7940  0.8750000      0.7925625       1.910145      0.3996217      0.5416000    
        7960   1.000000      0.8245625       1.790498      0.4458158      0.5402893    
        7980  0.8750000      0.7925000       1.838395      0.4291423      0.5245747    
        8000   1.000000      0.8270000       1.800437      0.4509721      0.5459483    
        8020  0.8750000      0.7918750       1.584198      0.4534266      0.5325254    
        8040   1.000000      0.8446875       1.806237      0.4409304      0.5463948    
        8060  0.8750000      0.7958750       1.540820      0.4313700      0.5245747    
        8080   1.000000      0.8507500       1.780231      0.4426121      0.5609505    
        8100  0.8750000      0.7817500       1.776654      0.4307549      0.5406805    
        8120   1.000000      0.9315000       2.050174      0.4565532      0.5467128    
        8140  0.8750000      0.8178125       1.568780      0.4121890      0.5125927    
        8160   1.000000      0.8451250       1.804743      0.4403352      0.5480769    
        8180  0.8750000      0.8041250       1.563000      0.4180889      0.5292970    
        8200   1.000000      0.8328750       1.727267      0.4424355      0.5415879    
        8220  0.8750000      0.7765000       1.944294      0.3885122      0.4795918    
        8240   1.000000      0.8495625       1.605164      0.4338945      0.5431999    
        8260  0.8750000      0.7841875       1.737684      0.4084100      0.5134298    
        8280  0.9375000      0.8331250       1.897313      0.4092041      0.4956597    
        8300  0.8750000      0.7971250       1.808790      0.4210551      0.5081361    
        8320  0.8750000      0.8283125       1.708073      0.4463025      0.5110804    
        8340  0.8750000      0.8046250       1.733507      0.4379503      0.5278406    
        8360  0.9375000      0.8283125       1.684724      0.4405673      0.5348595    
        8380  0.8750000      0.7945625       1.983722      0.4110496      0.5389648    
        8400  0.9375000      0.8291250       1.811989      0.4326804      0.5699434    
        8420  0.8750000      0.8095625       1.867701      0.4197540      0.4973960    
        8440  0.8750000      0.8346250       1.639840      0.4452127      0.5314621    
        8460  0.8750000      0.8165000       1.468107      0.4143118      0.5169760    
        8480  0.9375000      0.8253125       1.743497      0.4438857      0.5264649    
        8500  0.8750000      0.7790625       1.865442      0.4153500      0.5612500    
        8520   1.000000      0.8343750       1.886916      0.4366397      0.5671999    
        8540  0.8750000      0.7991875       1.820022      0.3851984      0.5030991    
        8560   1.000000      0.8299375       1.692138      0.4332904      0.5251735    
        8580  0.8750000      0.8023750       1.791371      0.4294636      0.5432001    
        8600   1.000000      0.8182500       1.804953      0.4410663      0.5272846    
        8620  0.8750000      0.7698125       1.855055      0.4083492      0.4973958    
        8640  0.8750000      0.8311250       1.549051      0.4453724      0.5532421    
        8660   1.000000      0.8110000       1.618492      0.4557180      0.5679338    
        8680   1.000000      0.8249375       1.734100      0.4469650      0.5659260    
        8700   1.000000      0.8087500       1.562989      0.4457824      0.5361553    
        8720  0.8750000      0.8149375       1.788259      0.4505057      0.5642722    
        8740  0.8750000      0.8093750       1.567056      0.4334644      0.5214816    
        8760  0.9375000      0.8288750       1.711604      0.4481328      0.5484429    
        8780   1.000000      0.8216250       1.515172      0.4564908      0.5736001    
        8800  0.8750000      0.8203125       1.743165      0.4520492      0.5344099    
        8820   1.000000      0.8096250       1.657816      0.4591695      0.5547107    
        8840   1.000000      0.8547500       1.719899      0.4499870      0.5498866    
        8860  0.8750000      0.8041250       1.743858      0.4256292      0.5278407    
        8880  0.9375000      0.8561250       1.793853      0.4331091      0.5548946    
        8900  0.8750000      0.8106875       1.569853      0.4243673      0.5642723    
        8920   1.000000      0.8255625       1.698640      0.4495581      0.5548945    
        8940   1.000000      0.7988750       1.403522      0.4240102      0.5231482    
        8960  0.8750000      0.8216875       1.731542      0.4249398      0.5548946    
        8980   1.000000      0.7943750       1.659573      0.4119663      0.5094646    
        9000  0.9375000      0.8731250       1.729741      0.4344146      0.5502042    
        9020   1.000000      0.7793750       1.801267      0.4247964      0.5095485    
        9040   1.000000      0.8229375       1.703928      0.4466377      0.5416000    
        9060   1.000000      0.8121250       1.518137      0.4261535      0.5127550    
        9080  0.8750000      0.8145625       1.841833      0.4433498      0.5588843    
        9100   1.000000      0.8313125       1.551962      0.4489149      0.5154958    
        9120  0.9375000      0.8298750       1.633380      0.4330507      0.5272846    
        9140   1.000000      0.8075625       1.451744      0.4475157      0.5406804    
        9160   1.000000      0.8291875       1.699363      0.4470283      0.5355902    
        9180  0.8750000      0.8022500       1.774443      0.3928859      0.5000000    
        9200  0.9375000      0.8275000       1.746376      0.4375009      0.5437239    
        9220   1.000000      0.8066250       1.717220      0.4308505      0.5495563    
        9240  0.9375000      0.8898125       1.667109      0.4432024      0.5283554    
        9260  0.8750000      0.7366250       2.033179      0.4309608      0.5464877    
        9280  0.9375000      0.8414375       1.935189      0.4155944      0.5658669    
        9300  0.8750000      0.8248750       1.560939      0.4640139      0.5166205    
        9320   1.000000      0.9040625       1.622674      0.4428897      0.5094646    
        9340  0.8750000      0.8020625       1.667327      0.4559643      0.5355903    
        9360  0.9375000      0.8914375       1.714648      0.4292231      0.4887154    
        9380  0.8750000      0.7556875       1.846102      0.4216653      0.5231481    
        9400   1.000000      0.8260000       1.757118      0.4292487      0.5348595    
        9420  0.8750000      0.7997500       1.705804      0.4147283      0.5207939    
        9440  0.8750000      0.8246875       1.779782      0.4443035      0.5507671    
        9460   1.000000      0.8071250       1.693542      0.4251643      0.5154958    
        9480  0.8750000      0.8105625       1.873259      0.4365160      0.5498866    
        9500  0.8750000      0.7761250       1.699228      0.4209764      0.5137501    
        9520   1.000000      0.9365625       1.490492      0.4740432      0.5646138    
        9540   1.000000      0.7968125       1.599017      0.4301093      0.5207939    
        9560   1.000000      0.8243125       1.810824      0.4389994      0.5672635    
        9580   1.000000      0.7838750       1.670266      0.4103260      0.5160523    
        9600  0.9375000      0.8316875       1.635719      0.4246599      0.5272803    
        9620   1.000000      0.7927500       1.556175      0.4108325      0.4921876    
        9640   1.000000      0.8356250       1.662934      0.4287758      0.5425346    
        9660  0.8750000      0.7889375       1.707855      0.3981843      0.5090351    
        9680   1.000000      0.8536250       1.704869      0.4284681      0.5242192    
        9700  0.8750000      0.8092500       1.282342      0.3966663      0.5083830    
        9720   1.000000      0.8219375       1.749962      0.4249250      0.5432000    
        9740  0.8750000      0.7947500       1.605483      0.3926718      0.4861111    
        9760   1.000000      0.8340000       1.786687      0.4246313      0.5127552    
        9780  0.8750000      0.7952500       1.537516      0.4147940      0.5044214    
        9800   1.000000      0.8284375       1.709595      0.4394308      0.5246877    
        9820  0.8750000      0.7907500       1.735639      0.4022551      0.5158730    
        9840   1.000000      0.8191875       1.787145      0.4414312      0.5680529    
        9860  0.8750000      0.7996875       1.464064      0.3904983      0.5110805    
        9880  0.8750000      0.8233125       1.762456      0.4272052      0.5246877    
        9900  0.8750000      0.7938750       1.654196      0.3959485      0.5167654    
        9920  0.8750000      0.8311250       1.629677      0.4291367      0.5397923    
        9940  0.8750000      0.7991875       1.676826      0.4052781      0.4760027    
        9960  0.8750000      0.8232500       1.799313      0.4315450      0.5356102    
        9980  0.8750000      0.7997500       1.424013      0.4508939      0.5303819    
       10000  0.8750000      0.8309375       1.573205      0.4497603      0.5509260    
       10020  0.8750000      0.7986875       1.553551      0.4142826      0.5338542    
       10040  0.9375000      0.8302500       1.533962      0.4471178      0.5425342    
       10060  0.8750000      0.7949375       1.590389      0.4210782      0.5088758    
       10080   1.000000      0.8495000       1.669596      0.4401147      0.5432001    
       10100  0.8750000      0.7990625       1.471751      0.4058881      0.5000001    
       10120   1.000000      0.8275000       1.845632      0.4178182      0.5296514    
       10140  0.8750000      0.7938125       1.533044      0.4023126      0.5245747    
       10160   1.000000      0.9348125       1.650861      0.4023584      0.5096154    
       10180  0.8750000      0.7960000       1.468993      0.4127879      0.5245747    
       10200   1.000000      0.8297500       1.840560      0.4215346      0.5588843    
       10220  0.8750000      0.8025625       1.788494      0.4202088      0.5312500    
       10240   1.000000      0.8268750       1.701978      0.4388574      0.5486645    
       10260  0.8750000      0.7931250       1.533088      0.4190669      0.5151653    
       10280   1.000000      0.8251875       1.890885      0.4496056      0.5437240    
       10300  0.8750000      0.7939375       1.747221      0.4186629      0.5609503    
       10320   1.000000      0.8528125       1.890819      0.4429476      0.5389422    
       10340  0.8750000      0.7933125       1.586806      0.4370433      0.5029746    
       10360   1.000000      0.8368750       1.731466      0.4510086      0.5512153    
       10380  0.8750000      0.8026875       1.421723      0.4478065      0.5439401    
       10400  0.9375000      0.8381875       1.722586      0.4495086      0.5412347    
       10420  0.8750000      0.8057500       1.427941      0.4279626      0.5256144    
       10440   1.000000      0.8280625       1.739596      0.4276387      0.5498866    
       10460  0.8750000      0.8080625       1.426332      0.4016660      0.4830119    
       10480  0.8750000      0.8266250       1.700210      0.4363232      0.5377750    
       10500  0.8750000      0.8018750       1.605674      0.4171567      0.5166205    
       10520  0.9375000      0.8301250       1.638509      0.4352702      0.5344098    
       10540  0.8750000      0.8091250       1.591441      0.4339310      0.5022189    
       10560   1.000000      0.8184375       1.848621      0.4283763      0.5436370    
       10580  0.8750000      0.8061875       1.512927      0.4198762      0.4984000    
       10600   1.000000      0.8365625       1.737650      0.4339450      0.5397924    
       10620  0.8750000      0.7818750       1.715733      0.4092684      0.5000001    
       10640   1.000000      0.8246875       1.684796      0.4316783      0.5371428    
       10660  0.8750000      0.7726875       1.869369      0.3953432      0.5059173    
       10680  0.9375000      0.8225000       1.805117      0.4122593      0.4967902    
       10700  0.8750000      0.8025000       1.606532      0.4359248      0.5110947    
       10720   1.000000      0.8351875       1.798614      0.4536808      0.5473373    
       10740  0.8750000      0.8045625       1.485865      0.4259215      0.5303704    
       10760   1.000000      0.8458125       1.715577      0.4406231      0.5336000    
       10780  0.8750000      0.7946875       1.711886      0.4117592      0.5051379    
       10800   1.000000      0.8183750       1.906763      0.4511764      0.5486646    
       10820  0.8750000      0.7971250       1.571631      0.4435210      0.5338541    
       10840   1.000000      0.8501875       1.621343      0.4481431      0.5459440    
       10860  0.8750000      0.7964375       1.641701      0.4412657      0.5164666    
       10880   1.000000      0.9249375       1.649418      0.4370488      0.5415879    
       10900  0.8750000      0.8152500       1.477872      0.4172815      0.4984000    
       10920   1.000000      0.9378125       1.624734      0.4499466      0.5235969    
       10940  0.8750000      0.7956875       1.426684      0.4094531      0.5303820    
       10960   1.000000      0.8302500       1.748708      0.4550977      0.5668402    
       10980  0.8750000      0.8066875       1.551870      0.4337668      0.5189503    
       11000   1.000000      0.9297500       1.907513      0.4638532      0.5384000    
       11020  0.8750000      0.7913125       1.992596      0.4034693      0.4921874    
       11040   1.000000      0.8493750       1.775036      0.4382107      0.5303819    
       11060  0.8750000      0.7966250       1.528491      0.4023958      0.5154958    
       11080   1.000000      0.8248750       1.911014      0.4359899      0.5437239    
       11100  0.8750000      0.7879375       1.644172      0.4158745      0.5164931    
       11120   1.000000      0.8353125       1.761893      0.4365635      0.5399998    
       11140  0.8750000      0.7969375       1.522618      0.4093148      0.5160523    
       11160   1.000000      0.9097500       1.614656      0.4301414      0.5272108    
       11180   1.000000      0.8030625       1.744988      0.4251815      0.5203305    
       11200   1.000000      0.8661875       1.687031      0.4483868      0.5699433    
       11220   1.000000      0.8138125       1.547130      0.4347732      0.5278406    
       11240  0.8750000      0.8268125       1.684343      0.4465655      0.5618313    
       11260  0.8750000      0.7995625       1.809378      0.4287362      0.5406427    
       11280  0.9375000      0.8303125       1.658872      0.4465861      0.5303819    
       11300  0.8750000      0.8088750       1.463552      0.4170524      0.5264651    
       11320   1.000000      0.8428125       1.752761      0.4133218      0.5212500    
       11340  0.8750000      0.8069375       1.467627      0.3944609      0.4949433    
       11360   1.000000      0.9333125       1.568914      0.4362046      0.5570946    
       11380  0.8750000      0.7902500       1.511446      0.3987623      0.5124491    
       11400   1.000000      0.8216875       1.735631      0.4291537      0.5323676    
       11420  0.8750000      0.7853125       1.607714      0.3925667      0.5110803    
       11440   1.000000      0.9333750       1.575887      0.4761639      0.5575999    
       11460   1.000000      0.8087500       1.573941      0.4299051      0.5181179    
       11480   1.000000      0.8520625       1.671274      0.4496337      0.5495562    
       11500  0.8750000      0.7963125       1.579127      0.4138495      0.5197703    
       11520   1.000000      0.8785625       1.952192      0.4586412      0.5580358    
       11540  0.8750000      0.7988125       1.534980      0.4068087      0.5207939    
       11560   1.000000      0.8332500       1.784299      0.4331733      0.5498865    
       11580  0.8750000      0.7832500       1.678436      0.4310968      0.5044214    
       11600  0.9375000      0.8428750       1.707737      0.4404213      0.5498866    
       11620  0.8750000      0.8080000       1.846635      0.3799511      0.4787501    
       11640   1.000000      0.8208125       1.706015      0.4521099      0.5431999    
       11660  0.8750000      0.7933125       1.522536      0.4388216      0.5498865    
       11680  0.9375000      0.8808750       1.700848      0.4374640      0.5322781    
       11700  0.8750000      0.7488125       1.837598      0.4291325      0.5080000    
       11720   1.000000      0.8890000       1.697822      0.4298868      0.5205975    
       11740  0.8750000      0.7325000       1.961048      0.4221355      0.5096000    
       11760  0.9375000      0.8893125       1.694844      0.4173141      0.4987500    
       11780  0.8750000      0.8101250       1.603327      0.4341430      0.5154958    
       11800  0.9375000      0.8880000       1.636399      0.4374411      0.4921579    
       11820  0.8750000      0.7502500       1.803048      0.4373090      0.5166205    
       11840  0.9375000      0.8948750       1.685395      0.4601026      0.5331633    
       11860  0.8750000      0.7820000       1.738992      0.4270392      0.5030991    
       11880  0.9375000      0.8202500       1.767493      0.4344855      0.5609505    
       11900  0.8750000      0.8171250       1.623517      0.4562527      0.5245748    
       11920   1.000000      0.9088750       1.495996      0.5036097      0.5790080    
       11940   1.000000      0.9082500       1.159438      0.4722137      0.5548945    
       11960   1.000000      0.9214375       1.759022      0.4963691      0.5802467    
       11980   1.000000      0.8515000       1.324153      0.4608130      0.5730613    
       12000   1.000000      0.9346875       1.601277      0.4825021      0.5646138    
       12020   1.000000      0.8360625       1.592446      0.4549749      0.5368945    
       12040   1.000000      0.9080000       1.513852      0.4862501      0.5790080    
       12060   1.000000      0.8313125       1.616734      0.4548098      0.5316666    
       12080   1.000000      0.9168750       1.354905      0.4845362      0.5548944    
       12100   1.000000      0.7930000       1.682351      0.4732638      0.5338541    
       12120   1.000000      0.9101250       1.418991      0.4850128      0.5513808    
       12140   1.000000      0.8470625       1.403024      0.4561737      0.5548944    
       12160   1.000000      0.9292500       1.291710      0.4923047      0.5672635    
       12180   1.000000      0.8944375       1.402359      0.4685673      0.5338542    
       12200   1.000000      0.9331250       1.321319      0.5004356      0.5835799    
       12220   1.000000      0.8184375       1.460469      0.4640234      0.5338542    
       12240   1.000000      0.9305000       1.328946      0.4927335      0.5790082    
       12260   1.000000      0.8789375       1.230008      0.4675239      0.5437239    
       12280   1.000000      0.9104375       1.451008      0.4790004      0.5495561    
       12300   1.000000      0.7981875       1.622143      0.4519032      0.5344099    
       12320   1.000000      0.9263750       1.453017      0.4864746      0.5930579    
       12340   1.000000      0.8520625       1.412029      0.4637786      0.5495562    
       12360   1.000000      0.9239375       1.573802      0.4760782      0.5642093    
       12380   1.000000      0.9371250       1.238754      0.4790172      0.5495563    
       12400   1.000000      0.9238750       1.479015      0.4773616      0.5835798    
       12420   1.000000      0.8173750       1.540802      0.4574212      0.5495562    
       12440   1.000000      0.9221250       1.440863      0.4763071      0.5835799    
       12460   1.000000      0.9110000       1.236559      0.4689766      0.5338541    
       12480   1.000000      0.9289375       1.416008      0.5003530      0.5835799    
       12500   1.000000      0.9146875       1.082446      0.4755915      0.5437241    
       12520   1.000000      0.9138125       1.424722      0.4888805      0.5607877    
       12600   1.000000      0.9327500      0.9776977      0.4777938      0.5642722    
       12800   1.000000      0.9241250       1.105773      0.4756595      0.5362501    
       13000   1.000000      0.9340625       1.042680      0.4773368      0.5671999    
       13200   1.000000      0.9230625       1.063225      0.4766544      0.5495563    
       13400   1.000000      0.9337500       1.017676      0.4772024      0.5668402    
       13600   1.000000      0.9253750       1.078667      0.4768374      0.5619753    
       13800   1.000000      0.9316250       1.045525      0.4772401      0.5362500    
       14000   1.000000      0.9283750       1.052027      0.4772374      0.5415879    
       14200   1.000000      0.9304375       1.052497      0.4773477      0.5513808    
       14400   1.000000      0.9309375       1.027607      0.4775524      0.5599490    
       14600   1.000000      0.9253125       1.072040      0.4762140      0.5548946    
       14800   1.000000      0.9240000       1.072956      0.4775854      0.5790080    
       15000   1.000000      0.9305000      0.9994881      0.4779875      0.5498866    
       15200   1.000000      0.9350000       1.027711      0.4780619      0.5548947    
       15400   1.000000      0.9301875       1.009499      0.4777206      0.5495563    
       15600   1.000000      0.9268125       1.068897      0.4764258      0.5548946    
       15800   1.000000      0.9300000       1.065412      0.4767683      0.5415879    
       16000   1.000000      0.9264375       1.106195      0.4765675      0.5336000    
       16200   1.000000      0.9292500       1.036183      0.4776812      0.5432001    
       16400   1.000000      0.9345625      0.9793146      0.4779644      0.5245747    
       16600   1.000000      0.9313125       1.024447      0.4775743      0.5322784    
       16800   1.000000      0.9362500      0.9868739      0.4788062      0.5362501    
       17000   1.000000      0.9256875       1.072487      0.4768487      0.5607880    
       17200   1.000000      0.9281250       1.066684      0.4768105      0.5498866    
       17400   1.000000      0.9248125       1.116655      0.4760369      0.5493827    
       17600   1.000000      0.9318750      0.9949652      0.4779951      0.5498866    
       17800   1.000000      0.9301250       1.040550      0.4767966      0.5272847    
       18000   1.000000      0.9333750       1.006706      0.4783476      0.5406805    
       18200   1.000000      0.9226875       1.097987      0.4761028      0.5548947    
       18400   1.000000      0.9344375       1.020501      0.4774408      0.5554848    
       18600   1.000000      0.9356875       1.031232      0.4778302      0.5415879    
       18800   1.000000      0.9289375       1.070939      0.4763412      0.5642722    
       19000   1.000000      0.9178750       1.090270      0.4758462      0.5415879    
       19200   1.000000      0.9209375       1.180795      0.4742140      0.5548946    
       19400   1.000000      0.9313750       1.026456      0.4780388      0.5672637    
       19600   1.000000      0.9275625       1.090178      0.4761150      0.5498866    
       19800   1.000000      0.9261875       1.082977      0.4767037      0.5461019    
       20000   1.000000      0.9211875       1.098871      0.4773079      0.5507545    
       20200   1.000000      0.9290000       1.048806      0.4772713      0.5465976    
       20400   1.000000      0.9201250       1.093704      0.4756864      0.5431999    
       20600   1.000000      0.9241875       1.067850      0.4757555      0.5437239    
       20800   1.000000      0.9324375       1.007568      0.4784764      0.5498866    
       21000   1.000000      0.9296875       1.042473      0.4772461      0.5464391    
       21200   1.000000      0.9358750       1.021043      0.4773274      0.5437239    
       21400   1.000000      0.9265625       1.082129      0.4770419      0.5415879    
       21600   1.000000      0.9336250       1.055497      0.4770934      0.5176218    
       21800   1.000000      0.9360000       1.014374      0.4788939      0.5498867    
       22000   1.000000      0.9306875       1.026203      0.4777521      0.5642723    
       22200   1.000000      0.9337500       1.029682      0.4780366      0.5495562    
       22400   1.000000      0.9215625       1.073518      0.4777262      0.5513808    
       22600   1.000000      0.9345625       1.022047      0.4777816      0.5548698    
       22800   1.000000      0.9298750       1.053223      0.4774605      0.5423267    
       23000   1.000000      0.9428125      0.9536284      0.4795830      0.5736000    
       23200   1.000000      0.9358750      0.9804359      0.4781182      0.5494791    
       23400   1.000000      0.9355625      0.9895994      0.4783489      0.5642724    
       23600   1.000000      0.9293750       1.039163      0.4784350      0.5658669    
       23800   1.000000      0.9248125       1.089294      0.4764750      0.5234375    
       24000   1.000000      0.9359375       1.024567      0.4782030      0.5437239    
       24200   1.000000      0.9269375       1.038315      0.4778944      0.5344098    
       24400   1.000000      0.9308750       1.002995      0.4776349      0.5437240    
       24600   1.000000      0.9312500       1.056913      0.4780248      0.5513808    
       24800   1.000000      0.9268750       1.112030      0.4760354      0.5619752    
       25000   1.000000      0.9355000       1.003970      0.4778816      0.5588844    
       25200   1.000000      0.9375000      0.9986503      0.4784218      0.5415878    
       25400   1.000000      0.9302500       1.036810      0.4772239      0.5303704    
       25600   1.000000      0.9350000       1.012184      0.4781375      0.5588844    
       25800   1.000000      0.9320000       1.066437      0.4768744      0.5437239    
       26000   1.000000      0.9253125       1.041043      0.4767666      0.5797769    
       26200   1.000000      0.9253125       1.110852      0.4765207      0.5588843    
       26400   1.000000      0.9345000       1.020777      0.4784458      0.5384001    
       26600   1.000000      0.9307500       1.045654      0.4762270      0.5431999    
       26800   1.000000      0.9263125       1.071725      0.4772155      0.5362501    
       27000   1.000000      0.9267500       1.058269      0.4773408      0.5245748    
       27200   1.000000      0.9291875       1.022981      0.4770261      0.5303704    
       27400   1.000000      0.9217500       1.056385      0.4764143      0.5507545    
       27600   1.000000      0.9266250       1.080736      0.4769874      0.5668403    
       27800   1.000000      0.9318125       1.071733      0.4776323      0.5437239    
       28000   1.000000      0.9313750      0.9580756      0.4786718      0.5672636    
       28200   1.000000      0.9344375       1.010033      0.4784860      0.5318560    
       28400   1.000000      0.9268750       1.053270      0.4770442      0.5672637    
       28600   1.000000      0.9291875       1.055619      0.4771193      0.5497885    
       28800   1.000000      0.9295625       1.027620      0.4776561      0.5498866    
       29000   1.000000      0.9353750       1.019331      0.4783604      0.5315100    
       29200   1.000000      0.9325625       1.069829      0.4773558      0.5437239    
       29400   1.000000      0.9340000       1.066746      0.4773935      0.5272848    
       29600   1.000000      0.9313125      0.9962904      0.4788306      0.5642723    
       29800   1.000000      0.9285000       1.046663      0.4768136      0.5498865    
       30000   1.000000      0.9273750       1.033717      0.4769900      0.5432000    
       30200   1.000000      0.9209375       1.158256      0.4753285      0.5588844    
       30400   1.000000      0.9228125       1.129196      0.4765221      0.5672637    
       30600   1.000000      0.9385625       1.009644      0.4776751      0.5272000    
       30800   1.000000      0.9336875      0.9830776      0.4795734      0.5415878    
       31000   1.000000      0.9252500       1.076456      0.4763461      0.5619754    
       31200   1.000000      0.9315625       1.055166      0.4774613      0.5287461    
       31400   1.000000      0.9312500       1.013838      0.4781256      0.5415879    
       31600   1.000000      0.9245000       1.102339      0.4759185      0.5503827    
       31800   1.000000      0.9264375       1.088137      0.4760160      0.5406804    
       32000   1.000000      0.9323125       1.021792      0.4778237      0.5362500    
       32200   1.000000      0.9333125       1.021852      0.4777957      0.5517979    
       32400   1.000000      0.9180000       1.109046      0.4757605      0.5607879    
       32600   1.000000      0.9335625       1.017809      0.4778387      0.5460142    
       32800   1.000000      0.9388125      0.9864182      0.4785579      0.5336001    
       33000   1.000000      0.9252500       1.068317      0.4765190      0.5362501    
       33200   1.000000      0.9326250       1.026719      0.4773738      0.5176219    
