          20  0.7500000      0.6366250       2.135494      0.3857420      0.4956268    
          40  0.8750000      0.7640625       2.006048      0.3967161      0.5008923    
          60  0.8750000      0.6884375       1.942547      0.3791663      0.4813223    
          80  0.8750000      0.8241250       2.077120      0.4151469      0.5208001    
         100  0.8750000      0.7314375       1.939349      0.4288042      0.5264198    
         120  0.9375000      0.8841250       1.853145      0.3991458      0.5094644    
         140  0.8750000      0.7378750       2.012308      0.4360615      0.5311111    
         160  0.9375000      0.8899375       1.735048      0.4214361      0.5089545    
         180  0.8750000      0.8006250       1.712536      0.4376193      0.5362500    
         200  0.9375000      0.8863750       1.664096      0.4403594      0.5240816    
         220   1.000000      0.8156875       1.613208      0.4625168      0.5204939    
         240  0.9375000      0.8940625       1.872010      0.4468748      0.5127096    
         260  0.8750000      0.7656875       1.905990      0.4420179      0.5258265    
         280  0.9375000      0.8899375       2.050407      0.4413647      0.4895999    
         300  0.8750000      0.7881250       1.742729      0.4536460      0.5207940    
         320  0.9375000      0.8488125       1.722096      0.4414222      0.5430839    
         340  0.8750000      0.8153750       1.563103      0.4585200      0.5166205    
         360  0.9375000      0.8807500       1.690877      0.4442208      0.5699433    
         380   1.000000      0.7863750       1.783836      0.4229373      0.5154958    
         400   1.000000      0.8901875       1.479233      0.4594105      0.5513806    
         420   1.000000      0.9373750       1.043493      0.4774734      0.5344099    
         440   1.000000      0.8925625       1.585803      0.4701652      0.5498867    
         460   1.000000      0.7923125       1.481028      0.4394366      0.5389649    
         480  0.9375000      0.8256250       1.724219      0.4588443      0.5580358    
         500   1.000000      0.8210625       1.551996      0.4465987      0.5264651    
         520   1.000000      0.8765625       1.801745      0.4333300      0.5498866    
         540   1.000000      0.8140625       1.691050      0.4548858      0.5278407    
         560   1.000000      0.8804375       1.578083      0.4673612      0.5467129    
         580   1.000000      0.8485000       1.351574      0.4582873      0.5485538    
         600   1.000000      0.9350000       1.365927      0.4772083      0.5736001    
         620   1.000000      0.8284375       1.413022      0.4501533      0.5338542    
         640   1.000000      0.9243750       1.510378      0.4784929      0.5790081    
         660   1.000000      0.8702500       1.305883      0.4740381      0.5338542    
         680   1.000000      0.9327500       1.493448      0.4935675      0.5836763    
         700   1.000000      0.9121875       1.146825      0.4733301      0.5267539    
         720   1.000000      0.9311875       1.386167      0.4745980      0.5873976    
         740   1.000000      0.8473125       1.484887      0.4610205      0.5355902    
         760   1.000000      0.8235625       1.701997      0.4658251      0.5699433    
         780  0.8750000      0.7980000       1.625675      0.4245304      0.5264650    
         800  0.8750000      0.8201250       1.740575      0.4446277      0.5598960    
         820  0.8750000      0.8098125       1.213908      0.4075099      0.5414215    
         840  0.8750000      0.8154375       1.760497      0.4426432      0.5772570    
         860  0.8750000      0.8178750       1.604385      0.4559638      0.5245747    
         880  0.9375000      0.8339375       1.733430      0.4460174      0.5699431    
         900   1.000000      0.8005625       1.480857      0.4439491      0.5231482    
         920   1.000000      0.8233125       1.872901      0.4318057      0.5399998    
         940  0.8750000      0.7928125       1.785349      0.4126329      0.5325443    
         960  0.9375000      0.8205000       1.842764      0.4370850      0.5336000    
         980  0.8750000      0.8190625       1.583472      0.4212455      0.5031999    
        1000  0.8750000      0.8236875       1.740004      0.4436831      0.5432001    
        1020   1.000000      0.8064375       1.633403      0.4234995      0.5207939    
        1040  0.9375000      0.8219375       1.814409      0.4417890      0.5495563    
        1060   1.000000      0.8126250       1.631160      0.4316661      0.5292969    
        1080  0.8750000      0.8145000       1.803054      0.4432130      0.5498867    
        1100  0.8750000      0.7656875       1.773478      0.3990980      0.5145679    
        1120  0.8750000      0.8231875       1.776626      0.4523053      0.5340136    
        1140  0.8750000      0.8097500       1.637611      0.4257066      0.5154960    
        1160   1.000000      0.8630625       1.823303      0.4590845      0.5431999    
        1180   1.000000      0.8170000       1.600323      0.4526127      0.5416000    
        1200   1.000000      0.9323125       1.490143      0.4714330      0.5507545    
        1220   1.000000      0.8143125       1.624636      0.4579658      0.5338542    
        1240   1.000000      0.9134375       1.448550      0.5081708      0.5930578    
        1260   1.000000      0.8943125       1.368870      0.4632039      0.5415878    
        1280   1.000000      0.9188125       1.422982      0.4942872      0.5835799    
        1300   1.000000      0.8341875       1.487468      0.4527466      0.5446779    
        1320   1.000000      0.9396875       1.431781      0.4863052      0.5736001    
        1340   1.000000      0.8376875       1.286373      0.4510724      0.5277008    
        1360   1.000000      0.9215000       1.600470      0.4711656      0.5736001    
        1380   1.000000      0.8638125       1.385753      0.4533988      0.5338542    
        1400   1.000000      0.9149375       1.512647      0.4665291      0.5364431    
        1420   1.000000      0.8163750       1.515887      0.4507173      0.5278407    
        1440   1.000000      0.9230000       1.370176      0.4905894      0.5552000    
        1460   1.000000      0.8061875       1.382631      0.4560002      0.5322782    
        1480   1.000000      0.9195000       1.403502      0.4870666      0.5619754    
        1500   1.000000      0.8752500       1.429789      0.4711222      0.5332840    
        1520   1.000000      0.9289375       1.578286      0.4681320      0.5593111    
        1540   1.000000      0.8140625       1.505903      0.4449593      0.5178326    
        1560   1.000000      0.9300000       1.518078      0.4738465      0.5594445    
        1580   1.000000      0.8121250       1.448952      0.4574733      0.5415511    
        1600   1.000000      0.9247500       1.403250      0.5015821      0.5930579    
        1620   1.000000      0.8478125       1.373341      0.4585120      0.5495561    
        1640   1.000000      0.8490000       1.641808      0.4627711      0.5772594    
        1660  0.8750000      0.8053125       1.673265      0.4185731      0.5431999    
        1680  0.8750000      0.8077500       1.853239      0.4435984      0.5289257    
        1700   1.000000      0.8168125       1.663478      0.4304913      0.5189037    
        1720   1.000000      0.8258125       1.777421      0.4322702      0.5640495    
        1740   1.000000      0.7868125       1.658835      0.4141724      0.5022677    
        1760   1.000000      0.9066875       1.987859      0.4522506      0.5548944    
        1780  0.8750000      0.8086250       1.698782      0.4215300      0.5305569    
        1800  0.8750000      0.8226250       1.868889      0.4522995      0.5609504    
        1820  0.8750000      0.8060625       1.716469      0.4113533      0.5166205    
        1840  0.8750000      0.8176875       1.804065      0.4463336      0.5745816    
        1860  0.8750000      0.8028750       1.401092      0.4411120      0.5278406    
        1880  0.9375000      0.8141250       1.828626      0.4456990      0.5484428    
        1900   1.000000      0.8139375       1.273236      0.4640313      0.5588843    
        1920  0.9375000      0.8923750       1.991365      0.4432073      0.5225000    
        1940  0.8750000      0.7871250       1.463684      0.4319600      0.5245746    
        1960  0.9375000      0.8467500       1.790942      0.4369580      0.5245746    
        1980  0.8750000      0.7825625       1.847690      0.4261239      0.5513808    
        2000   1.000000      0.8458750       1.741832      0.4589491      0.5432001    
        2020  0.8750000      0.7880000       1.521801      0.4006462      0.5062196    
        2040  0.9375000      0.8186875       1.843122      0.4049321      0.5182102    
        2060  0.8750000      0.7980625       1.681789      0.4167378      0.5022677    
        2080  0.8750000      0.8308750       1.688449      0.4362295      0.5389422    
        2100   1.000000      0.8125000       1.575591      0.4349528      0.5517979    
        2120  0.8750000      0.8113750       1.766611      0.4428311      0.5289345    
        2140   1.000000      0.8081250       1.656413      0.4531348      0.5314622    
        2160   1.000000      0.8751875       1.597629      0.4563817      0.5619754    
        2180   1.000000      0.7861250       1.886216      0.4270382      0.5432099    
        2200   1.000000      0.8644375       1.709127      0.4555529      0.5672635    
        2220   1.000000      0.8545625       1.543189      0.4479464      0.5338542    
        2240   1.000000      0.9263125       1.404984      0.4808101      0.5588844    
        2260   1.000000      0.8408125       1.358515      0.4683689      0.5498867    
        2280   1.000000      0.9129375       1.468512      0.4842525      0.5905350    
        2300   1.000000      0.8475000       1.757314      0.4570771      0.5172194    
        2320   1.000000      0.9218750       1.367733      0.4868684      0.5736001    
        2340   1.000000      0.9203750       1.184436      0.4755839      0.5415879    
        2360   1.000000      0.9333125       1.310020      0.4800327      0.5461018    
        2380   1.000000      0.8726250       1.357026      0.4688096      0.5619753    
        2400   1.000000      0.8345000       1.633943      0.4679205      0.5659259    
        2420   1.000000      0.7945000       1.749152      0.4228338      0.5548946    
        2440  0.8750000      0.8220000       1.801071      0.4509811      0.5548946    
        2460   1.000000      0.8153750       1.628841      0.4606619      0.5338542    
        2480  0.9375000      0.8627500       1.757682      0.4388462      0.5437239    
        2500   1.000000      0.8223750       1.214791      0.4537784      0.5416000    
        2520   1.000000      0.8338750       1.680273      0.4567149      0.5713305    
        2540   1.000000      0.8201250       1.550186      0.4500027      0.5430839    
        2560   1.000000      0.8595000       1.624793      0.4810751      0.5559401    
        2580   1.000000      0.8454375       1.458906      0.4609181      0.5311111    
        2600   1.000000      0.8718125       1.503389      0.4682537      0.5495563    
        2620   1.000000      0.8233750       1.609721      0.4557779      0.5338541    
        2640   1.000000      0.9277500       1.652127      0.4439921      0.5736001    
        2660   1.000000      0.8020000       1.694442      0.4101323      0.5075446    
        2680   1.000000      0.9160625       1.581511      0.4607434      0.5836763    
        2700   1.000000      0.7969375       1.414256      0.4404719      0.5448000    
        2720  0.8750000      0.8191250       1.743589      0.4360940      0.5399305    
        2740   1.000000      0.7998750       1.414012      0.4583291      0.5548946    
        2760   1.000000      0.8411875       1.606542      0.4278689      0.5299588    
        2780  0.8750000      0.8010000       1.748360      0.4375805      0.5314622    
        2800   1.000000      0.8448125       1.683599      0.4540873      0.5513808    
        2820   1.000000      0.8046250       1.680888      0.4509890      0.5283555    
        2840   1.000000      0.9305625       1.414681      0.4767580      0.5513808    
        2860   1.000000      0.8071250       1.713041      0.4428066      0.5278406    
        2880   1.000000      0.8910000       1.580834      0.4461974      0.5513808    
        2900   1.000000      0.8243750       1.266034      0.4413390      0.5430639    
        2920   1.000000      0.9208750       1.387769      0.4789925      0.5672637    
        2940   1.000000      0.8331250       1.528300      0.4576107      0.5343292    
        2960   1.000000      0.9298125       1.451433      0.4917588      0.5736001    
        2980   1.000000      0.9188125       1.280310      0.4750959      0.5495561    
        3000   1.000000      0.9345625       1.412663      0.4750235      0.5771900    
        3020   1.000000      0.8984375       1.203308      0.4653605      0.5495562    
        3040   1.000000      0.9117500       1.534656      0.5037503      0.5844629    
        3060   1.000000      0.8231875       1.553315      0.4530722      0.5389422    
        3080   1.000000      0.8790625       1.513668      0.4839009      0.5736000    
        3100   1.000000      0.8437500       1.466888      0.4549515      0.5338542    
        3120   1.000000      0.9207500       1.387357      0.4815019      0.5598961    
        3140   1.000000      0.8311250       1.407678      0.4619044      0.5338542    
        3160   1.000000      0.8720625       1.557913      0.4756342      0.5618312    
        3180   1.000000      0.7919375       1.556636      0.4670575      0.5498867    
        3200   1.000000      0.9231875       1.375746      0.4927737      0.5736001    
        3220   1.000000      0.8144375       1.262002      0.4292868      0.5338541    
        3240   1.000000      0.8626875       1.592387      0.4565679      0.5720488    
        3260   1.000000      0.8400000       1.463705      0.4643947      0.5336000    
        3280   1.000000      0.9291250       1.401529      0.4791309      0.5598958    
        3300   1.000000      0.8484375       1.451578      0.4590420      0.5439401    
        3320   1.000000      0.8445000       1.667261      0.4373462      0.5338541    
        3340   1.000000      0.8108750       1.591436      0.4331221      0.5095486    
        3360  0.9375000      0.8305000       1.857927      0.4512718      0.5459439    
        3380   1.000000      0.8095000       1.469474      0.4495358      0.5437241    
        3400  0.9375000      0.8217500       1.822779      0.4369286      0.5437239    
        3420   1.000000      0.9111875       1.082469      0.4726007      0.5197704    
        3440   1.000000      0.8305000       1.601964      0.4453453      0.5373265    
        3460   1.000000      0.8161875       1.511781      0.4585828      0.5362499    
        3480   1.000000      0.9140000       1.433799      0.4740557      0.5507544    
        3500   1.000000      0.8748750       1.343342      0.4667355      0.5642722    
        3520   1.000000      0.8295625       1.766190      0.4483906      0.5619754    
        3540   1.000000      0.8096250       1.583778      0.4306642      0.5336000    
        3560  0.9375000      0.8264375       1.748257      0.4517091      0.5498866    
        3580  0.8750000      0.8039375       1.742781      0.4180833      0.5278406    
        3600  0.8750000      0.8178750       1.838915      0.4499797      0.5437239    
        3620  0.8750000      0.8044375       1.631414      0.4251411      0.5209918    
        3640  0.8750000      0.8091875       1.866903      0.4465120      0.5462500    
        3660  0.8750000      0.8035625       1.578940      0.4196435      0.5088758    
        3680   1.000000      0.8273125       1.741010      0.4400767      0.5389421    
        3700   1.000000      0.8184375       1.658544      0.4543400      0.5154960    
        3720   1.000000      0.8261875       1.785434      0.4516299      0.5513806    
        3740   1.000000      0.8365000       1.570632      0.4088520      0.5207939    
        3760   1.000000      0.8785625       1.561515      0.4601401      0.5512153    
        3780   1.000000      0.8099375       1.480088      0.4515632      0.5668403    
        3800   1.000000      0.9445625       1.663921      0.4593802      0.5736000    
        3820   1.000000      0.8160625       1.569545      0.4562755      0.5216048    
        3840   1.000000      0.9071875       1.543020      0.4973992      0.5790082    
        3860   1.000000      0.8849375       1.305806      0.4679487      0.5517977    
        3880   1.000000      0.9288125       1.418079      0.4739018      0.5554847    
        3900   1.000000      0.8376250       1.557188      0.4576264      0.5347633    
        3920   1.000000      0.9150000       1.643143      0.4653487      0.5598958    
        3940   1.000000      0.8385000       1.527055      0.4454571      0.5347635    
        3960   1.000000      0.8279375       1.773602      0.4523001      0.5496618    
        3980   1.000000      0.8207500       1.634912      0.4566154      0.5154960    
        4000   1.000000      0.9036250       1.549909      0.4662413      0.5790082    
        4020  0.8750000      0.7618750       1.768968      0.4396999      0.5338544    
        4040   1.000000      0.9090000       1.577054      0.4445211      0.5619754    
        4060   1.000000      0.8268125       1.637285      0.4538044      0.5272000    
        4080   1.000000      0.9250000       1.455329      0.4865334      0.5548946    
        4100   1.000000      0.8236250       1.548707      0.4242171      0.5245745    
        4120   1.000000      0.8978750       1.553285      0.4590836      0.5356653    
        4140   1.000000      0.8000000       1.459635      0.4205296      0.5338542    
        4160   1.000000      0.9310625       1.368480      0.5008305      0.5790081    
        4180   1.000000      0.8239375       1.444113      0.4619862      0.5437240    
        4200   1.000000      0.9063125       1.529917      0.4855898      0.5672636    
        4220   1.000000      0.8470625       1.423622      0.4394009      0.5389420    
        4240   1.000000      0.9187500       1.510608      0.4549606      0.5401785    
        4260  0.8750000      0.8075625       1.590009      0.4257758      0.5338542    
        4280   1.000000      0.9041250       1.454322      0.4972691      0.5672636    
        4300   1.000000      0.9208750       1.033293      0.4768603      0.5498866    
        4320   1.000000      0.8933750       1.503820      0.4776410      0.5537500    
        4340   1.000000      0.8266875       1.476381      0.4590535      0.5245748    
        4360   1.000000      0.9350625       1.570239      0.4557948      0.5517977    
        4380   1.000000      0.8764375       1.315766      0.4631243      0.5467128    
        4400   1.000000      0.9343750       1.388764      0.4895091      0.5835798    
        4420   1.000000      0.8176250       1.335783      0.4571432      0.5381090    
        4440   1.000000      0.8935000       1.612438      0.4510886      0.5498866    
        4460  0.8750000      0.8175000       1.496385      0.4529027      0.5507544    
        4480   1.000000      0.8275625       1.711423      0.4553974      0.5477592    
        4500  0.8750000      0.7956875       1.510949      0.3927372      0.4896001    
        4520  0.8750000      0.8140625       1.706545      0.4446382      0.5302458    
        4540  0.8750000      0.7912500       1.651260      0.4013899      0.5000000    
        4560  0.8750000      0.8237500       1.742751      0.4253703      0.5272847    
        4580  0.8750000      0.7862500       1.597637      0.4137789      0.5207939    
        4600   1.000000      0.8263125       1.661669      0.4377599      0.5416000    
        4620  0.8750000      0.7960625       1.414827      0.4228935      0.5246876    
        4640  0.8750000      0.8214375       1.714412      0.4213455      0.5302458    
        4660  0.8750000      0.7986250       1.498889      0.4237336      0.5081360    
        4680   1.000000      0.8340625       1.697412      0.4333079      0.5386695    
        4700  0.8750000      0.8036250       1.470858      0.4014373      0.5004883    
        4720  0.8750000      0.8171875       1.738328      0.4325415      0.5501235    
        4740  0.8750000      0.7965625       1.508330      0.4015233      0.5177777    
        4760   1.000000      0.8225000       1.780814      0.4341194      0.5289345    
        4780  0.8750000      0.8160000       1.540393      0.4131348      0.5022677    
        4800   1.000000      0.8418750       1.775442      0.4266470      0.5303704    
        4820  0.8750000      0.7891875       1.660899      0.3962152      0.5127551    
        4840   1.000000      0.9250625       2.065129      0.4550009      0.5364432    
        4860  0.8750000      0.7570000       2.012456      0.4104811      0.5559763    
        4880   1.000000      0.8556250       1.957800      0.4444111      0.5355903    
        4900  0.8750000      0.8046250       1.659274      0.4072249      0.5389649    
        4920   1.000000      0.8406250       1.826307      0.4439504      0.5272110    
        4940   1.000000      0.8024375       1.462751      0.4508038      0.5337498    
        4960   1.000000      0.9258125       1.966598      0.4421353      0.5095488    
        4980  0.8750000      0.8071875       1.534221      0.4570341      0.5240055    
        5000   1.000000      0.8397500       1.817878      0.4555511      0.5619754    
        5020  0.8750000      0.7990625       1.653163      0.3879963      0.5110947    
        5040   1.000000      0.8256250       1.674085      0.4362927      0.5588430    
        5060  0.8750000      0.8027500       1.535189      0.4187151      0.5145679    
        5080   1.000000      0.9019375       1.776643      0.4563216      0.5338541    
        5100   1.000000      0.8300000       1.476748      0.4396220      0.5336000    
        5120   1.000000      0.9312500       1.748108      0.4570503      0.5548946    
        5140   1.000000      0.8054375       1.595753      0.4415862      0.5224446    
        5160   1.000000      0.9093125       1.475575      0.4720926      0.5586013    
        5180   1.000000      0.8735000       1.355614      0.4723992      0.5432001    
        5200   1.000000      0.9218125       1.498878      0.4669904      0.5415879    
        5220   1.000000      0.8434375       1.453937      0.4504426      0.5449827    
        5240   1.000000      0.9235000       1.403771      0.4942381      0.5735999    
        5260   1.000000      0.8291875       1.640239      0.4457177      0.5303820    
        5280   1.000000      0.9135625       1.503184      0.4815878      0.5672637    
        5300   1.000000      0.9091250       1.274007      0.4746770      0.5338542    
        5320   1.000000      0.9234375       1.401155      0.4969375      0.5835799    
        5340   1.000000      0.8136250       1.504404      0.4649707      0.5495561    
        5360   1.000000      0.9126875       1.419733      0.4929003      0.5581008    
        5380   1.000000      0.9203125       1.166249      0.4755395      0.5338542    
        5400   1.000000      0.8406875       1.615345      0.4696030      0.5624663    
        5420   1.000000      0.8066250       1.376123      0.4555723      0.5362500    
        5440  0.8750000      0.8241250       1.675404      0.4553700      0.5437240    
        5460  0.8750000      0.8056875       1.428815      0.4305173      0.5314623    
        5480  0.9375000      0.8241875       1.759615      0.4477694      0.5430840    
        5500   1.000000      0.7836875       1.652888      0.4273577      0.5303819    
        5520  0.9375000      0.8802500       1.867361      0.4358938      0.5332360    
        5540   1.000000      0.8078125       1.700299      0.4392155      0.5170131    
        5560  0.9375000      0.8838125       1.725497      0.4277928      0.5437239    
        5580  0.8750000      0.7586250       1.686856      0.4356964      0.5337499    
        5600  0.9375000      0.8937500       1.657698      0.4376922      0.4965279    
        5620  0.8750000      0.7983125       1.731675      0.4368167      0.5437238    
        5640   1.000000      0.9291875       1.462946      0.4616678      0.5207940    
        5660  0.8750000      0.8091875       1.499133      0.4230417      0.5278406    
        5680   1.000000      0.8615000       1.666368      0.4515325      0.5736001    
        5700  0.8750000      0.8021875       1.649739      0.4330812      0.5242191    
        5720   1.000000      0.9091875       1.600312      0.4574976      0.5482507    
        5740  0.8750000      0.7847500       1.464811      0.4270403      0.5204082    
        5760  0.8750000      0.8198750       1.750713      0.4353686      0.5286458    
        5780  0.8750000      0.7901875       1.517192      0.4303609      0.5139797    
        5800   1.000000      0.8345000       1.599251      0.4361634      0.5378072    
        5820   1.000000      0.7987500       1.558742      0.4321144      0.5423267    
        5840   1.000000      0.8221875       1.832885      0.4491863      0.5477593    
        5860   1.000000      0.7939375       1.523358      0.4623417      0.5548944    
        5880  0.8750000      0.8136875       1.749351      0.4513972      0.5459439    
        5900   1.000000      0.8058125       1.435398      0.4580270      0.5501236    
        5920  0.8750000      0.8125625       1.752732      0.4621996      0.5699432    
        5940  0.8750000      0.8000625       1.631187      0.4146316      0.5160698    
        5960   1.000000      0.8706250       1.754481      0.4119976      0.5175781    
        5980  0.8750000      0.8033750       1.631471      0.3986392      0.4943413    
        6000   1.000000      0.8324375       1.720302      0.4200190      0.5170133    
        6020  0.8750000      0.7964375       1.963775      0.3851565      0.4948347    
        6040  0.8750000      0.8248125       1.850903      0.4040985      0.5154959    
        6060  0.8750000      0.7988750       1.742898      0.3959453      0.4933432    
        6080  0.8750000      0.8201875       1.846305      0.4256862      0.5356653    
        6100  0.8750000      0.7887500       1.441000      0.3998388      0.5110205    
        6120  0.8750000      0.8232500       1.605509      0.4295978      0.5303817    
        6140  0.8750000      0.8051875       1.537819      0.4021050      0.5087500    
        6160  0.9375000      0.8252500       1.625968      0.4459349      0.5323457    
        6180  0.8750000      0.7988750       1.657979      0.4381309      0.5406806    
        6200  0.9375000      0.8375000       1.768596      0.4540547      0.5566107    
        6220   1.000000      0.8008750       1.710340      0.4410093      0.5245746    
        6240   1.000000      0.9063125       1.655788      0.4408143      0.5196282    
        6260  0.8750000      0.7782500       1.528741      0.4390289      0.5353956    
        6280   1.000000      0.8443125       1.633884      0.4553169      0.5397925    
        6300  0.8750000      0.7940625       1.307139      0.4003479      0.5134298    
        6320  0.9375000      0.8445000       1.739365      0.4338507      0.5338542    
        6340  0.8750000      0.8113750       1.281441      0.4055190      0.5274101    
        6360   1.000000      0.8186250       1.706871      0.4331251      0.5390235    
        6380  0.8750000      0.8118750       1.441469      0.4133804      0.4864640    
        6400  0.8750000      0.8200000       1.815343      0.4271751      0.5548944    
        6420  0.8750000      0.7949375       1.413554      0.3971624      0.5161980    
        6440  0.8750000      0.8133750       1.652275      0.4569234      0.5251737    
        6460  0.8750000      0.8128125       2.059800      0.4329097      0.5349716    
        6480  0.8750000      0.8154375       1.871131      0.4294720      0.5338541    
        6500  0.8750000      0.7980000       1.695336      0.3968227      0.5160522    
        6520  0.9375000      0.8212500       1.787459      0.4276229      0.5510397    
        6540  0.8750000      0.7988125       1.989315      0.3776798      0.4921580    
        6560  0.8750000      0.8194375       1.719069      0.4502065      0.5658669    
        6580  0.8750000      0.7990625       1.953310      0.3772266      0.4872000    
        6600  0.8750000      0.8123750       1.852811      0.4264719      0.5246876    
        6620  0.8750000      0.8036250       1.917097      0.3772598      0.4886620    
        6640  0.8750000      0.8198750       1.877586      0.4410833      0.5389649    
        6660  0.8750000      0.8077500       1.877012      0.3816514      0.5022676    
        6680  0.8750000      0.8296250       1.725183      0.4143532      0.5040175    
        6700  0.8750000      0.8035625       1.984114      0.3761510      0.4582716    
        6720  0.8750000      0.8225000       1.908412      0.4165415      0.5167654    
        6740  0.8750000      0.8025625       1.903430      0.3781149      0.5100001    
        6760  0.8750000      0.8251875       1.802504      0.4272623      0.5167652    
        6780   1.000000      0.8096875       1.851923      0.3854651      0.5022676    
        6800  0.8750000      0.8179375       1.795301      0.4579139      0.5468750    
        6820  0.8750000      0.8029375       1.675419      0.4413620      0.5534979    
        6840  0.9375000      0.8792500       2.034751      0.4608456      0.5127096    
        6860  0.8750000      0.8006875       1.597652      0.4617662      0.5397512    
        6880  0.9375000      0.8920625       1.760138      0.4588583      0.5318047    
        6900  0.8750000      0.7838750       1.824360      0.4477929      0.5294117    
        6920  0.9375000      0.8741250       1.833396      0.4277804      0.5292969    
        6940   1.000000      0.8006875       1.587332      0.4533985      0.5447532    
        6960  0.9375000      0.8851875       2.163922      0.4011810      0.4984568    
        6980  0.8750000      0.7420625       2.193228      0.4271715      0.5090703    
        7000  0.8750000      0.8353750       1.645433      0.4454893      0.5312294    
        7020   1.000000      0.8134375       1.692040      0.4499514      0.5166205    
        7040  0.9375000      0.8915625       1.714195      0.4645501      0.5207940    
        7060  0.8750000      0.7461250       1.903373      0.4402065      0.5369407    
        7080  0.9375000      0.8938125       1.709547      0.4516418      0.5548945    
        7100  0.9375000      0.7715625       1.663638      0.4276340      0.5076543    
        7120  0.9375000      0.8296875       1.723051      0.4365071      0.5273437    
        7140  0.8750000      0.8220625       1.599335      0.4302897      0.5432001    
        7160   1.000000      0.8473125       1.973043      0.4386477      0.5642722    
        7180  0.8750000      0.8068750       1.353084      0.4075233      0.4963018    
        7200   1.000000      0.8650000       1.757023      0.4322285      0.5303999    
        7220  0.8750000      0.8065625       1.605011      0.4097789      0.5081362    
        7240   1.000000      0.9115000       1.797728      0.4321958      0.5425343    
        7260  0.8750000      0.8084375       1.691329      0.4369284      0.5134298    
        7280   1.000000      0.9450625       1.700547      0.4280965      0.5415879    
        7300  0.8750000      0.7948125       1.539036      0.4162091      0.4954647    
        7320   1.000000      0.8973125       1.660138      0.4322099      0.5246876    
        7340  0.8750000      0.7741250       1.828150      0.4213178      0.5397924    
        7360   1.000000      0.8261875       1.624597      0.4434057      0.5462411    
        7380  0.8750000      0.7461875       1.811753      0.4056371      0.5051652    
        7400  0.8750000      0.8078750       1.828627      0.4444564      0.5299586    
        7420  0.8750000      0.7910625       1.698861      0.4077204      0.4879012    
        7440  0.8750000      0.8200000       1.703922      0.4141984      0.5513808    
        7460  0.8750000      0.7990625       1.541515      0.4122131      0.5084003    
        7480   1.000000      0.9135625       1.873251      0.4339583      0.5262499    
        7500  0.8750000      0.7980625       1.656008      0.4116546      0.5169761    
        7520   1.000000      0.9342500       1.655640      0.4261281      0.5512154    
        7540  0.8750000      0.8075625       1.474475      0.4143540      0.5321150    
        7560   1.000000      0.8780625       1.676618      0.4322539      0.5495562    
        7580  0.8750000      0.8063750       1.610437      0.4144196      0.5022189    
        7600   1.000000      0.9021250       2.023486      0.4491298      0.5316668    
        7620  0.8750000      0.7911250       1.650768      0.4172231      0.5207939    
        7640   1.000000      0.8372500       1.751015      0.4475321      0.5355904    
        7660  0.8750000      0.7985000       1.567946      0.4331329      0.5170120    
        7680   1.000000      0.8901875       1.812341      0.4550494      0.5278405    
        7700  0.8750000      0.7995625       1.885091      0.4196409      0.4999999    
        7720   1.000000      0.9372500       1.797223      0.4444007      0.5074970    
        7740  0.8750000      0.7991250       1.688776      0.4207262      0.5389649    
        7760   1.000000      0.9298125       1.619629      0.4343778      0.5214816    
        7780  0.8750000      0.8071875       1.409966      0.4138257      0.5321181    
        7800   1.000000      0.8556250       1.627648      0.4355511      0.5468750    
        7820  0.8750000      0.7971250       1.532608      0.4294229      0.5389421    
        7840   1.000000      0.8883750       1.645339      0.4471841      0.5355372    
        7860  0.8750000      0.8146875       1.325468      0.4151860      0.5030992    
        7880   1.000000      0.8520000       1.701216      0.4420473      0.5322781    
        7900  0.8750000      0.7969375       1.710138      0.4284925      0.5245748    
        7920   1.000000      0.8251875       1.742752      0.4352324      0.5340264    
        7940  0.8750000      0.8040625       1.565618      0.4248957      0.4984001    
        7960   1.000000      0.8920625       1.646042      0.4216585      0.5463732    
        7980  0.8750000      0.7981250       1.356325      0.3977520      0.4999999    
        8000   1.000000      0.8230625       1.661851      0.4356734      0.5512151    
        8020  0.8750000      0.7936250       1.658461      0.4296244      0.5436370    
        8040   1.000000      0.8298125       1.772338      0.4391553      0.5286458    
        8060  0.8750000      0.8061875       1.442886      0.4139741      0.5309156    
        8080   1.000000      0.8246875       1.777932      0.4365509      0.5502041    
        8100   1.000000      0.8145625       1.558269      0.4281252      0.5659505    
        8120   1.000000      0.8541250       1.656118      0.4474777      0.5416001    
        8140  0.8750000      0.8115625       1.301239      0.4055714      0.5264650    
        8160   1.000000      0.8290000       1.675992      0.4348755      0.5286458    
        8180   1.000000      0.8248750       1.472445      0.4347714      0.5402893    
        8200  0.8750000      0.8125000       1.828624      0.4364662      0.5289256    
        8220   1.000000      0.7780625       1.639314      0.4299882      0.5415513    
        8240  0.8750000      0.8235625       1.716153      0.4415464      0.5658669    
        8260   1.000000      0.8178750       1.585198      0.4518661      0.5231482    
        8280   1.000000      0.8290625       1.679355      0.4504118      0.5548946    
        8300   1.000000      0.8187500       1.591390      0.4510139      0.5094645    
        8320   1.000000      0.9198750       1.373859      0.4695228      0.5651674    
        8340   1.000000      0.8598125       1.286809      0.4635806      0.5430840    
        8360   1.000000      0.9278125       1.392341      0.4758539      0.5513806    
        8380   1.000000      0.8618750       1.521852      0.4663545      0.5338542    
        8400   1.000000      0.9243125       1.325169      0.4917358      0.5790080    
        8420   1.000000      0.9140000       1.230239      0.4763772      0.5436370    
        8440   1.000000      0.9270000       1.375762      0.4845005      0.5844628    
        8460   1.000000      0.8591875       1.546292      0.4665448      0.5338542    
        8480   1.000000      0.9053750       1.503956      0.5028206      0.5790081    
        8500   1.000000      0.8248125       1.579336      0.4522214      0.5355903    
        8520   1.000000      0.9333750       1.463482      0.4722522      0.5790080    
        8540   1.000000      0.8806875       1.417471      0.4703249      0.5303819    
        8560   1.000000      0.9161250       1.397215      0.4988842      0.5735999    
        8580   1.000000      0.8162500       1.408327      0.4603283      0.5271999    
        8600   1.000000      0.8260000       1.793721      0.4419700      0.5619753    
        8620   1.000000      0.7975625       1.586788      0.4135246      0.5182102    
        8640  0.9375000      0.8187500       1.736081      0.4376368      0.5285997    
        8660  0.8750000      0.7891875       2.028020      0.4123797      0.4920635    
        8680   1.000000      0.8601875       1.798287      0.4236794      0.5338541    
        8700  0.8750000      0.8004375       1.476576      0.3945158      0.5000001    
        8720   1.000000      0.8265625       1.909781      0.4139411      0.5088274    
        8740  0.8750000      0.7890625       1.536512      0.4133255      0.5166204    
        8760   1.000000      0.8726875       1.740613      0.4405397      0.5289345    
        8780  0.8750000      0.8021250       1.462978      0.4298166      0.5348595    
        8800  0.8750000      0.8205625       1.742250      0.4525409      0.5547520    
        8820  0.8750000      0.7850625       1.735168      0.4175559      0.5362812    
        8840   1.000000      0.8209375       1.797338      0.4388136      0.5355903    
        8860  0.8750000      0.7920625       1.646948      0.4399630      0.5328720    
        8880   1.000000      0.8251250       1.663501      0.4447422      0.5303819    
        8900  0.8750000      0.7935625       1.616707      0.4428708      0.5303820    
        8920  0.9375000      0.8195625       1.681054      0.4420294      0.5389421    
        8940  0.8750000      0.7953125       1.635534      0.4448187      0.5389422    
        8960   1.000000      0.8510625       1.558634      0.4517194      0.5321360    
        8980  0.8750000      0.7941875       1.680813      0.4438007      0.5214815    
        9000   1.000000      0.9231250       1.561506      0.4420703      0.5110947    
        9020  0.8750000      0.7960000       1.635207      0.4294645      0.5283448    
        9040  0.8750000      0.8128125       1.770706      0.4470376      0.5604345    
        9060  0.8750000      0.7755625       1.695930      0.4480703      0.5302458    
        9080   1.000000      0.8189375       1.706209      0.4476995      0.5609933    
        9100  0.8750000      0.7980000       1.558428      0.4483444      0.5528121    
        9120  0.9375000      0.8338125       1.581335      0.4435458      0.5738843    
        9140  0.8750000      0.8008750       1.602590      0.4014772      0.5336000    
        9160  0.8750000      0.8226875       1.609586      0.4502503      0.5548946    
        9180  0.8750000      0.7948750       1.486437      0.4289709      0.5322782    
        9200  0.9375000      0.8154375       1.806754      0.4322851      0.5432000    
        9220  0.8750000      0.8010000       1.617977      0.4285126      0.5028835    
        9240   1.000000      0.8868125       1.811257      0.4413857      0.5336000    
        9260  0.8750000      0.8025625       1.587273      0.3874440      0.4810963    
        9280   1.000000      0.9118125       1.586086      0.4336963      0.5387053    
        9300  0.8750000      0.7813125       1.706632      0.4193312      0.5251737    
        9320   1.000000      0.9375000       1.588118      0.4149128      0.5287500    
        9340  0.8750000      0.7885000       1.490534      0.4232269      0.5166205    
        9360   1.000000      0.8565625       1.619643      0.4475755      0.5272108    
        9380  0.8750000      0.7875625       1.488101      0.4362944      0.5518367    
        9400  0.8750000      0.8147500       1.706689      0.4466746      0.5559762    
        9420  0.8750000      0.7987500       1.581399      0.4308669      0.5680529    
        9440   1.000000      0.8245625       1.628117      0.4428619      0.5501235    
        9460  0.8750000      0.7698750       1.918412      0.4219177      0.5373264    
        9480   1.000000      0.8665000       1.748704      0.4529426      0.5619754    
        9500  0.8750000      0.7896875       1.562288      0.4430295      0.5548946    
        9520   1.000000      0.8079375       1.759639      0.4651900      0.5731100    
        9540  0.8750000      0.7862500       1.652601      0.4411244      0.5197703    
        9560   1.000000      0.8185625       1.884928      0.4643795      0.5480769    
        9580  0.8750000      0.7654375       1.798620      0.4132609      0.5036160    
        9600  0.8750000      0.8201875       1.936775      0.4201480      0.5198489    
        9620  0.8750000      0.7810625       1.958075      0.3997974      0.5097330    
        9640  0.8750000      0.8313125       1.739241      0.4221676      0.5088276    
        9660  0.8750000      0.7770000       1.814719      0.3897484      0.5075446    
        9680  0.8750000      0.8129375       1.834729      0.4230118      0.5289462    
        9700  0.8750000      0.8005000       1.653454      0.4008427      0.5224446    
        9720  0.9375000      0.8226875       1.720230      0.4473584      0.5548946    
        9740  0.8750000      0.7937500       1.810954      0.4036717      0.4987501    
        9760  0.8750000      0.8203750       1.698467      0.4361736      0.5272847    
        9780  0.8750000      0.7943125       1.436293      0.4183985      0.5207939    
        9800   1.000000      0.8268125       1.668592      0.4456092      0.5314621    
        9820  0.8750000      0.7955625       1.409617      0.4083528      0.5170133    
        9840   1.000000      0.8351250       1.645536      0.4448007      0.5338541    
        9860   1.000000      0.8113750       1.342425      0.4001604      0.5127552    
        9880   1.000000      0.8961250       1.462769      0.4790198      0.5467128    
        9900   1.000000      0.8206875       1.604831      0.4423992      0.5513806    
        9920   1.000000      0.8596875       1.503645      0.4913087      0.5930578    
        9940   1.000000      0.8666250       1.368608      0.4567595      0.5389422    
        9960   1.000000      0.9113750       1.553903      0.4441890      0.5517979    
        9980   1.000000      0.8193125       1.427477      0.4532466      0.5510396    
       10000   1.000000      0.9183750       1.385612      0.4970196      0.5905349    
       10020   1.000000      0.7993125       1.380661      0.4492745      0.5467128    
       10040   1.000000      0.9198750       1.426041      0.4824791      0.5767176    
       10060   1.000000      0.8655000       1.423188      0.4700560      0.5517978    
       10080   1.000000      0.9257500       1.357125      0.4935188      0.5736000    
       10100   1.000000      0.8193125       1.458050      0.4579781      0.5314621    
       10120   1.000000      0.9151250       1.360261      0.4917360      0.5695266    
       10140   1.000000      0.9116250       1.169939      0.4725405      0.5362501    
       10160   1.000000      0.8588125       1.726272      0.4563279      0.5328000    
       10180   1.000000      0.8014375       1.672081      0.4475378      0.5362500    
       10200   1.000000      0.9316250       1.544809      0.4749858      0.5415878    
       10220   1.000000      0.8126875       1.519557      0.4544422      0.5338541    
       10240   1.000000      0.8460000       1.644834      0.4479518      0.5581008    
       10260  0.8750000      0.8113125       1.599960      0.4247845      0.4896194    
       10280  0.8750000      0.8253750       1.757394      0.4310873      0.5266668    
       10300   1.000000      0.8063750       1.708387      0.4335788      0.5272000    
       10320  0.9375000      0.8376875       1.770490      0.4440458      0.5658668    
       10340  0.8750000      0.8110625       1.647317      0.4583654      0.5699433    
       10360  0.9375000      0.8951250       1.735350      0.4107435      0.5047259    
       10380  0.8750000      0.7983750       1.490739      0.4276160      0.5272848    
       10400  0.9375000      0.8226250       1.805409      0.4474238      0.5619753    
       10420  0.8750000      0.7524375       1.888025      0.4369294      0.5415879    
       10440  0.8750000      0.8211875       1.725169      0.4373968      0.5272847    
       10460  0.8750000      0.8185625       1.600871      0.4259611      0.5166205    
       10480  0.9375000      0.8284375       1.726818      0.4428342      0.5672001    
       10500  0.8750000      0.8041250       1.758633      0.4379347      0.5328000    
       10520  0.8750000      0.8215625       1.751850      0.4527835      0.5548946    
       10540  0.8750000      0.8099375       1.662369      0.4419278      0.5278406    
       10560  0.9375000      0.8246875       1.843556      0.4439007      0.5619753    
       10580   1.000000      0.8248125       1.524772      0.4520311      0.5166206    
       10600   1.000000      0.8690625       1.728259      0.4301599      0.5548946    
       10620  0.8750000      0.7465000       1.896134      0.4192989      0.5287500    
       10640  0.9375000      0.8408750       1.841029      0.4409866      0.5588844    
       10660  0.8750000      0.7681875       1.751195      0.4095510      0.5080308    
       10680  0.9375000      0.8838750       1.712686      0.4455698      0.5362501    
       10700   1.000000      0.8096875       1.477036      0.4594756      0.5322782    
       10720  0.9375000      0.8750625       1.774927      0.4295071      0.5272804    
       10740  0.8750000      0.8125625       1.588061      0.4582429      0.5204938    
       10760  0.9375000      0.8922500       1.807507      0.4201652      0.5299587    
       10780  0.8750000      0.7385625       1.906102      0.4279119      0.5095485    
       10800   1.000000      0.8177500       1.840021      0.4305955      0.5362500    
       10820  0.8750000      0.7722500       1.786482      0.3971743      0.4999999    
       10840  0.9375000      0.8636875       1.903086      0.4205754      0.5389649    
       10860  0.8750000      0.7433750       1.912244      0.3992097      0.5072314    
       10880   1.000000      0.8601875       1.803692      0.4395280      0.5454546    
       10900  0.8750000      0.7617500       1.682570      0.4467123      0.5332030    
       10920  0.9375000      0.8920000       1.741405      0.4307996      0.5348595    
       10940  0.8750000      0.7418750       1.754723      0.4421684      0.5292968    
       10960  0.9375000      0.8403125       1.775822      0.4333228      0.5525001    
       10980  0.8750000      0.7465000       1.688696      0.4085508      0.5540123    
       11000  0.8750000      0.8153750       1.872885      0.4201226      0.5498615    
       11020  0.8750000      0.7438750       1.822235      0.4207507      0.5359168    
       11040  0.8750000      0.8074375       2.091717      0.4214431      0.5272000    
       11060  0.8750000      0.7695000       1.630278      0.3872137      0.5000000    
       11080  0.8750000      0.8183750       2.004017      0.4213386      0.5302457    
       11100  0.8750000      0.7341875       1.994653      0.3958932      0.4999999    
       11120  0.8750000      0.8118125       1.857655      0.4354631      0.5407985    
       11140  0.8750000      0.7918125       1.911428      0.4457471      0.5412346    
       11160  0.8750000      0.8139375       1.813757      0.4443241      0.5286459    
       11180  0.8750000      0.8114375       1.568451      0.4188529      0.5501233    
       11200   1.000000      0.8380625       1.721883      0.4298710      0.5513807    
       11220  0.8750000      0.7976250       1.621264      0.4140023      0.5175310    
       11240   1.000000      0.8814375       1.652382      0.4323006      0.5415878    
       11260  0.8750000      0.7766250       1.733990      0.4284391      0.5147569    
       11280  0.8750000      0.8161875       1.714053      0.4393201      0.5510397    
       11300  0.8750000      0.7780625       1.430349      0.4448925      0.5266668    
       11320   1.000000      0.8006250       1.737435      0.4479535      0.5166205    
       11340  0.8750000      0.7870000       1.728978      0.4109596      0.5173612    
       11360  0.8750000      0.8070000       1.774051      0.4202287      0.5402893    
       11380  0.8750000      0.8148750       1.231321      0.4288504      0.5092975    
       11400  0.8750000      0.8202500       1.732889      0.4439568      0.5407985    
       11420  0.8750000      0.8080625       1.715073      0.4050367      0.4891976    
       11440  0.8750000      0.8239375       1.783750      0.4359891      0.5293005    
       11460  0.8750000      0.7984375       1.367166      0.3970343      0.5484430    
       11480  0.8750000      0.8213750       1.649892      0.4446045      0.5305567    
       11500  0.8750000      0.7984375       1.430521      0.4021350      0.5221606    
       11520  0.8750000      0.8202500       1.693545      0.4353465      0.5540122    
       11540  0.8750000      0.7973125       1.665056      0.4322391      0.5158731    
       11560   1.000000      0.8238750       1.860835      0.4506222      0.5569527    
       11580   1.000000      0.8074375       1.480903      0.4267948      0.5461018    
       11600   1.000000      0.9073125       1.524891      0.4887251      0.5835798    
       11620   1.000000      0.8180625       1.689191      0.4602728      0.5668401    
       11640   1.000000      0.9251875       1.556660      0.4857097      0.5582640    
       11660   1.000000      0.8479375       1.295664      0.4451635      0.5278407    
       11680   1.000000      0.9203125       1.590602      0.4563059      0.5732249    
       11700  0.8750000      0.7655625       1.632954      0.4324207      0.5406805    
       11720   1.000000      0.9252500       1.370550      0.4643380      0.5415878    
       11740   1.000000      0.8191875       1.480418      0.4515439      0.5507671    
       11760   1.000000      0.9022500       1.483404      0.4720278      0.5547108    
       11780   1.000000      0.8274375       1.416880      0.4627516      0.5338541    
       11800   1.000000      0.9281875       1.376203      0.4920992      0.5667050    
       11820   1.000000      0.8126250       1.505707      0.4595732      0.5389422    
       11840   1.000000      0.9253125       1.475954      0.4880968      0.5628604    
       11860   1.000000      0.8103125       1.545896      0.4552921      0.5495561    
       11880   1.000000      0.9175625       1.495464      0.4997354      0.5735999    
       11900   1.000000      0.8481250       1.419323      0.4501699      0.5207940    
       11920   1.000000      0.9343750       1.348873      0.4842677      0.5717337    
       11940   1.000000      0.8756875       1.387538      0.4645796      0.5338542    
       11960   1.000000      0.9316875       1.379207      0.4870618      0.5790081    
       11980   1.000000      0.8103750       1.558724      0.4544533      0.5278407    
       12000   1.000000      0.9302500       1.348427      0.4972446      0.5736000    
       12020   1.000000      0.8200000       1.428172      0.4346283      0.5166205    
       12040   1.000000      0.8648750       1.492194      0.4731201      0.5761318    
       12060   1.000000      0.9121250       1.111545      0.4747944      0.5344098    
       12080   1.000000      0.9348750       1.311759      0.5080887      0.5781893    
       12100   1.000000      0.9224375       1.109153      0.4757046      0.5588842    
       12120   1.000000      0.9170625       1.372435      0.4884818      0.5513808    
       12140   1.000000      0.8180625       1.505348      0.4467184      0.5256144    
       12160   1.000000      0.9263125       1.456333      0.4815979      0.5674741    
       12180   1.000000      0.8085000       1.591653      0.4592219      0.5344099    
       12200   1.000000      0.9248125       1.510844      0.4725836      0.5482506    
       12220   1.000000      0.8397500       1.428303      0.4506529      0.5278406    
       12240   1.000000      0.9128750       1.545189      0.5023587      0.5736001    
       12260   1.000000      0.8787500       1.338013      0.4574883      0.5534980    
       12280   1.000000      0.9163750       1.482506      0.4949248      0.5736001    
       12300   1.000000      0.9017500       1.235280      0.4729558      0.5437238    
       12320   1.000000      0.9224375       1.490982      0.4964673      0.5736001    
       12400   1.000000      0.9342500       1.153467      0.4799249      0.5547107    
       12600   1.000000      0.9325000       1.027432      0.4766621      0.5362499    
       12800   1.000000      0.9353750      0.9868209      0.4777528      0.5204940    
       13000   1.000000      0.9184375       1.147104      0.4755453      0.5513808    
       13200   1.000000      0.9269375       1.046521      0.4772238      0.5835799    
       13400   1.000000      0.9280000       1.079317      0.4767373      0.5658669    
       13600   1.000000      0.9435625      0.9518036      0.4796320      0.5548946    
       13800   1.000000      0.9328750       1.065118      0.4766527      0.5495562    
       14000   1.000000      0.9303125      0.9834874      0.4788550      0.5598959    
       14200   1.000000      0.9299375       1.021724      0.4783109      0.5480770    
       14400   1.000000      0.9305000       1.062644      0.4774992      0.5517979    
       14600   1.000000      0.9294375       1.092776      0.4770303      0.5303820    
       14800   1.000000      0.9207500       1.064604      0.4773489      0.5835799    
       15000   1.000000      0.9285000       1.073036      0.4759226      0.5245747    
       15200   1.000000      0.9266250       1.079169      0.4769832      0.5437240    
       15400   1.000000      0.9240000       1.063558      0.4770352      0.5498865    
       15600   1.000000      0.9248125       1.087726      0.4769161      0.5517977    
       15800   1.000000      0.9278750       1.043008      0.4780452      0.5588844    
       16000   1.000000      0.9291875       1.026268      0.4776809      0.5347633    
       16200   1.000000      0.9324375       1.013715      0.4769193      0.5588843    
       16400   1.000000      0.9349375       1.009828      0.4778886      0.5338542    
       16600   1.000000      0.9356875       1.012622      0.4773003      0.5642723    
       16800   1.000000      0.9334375       1.035617      0.4772418      0.5272000    
       17000   1.000000      0.9350625       1.034032      0.4776319      0.5432000    
       17200   1.000000      0.9337500       1.006441      0.4778798      0.5437240    
       17400   1.000000      0.9342500       1.038661      0.4789231      0.5548946    
       17600   1.000000      0.9260625       1.069943      0.4765307      0.5588843    
       17800   1.000000      0.9265625       1.041875      0.4772409      0.5338542    
       18000   1.000000      0.9333125       1.036865      0.4770864      0.5432000    
       18200   1.000000      0.9326250       1.035511      0.4779105      0.5385649    
       18400   1.000000      0.9225000       1.056540      0.4767321      0.5245746    
       18600   1.000000      0.9276875       1.057955      0.4766997      0.5495562    
       18800   1.000000      0.9249375       1.070539      0.4758031      0.5278406    
       19000   1.000000      0.9268750       1.078292      0.4765552      0.5343183    
       19200   1.000000      0.9288125       1.037707      0.4774897      0.5444060    
       19400   1.000000      0.9371250      0.9924169      0.4786476      0.5437239    
       19600   1.000000      0.9237500       1.031545      0.4781527      0.5498868    
       19800   1.000000      0.9218750       1.138095      0.4759805      0.5547107    
       20000   1.000000      0.9305000       1.070117      0.4768206      0.5389420    
       20200   1.000000      0.9213750       1.100676      0.4761520      0.5384000    
       20400   1.000000      0.9334375       1.037298      0.4773456      0.5580357    
       20600   1.000000      0.9360000       1.040451      0.4773906      0.5548946    
       20800   1.000000      0.9363125      0.9969397      0.4791092      0.5498866    
       21000   1.000000      0.9404375      0.9701575      0.4793944      0.5467129    
       21200   1.000000      0.9289375       1.028026      0.4774562      0.5406805    
       21400   1.000000      0.9238750       1.099289      0.4747417      0.5338541    
       21600   1.000000      0.9361875      0.9768292      0.4785550      0.5342935    
       21800   1.000000      0.9327500       1.005206      0.4783356      0.5658669    
       22000   1.000000      0.9261875       1.030344      0.4773621      0.5580357    
       22200   1.000000      0.9286875       1.010413      0.4780610      0.5498866    
       22400   1.000000      0.9332500       1.030942      0.4775245      0.5588843    
       22600   1.000000      0.9258125       1.091665      0.4759338      0.5322782    
       22800   1.000000      0.9312500       1.030262      0.4772492      0.5362499    
       23000   1.000000      0.9400000      0.9752601      0.4795574      0.5406805    
       23200   1.000000      0.9223750       1.104136      0.4754435      0.5406806    
       23400   1.000000      0.9310000       1.044648      0.4775863      0.5381092    
       23600   1.000000      0.9264375       1.084303      0.4762149      0.5495562    
       23800   1.000000      0.9311250       1.023911      0.4770109      0.5588842    
       24000   1.000000      0.9285000       1.040902      0.4775488      0.5437239    
       24200   1.000000      0.9285000       1.064467      0.4777230      0.5482377    
       24400   1.000000      0.9298750       1.055155      0.4768521      0.5495561    
       24600   1.000000      0.9317500       1.038905      0.4782003      0.5498867    
       24800   1.000000      0.9201250       1.087228      0.4761070      0.5598959    
       25000   1.000000      0.9323125       1.056419      0.4775899      0.5736001    
       25200   1.000000      0.9346250       1.012728      0.4785243      0.5619754    
       25400   1.000000      0.9291875       1.059713      0.4765982      0.5303819    
       25600   1.000000      0.9242500       1.064775      0.4759941      0.5204081    
       25800   1.000000      0.9338125       1.020454      0.4782422      0.5432000    
       26000   1.000000      0.9398125       1.011542      0.4784599      0.5465977    
       26200   1.000000      0.9294375       1.072589      0.4764193      0.5245748    
       26400   1.000000      0.9265000       1.097906      0.4764454      0.5322782    
       26600   1.000000      0.9318750      0.9975014      0.4782041      0.5498866    
       26800   1.000000      0.9264375       1.080694      0.4762829      0.5465977    
       27000   1.000000      0.9297500       1.036200      0.4767676      0.5619752    
       27200   1.000000      0.9227500       1.095264      0.4766158      0.5607879    
       27400   1.000000      0.9230625       1.109134      0.4762815      0.5444060    
       27600   1.000000      0.9270625       1.062310      0.4764618      0.5650969    
       27800   1.000000      0.9298125       1.094766      0.4758502      0.5616667    
       28000   1.000000      0.9334375      0.9780136      0.4780914      0.5498866    
       28200   1.000000      0.9317500       1.054299      0.4777518      0.5498866    
       28400   1.000000      0.9280625       1.085653      0.4765547      0.5303704    
       28600   1.000000      0.9375625      0.9840442      0.4776997      0.5498866    
       28800   1.000000      0.9354375       1.017373      0.4777027      0.5355902    
       29000   1.000000      0.9287500       1.039279      0.4782670      0.5336001    
       29200   1.000000      0.9279375       1.048251      0.4775291      0.5342936    
       29400   1.000000      0.9380625      0.9915550      0.4779654      0.5297328    
       29600   1.000000      0.9210625       1.103927      0.4756881      0.5416001    
       29800   1.000000      0.9274375       1.094589      0.4771061      0.5495563    
       30000   1.000000      0.9351875      0.9960303      0.4783010      0.5437239    
       30200   1.000000      0.9431250      0.9207757      0.4798264      0.5432000    
       30400   1.000000      0.9330000       1.009779      0.4785357      0.5344098    
       30600   1.000000      0.9325625       1.038757      0.4771513      0.5416000    
       30800   1.000000      0.9308750       1.010573      0.4779888      0.5437240    
       31000   1.000000      0.9240625       1.081096      0.4765591      0.5335999    
       31200   1.000000      0.9279375       1.025111      0.4775739      0.5432000    
       31400   1.000000      0.9320625       1.041325      0.4771159      0.5588842    
       31600   1.000000      0.9208125       1.105730      0.4757880      0.5362500    
       31800   1.000000      0.9371250       1.004903      0.4786756      0.5607879    
       32000   1.000000      0.9223125       1.088581      0.4760272      0.5362501    
       32200   1.000000      0.9336250       1.029934      0.4779313      0.5495562    
       32400   1.000000      0.9307500       1.045212      0.4769684      0.5548946    
       32600   1.000000      0.9307500       1.022651      0.4771874      0.5406805    
       32800   1.000000      0.9282500       1.051231      0.4766480      0.5790080    
       33000   1.000000      0.9336250       1.041844      0.4771945      0.5337547    
