          20  0.8750000      0.8070500       1.874567      0.4072173      0.5377765    
          40  0.8750000      0.8176875       1.801411      0.4126802      0.5361111    
          60  0.8750000      0.8009000       1.745250      0.4178789      0.5321151    
          80  0.8750000      0.8118750       1.739401      0.4148533      0.5509387    
         100  0.8750000      0.8094125       1.696798      0.4208657      0.5512724    
         120  0.8750000      0.8110625       1.680671      0.4221148      0.5583256    
         140  0.8750000      0.8120500       1.698252      0.4235170      0.5348025    
         160  0.8750000      0.8170625       1.690722      0.4237510      0.5583333    
         180  0.8750000      0.8184375       1.676793      0.4279577      0.5444774    
         200  0.8750000      0.8105875       1.672987      0.4281418      0.5622144    
         220  0.8750000      0.8139125       1.663412      0.4279800      0.5630565    
         240  0.8750000      0.8231625       1.687569      0.4286267      0.5804891    
         260  0.8750000      0.8040500       1.679933      0.4285922      0.5555874    
         280  0.8750000      0.8008125       1.645393      0.4274045      0.5719008    
         300  0.8750000      0.8207125       1.659473      0.4280334      0.5601723    
         320  0.8750000      0.8137375       1.652961      0.4301008      0.5391024    
         340  0.8750000      0.8085750       1.669505      0.4275382      0.5561112    
         360  0.8750000      0.8115375       1.709534      0.4227624      0.5287575    
         380  0.8750000      0.8012250       1.703010      0.4195342      0.5342149    
         400   1.000000      0.9201125       1.758562      0.4107980      0.5284028    
         420   1.000000      0.9347000       1.736841      0.4167230      0.5117187    
         440   1.000000      0.9213500       1.711745      0.4193324      0.5381708    
         460   1.000000      0.9224125       1.673288      0.4210951      0.5317382    
         480   1.000000      0.9286875       1.672327      0.4217747      0.5317384    
         500   1.000000      0.9241250       1.676721      0.4295494      0.5395423    
         520   1.000000      0.9135250       1.625078      0.4272797      0.5499480    
         540   1.000000      0.9238250       1.609141      0.4311592      0.5473464    
         560   1.000000      0.9283000       1.612165      0.4293004      0.5498520    
         580   1.000000      0.9232250       1.640090      0.4299359      0.5487528    
         600   1.000000      0.9190625       1.631318      0.4329810      0.5915712    
         620   1.000000      0.9260250       1.642679      0.4318154      0.5647802    
         640   1.000000      0.9374500       1.641554      0.4282228      0.5372019    
         660   1.000000      0.9120875       1.597612      0.4329486      0.5542958    
         680   1.000000      0.9183250       1.623687      0.4338714      0.5466272    
         700   1.000000      0.9323875       1.625621      0.4354908      0.5600001    
         720   1.000000      0.9270375       1.609755      0.4316055      0.5379814    
         740   1.000000      0.9374250       1.602567      0.4310098      0.5325988    
         760   1.000000      0.9038000       1.607623      0.4309284      0.5327148    
         780   1.000000      0.9333375       1.623174      0.4291995      0.5794308    
         800   1.000000      0.9147125       1.613639      0.4334336      0.5655568    
         820   1.000000      0.9370500       1.650919      0.4362988      0.5562131    
         840   1.000000      0.9321500       1.657371      0.4310524      0.5686643    
         860   1.000000      0.9338250       1.646532      0.4366837      0.5893555    
         880   1.000000      0.9171000       1.647526      0.4296370      0.5708008    
         900   1.000000      0.9332125       1.660066      0.4332485      0.5688890    
         920   1.000000      0.9188375       1.639397      0.4298710      0.5428061    
         940   1.000000      0.9199875       1.646068      0.4312823      0.5493165    
         960   1.000000      0.9289500       1.621886      0.4305509      0.5874089    
         980   1.000000      0.9214250       1.643249      0.4291209      0.5573192    
        1000   1.000000      0.9334125       1.636238      0.4331662      0.5348025    
        1001  0.7500000      0.4947500       1.625840      0.4329191      0.5424805    
        1002  0.7500000      0.5250625       1.644265      0.4335463      0.5424805    
        1003  0.7500000      0.5709750       1.668805      0.4354727      0.5502647    
        1004  0.8750000      0.6280375       1.705545      0.4372694      0.5502647    
        1005  0.8750000      0.6705500       1.694356      0.4419607      0.5452806    
        1006  0.8750000      0.7027125       1.698784      0.4444001      0.5400391    
        1007  0.8750000      0.7018250       1.695745      0.4460529      0.5400391    
        1008  0.8750000      0.7084000       1.702245      0.4449373      0.5405272    
        1009  0.8750000      0.7121875       1.696221      0.4433705      0.5331900    
        1010  0.8750000      0.7128000       1.679013      0.4432143      0.5368678    
        1011  0.8750000      0.7381250       1.692052      0.4431594      0.5332986    
        1012  0.8750000      0.7518500       1.674228      0.4413981      0.5428649    
        1013   1.000000      0.7809625       1.667983      0.4417054      0.5429473    
        1014   1.000000      0.8097125       1.674745      0.4411274      0.5404281    
        1015   1.000000      0.8147500       1.676320      0.4399593      0.5371630    
        1016   1.000000      0.8116250       1.668139      0.4397184      0.5386747    
        1017   1.000000      0.8106875       1.661303      0.4394087      0.5371630    
        1018   1.000000      0.8291625       1.660786      0.4397072      0.5371630    
        1019   1.000000      0.8360750       1.648744      0.4394415      0.5659768    
        1020   1.000000      0.8151250       1.598209      0.4392356      0.5659768    
        1021   1.000000      0.8532750       1.568427      0.4386573      0.5538461    
        1022   1.000000      0.8705500       1.495106      0.4411037      0.5538461    
        1023   1.000000      0.8943250       1.422913      0.4409356      0.5396826    
        1024   1.000000      0.9157375       1.377416      0.4396639      0.5396826    
        1025   1.000000      0.9177125       1.373028      0.4397162      0.5525397    
        1026   1.000000      0.9278375       1.384831      0.4381354      0.5525397    
        1027   1.000000      0.9161125       1.381943      0.4387108      0.5525397    
        1028   1.000000      0.9128250       1.385169      0.4375774      0.5525397    
        1029   1.000000      0.9148125       1.385875      0.4378513      0.5525397    
        1030   1.000000      0.9233250       1.400419      0.4378032      0.5437138    
        1031   1.000000      0.9160625       1.409964      0.4370701      0.5458202    
        1032   1.000000      0.9248500       1.417364      0.4355589      0.5427777    
        1033   1.000000      0.9086750       1.417258      0.4347679      0.5427777    
        1034   1.000000      0.9122250       1.421758      0.4343284      0.5361553    
        1035   1.000000      0.9209250       1.444436      0.4348401      0.5500000    
        1036   1.000000      0.9221750       1.437777      0.4361475      0.5338889    
        1037   1.000000      0.9312250       1.442045      0.4349913      0.5452457    
        1038   1.000000      0.9193000       1.429039      0.4348463      0.5670784    
        1039   1.000000      0.9169125       1.434813      0.4337146      0.5452457    
        1040   1.000000      0.9103125       1.439266      0.4333259      0.5670784    
        1041   1.000000      0.9266125       1.457359      0.4344473      0.5670784    
        1042   1.000000      0.9221750       1.463926      0.4345399      0.5594445    
        1043   1.000000      0.9095875       1.465460      0.4340299      0.5364149    
        1044   1.000000      0.9338125       1.476921      0.4337004      0.5291363    
        1045   1.000000      0.9160625       1.472004      0.4343862      0.5291363    
        1046   1.000000      0.9301625       1.492182      0.4346522      0.5291363    
        1047   1.000000      0.9281625       1.487209      0.4337336      0.5605868    
        1048   1.000000      0.9183875       1.489164      0.4332745      0.5360529    
        1049   1.000000      0.9189250       1.500447      0.4319150      0.5589895    
        1050   1.000000      0.9286875       1.507197      0.4316814      0.5509886    
        1051   1.000000      0.9155125       1.513629      0.4301905      0.5258789    
        1052   1.000000      0.9262500       1.515808      0.4308037      0.5361552    
        1053   1.000000      0.9126625       1.508109      0.4297875      0.5694129    
        1054   1.000000      0.9314125       1.522864      0.4293241      0.5453254    
        1055   1.000000      0.9350750       1.522198      0.4298719      0.5504165    
        1056   1.000000      0.9168250       1.520812      0.4292774      0.5504165    
        1057   1.000000      0.9162875       1.525962      0.4293564      0.5302734    
        1058   1.000000      0.9312375       1.550352      0.4287593      0.5302734    
        1059   1.000000      0.9257875       1.559206      0.4279249      0.5302734    
