          20  0.8750000      0.8047375       1.981620      0.4228196      0.5143779    
          40   1.000000      0.9162500       1.809309      0.4093386      0.5084745    
          60   1.000000      0.9253375       1.769503      0.4135487      0.5460898    
          80   1.000000      0.9189250       1.745054      0.4121778      0.5235575    
         100   1.000000      0.9189875       1.735001      0.4097623      0.5235575    
         120   1.000000      0.9097875       1.733274      0.4100401      0.5305556    
         140   1.000000      0.9261375       1.720778      0.4135294      0.5124963    
         160   1.000000      0.9274750       1.751889      0.4123683      0.5306122    
         180   1.000000      0.9249375       1.780620      0.4113554      0.5062433    
         200   1.000000      0.9205000       1.751261      0.4117028      0.5202902    
         220   1.000000      0.9189750       1.748797      0.4106690      0.5305557    
         240   1.000000      0.9302125       1.774688      0.4150530      0.5407149    
         260   1.000000      0.9191750       1.749572      0.4124551      0.5332986    
         280   1.000000      0.9326625       1.766990      0.4128920      0.5114463    
         300   1.000000      0.9287500       1.747370      0.4137246      0.5286161    
         320   1.000000      0.9240375       1.746343      0.4128194      0.5633334    
         340   1.000000      0.9213250       1.732339      0.4176672      0.5261111    
         360   1.000000      0.9284375       1.734110      0.4151548      0.5104057    
         380   1.000000      0.9250625       1.718268      0.4164117      0.5423729    
         400   1.000000      0.9344750       1.757944      0.4141799      0.5509388    
         420   1.000000      0.9256125       1.755304      0.4137197      0.5472222    
         440   1.000000      0.9319500       1.763185      0.4163526      0.5551508    
         460   1.000000      0.9314500       1.777776      0.4123512      0.5320310    
         480   1.000000      0.9253375       1.771049      0.4148185      0.5156088    
         500   1.000000      0.9344875       1.752893      0.4147702      0.5872575    
         520   1.000000      0.9342000       1.788740      0.4130917      0.5294445    
         540   1.000000      0.9299250       1.780945      0.4126721      0.5118905    
         560   1.000000      0.9326000       1.771267      0.4141780      0.5211833    
         580   1.000000      0.9234500       1.732726      0.4135149      0.5301776    
         600   1.000000      0.9292375       1.776141      0.4082958      0.5332986    
         620   1.000000      0.9228500       1.765092      0.4124815      0.4990234    
         640   1.000000      0.9228500       1.751822      0.4131098      0.5219727    
         641  0.7500000      0.5034750       1.763622      0.4125842      0.5146484    
         642  0.7500000      0.5295625       1.735590      0.4149981      0.5135275    
         643  0.7500000      0.5875375       1.736238      0.4153416      0.5249740    
         644  0.8750000      0.6367250       1.713182      0.4175089      0.5273437    
         645  0.8750000      0.6790500       1.691843      0.4180893      0.5450000    
         646  0.8750000      0.7148750       1.676111      0.4186921      0.5144872    
         647  0.8750000      0.7056375       1.653464      0.4204762      0.5234131    
         648  0.8750000      0.7103000       1.643422      0.4217918      0.5275887    
         649  0.8750000      0.7232000       1.658085      0.4221840      0.5561914    
         650  0.8750000      0.7263125       1.650703      0.4228212      0.5307617    
         651  0.8750000      0.7544250       1.645980      0.4228610      0.5610352    
         652  0.8750000      0.7717875       1.643611      0.4214354      0.5380274    
         653  0.8750000      0.8086500       1.662028      0.4212230      0.5099522    
         654  0.8750000      0.8149500       1.674315      0.4194146      0.5194920    
         655  0.8750000      0.8088500       1.655036      0.4190879      0.5224978    
         656  0.8750000      0.8146000       1.656163      0.4177787      0.5224978    
         657  0.8750000      0.8042250       1.643401      0.4193002      0.5388889    
         658  0.8750000      0.7982500       1.644785      0.4183139      0.5375977    
         659  0.8750000      0.8196625       1.650386      0.4194089      0.5375977    
         660  0.8750000      0.8055875       1.644399      0.4213811      0.5363314    
         661  0.8750000      0.8147750       1.651054      0.4205672      0.5353799    
         662  0.8750000      0.8111125       1.645069      0.4189340      0.5260772    
         663  0.8750000      0.8059250       1.642407      0.4180719      0.5478668    
         664  0.8750000      0.8008500       1.640576      0.4183598      0.5278150    
         665  0.8750000      0.8258875       1.666404      0.4190092      0.5278150    
         666   1.000000      0.8152000       1.660288      0.4201201      0.5207756    
         667   1.000000      0.8167750       1.657603      0.4216930      0.5307617    
         668   1.000000      0.8188375       1.671644      0.4200352      0.5275888    
         669   1.000000      0.8095125       1.667029      0.4187945      0.5257002    
         670   1.000000      0.8032125       1.658163      0.4191230      0.5207756    
         671   1.000000      0.8085375       1.662718      0.4169835      0.5375977    
         672   1.000000      0.8112375       1.675215      0.4166417      0.5383511    
         673   1.000000      0.8126500       1.684228      0.4169278      0.5375977    
         674   1.000000      0.8189000       1.691818      0.4169104      0.5375977    
         675   1.000000      0.8069000       1.688539      0.4177702      0.5391025    
         676   1.000000      0.8350500       1.733408      0.4155836      0.5243344    
         677   1.000000      0.8350000       1.766708      0.4146329      0.5396399    
         678   1.000000      0.8460750       1.790457      0.4150085      0.5230770    
         679   1.000000      0.8707000       1.853033      0.4158637      0.5109261    
         680   1.000000      0.8969125       1.902070      0.4164231      0.5107693    
         681   1.000000      0.9178125       1.933716      0.4172771      0.5107693    
         682   1.000000      0.9293500       1.925856      0.4170227      0.5107693    
         683   1.000000      0.9209125       1.915637      0.4179800      0.5069287    
         684   1.000000      0.9183500       1.891050      0.4180353      0.4955657    
         685   1.000000      0.9229375       1.885692      0.4177915      0.5186778    
         686   1.000000      0.9074125       1.864210      0.4191766      0.5186778    
         687   1.000000      0.9038500       1.845113      0.4191099      0.4960947    
         688   1.000000      0.9146750       1.839471      0.4195495      0.5009406    
         689   1.000000      0.9196750       1.844109      0.4191729      0.5131836    
         690   1.000000      0.9131500       1.830933      0.4192708      0.5131836    
         691   1.000000      0.9174125       1.845303      0.4197480      0.5488281    
         692   1.000000      0.9032625       1.810625      0.4198918      0.5046154    
         693   1.000000      0.9085000       1.811430      0.4194102      0.5234132    
         694   1.000000      0.8943750       1.815607      0.4200087      0.5107422    
         695   1.000000      0.9091000       1.817627      0.4202582      0.5356513    
         696   1.000000      0.9207875       1.826872      0.4202090      0.5107422    
         697   1.000000      0.9208875       1.803791      0.4226047      0.5215794    
         698   1.000000      0.9201125       1.809709      0.4211870      0.5107421    
         699   1.000000      0.9149625       1.803005      0.4216896      0.5074326    
