          20  0.8750000      0.7826250       1.150132      0.4370345      0.5374555    
          40   1.000000      0.7967250       1.272841      0.4307945      0.5630201    
          60   1.000000      0.9077000       1.239747      0.4407306      0.5616668    
          80   1.000000      0.9033500       1.356434      0.4265493      0.5478317    
         100   1.000000      0.9016875       1.421797      0.4217249      0.5377588    
         120   1.000000      0.9077000       1.515182      0.4184897      0.5245619    
         140   1.000000      0.9136500       1.596165      0.4170602      0.5351474    
         160   1.000000      0.8965625       1.588200      0.4179028      0.5224402    
         180   1.000000      0.9145000       1.621775      0.4112721      0.5072224    
         200   1.000000      0.9157875       1.690243      0.4102915      0.5400001    
         220   1.000000      0.9159750       1.678103      0.4129534      0.5236362    
         240   1.000000      0.9265875       1.706591      0.4103683      0.5272223    
         260   1.000000      0.9197750       1.720992      0.4124646      0.5084654    
         280   1.000000      0.9275375       1.726927      0.4116830      0.5144873    
         300   1.000000      0.9276875       1.747736      0.4081459      0.5213653    
         320   1.000000      0.9297875       1.756819      0.4104948      0.5505556    
         340   1.000000      0.9226500       1.771826      0.4113760      0.5192838    
         360   1.000000      0.9294500       1.752819      0.4154553      0.5107728    
         380   1.000000      0.9395875       1.751012      0.4158797      0.5181402    
         400   1.000000      0.9353125       1.765637      0.4125117      0.5266667    
         420   1.000000      0.9238125       1.733360      0.4135211      0.5263905    
         440   1.000000      0.9310375       1.759267      0.4187765      0.5647337    
         460   1.000000      0.9254250       1.725095      0.4185988      0.5436853    
         480   1.000000      0.9218125       1.717126      0.4189443      0.5192152    
         500   1.000000      0.9320375       1.703916      0.4154688      0.5364149    
         520   1.000000      0.9221875       1.719293      0.4125051      0.5395000    
         540   1.000000      0.9228250       1.701576      0.4109187      0.5197711    
         560   1.000000      0.9313500       1.741556      0.4121642      0.5297851    
         580   1.000000      0.9354625       1.728981      0.4169239      0.5150295    
         600   1.000000      0.9266000       1.728217      0.4129582      0.5050274    
         620   1.000000      0.9257500       1.719398      0.4125233      0.5405826    
         640   1.000000      0.9257625       1.730985      0.4099508      0.5173965    
         641  0.7500000      0.4970500       1.735477      0.4108148      0.5141601    
         642  0.7500000      0.5232875       1.734701      0.4144831      0.5364150    
         643  0.7500000      0.5723500       1.726122      0.4181734      0.5537919    
         644  0.8750000      0.6250500       1.715141      0.4214969      0.5364150    
         645  0.8750000      0.6642250       1.687444      0.4215958      0.5461112    
         646  0.8750000      0.6895250       1.652102      0.4223473      0.5716667    
         647  0.8750000      0.7090250       1.636623      0.4235787      0.5994444    
         648  0.8750000      0.6997250       1.607539      0.4254031      0.5797194    
         649  0.8750000      0.7168875       1.609922      0.4230978      0.5567601    
         650  0.8750000      0.7263500       1.590184      0.4219965      0.5761316    
         651  0.8750000      0.7436750       1.593583      0.4207923      0.5761316    
         652  0.8750000      0.7717250       1.607351      0.4212159      0.5497448    
         653  0.8750000      0.7955625       1.620139      0.4191965      0.5461112    
         654  0.8750000      0.8210250       1.629303      0.4188339      0.5461112    
         655  0.8750000      0.8122750       1.631784      0.4194784      0.5561111    
         656  0.8750000      0.8234750       1.636594      0.4203766      0.5733334    
         657  0.8750000      0.8156625       1.630790      0.4207886      0.5369525    
         658  0.8750000      0.8144000       1.627082      0.4219258      0.5369525    
         659  0.8750000      0.8179000       1.620569      0.4211801      0.5255731    
         660  0.8750000      0.8227500       1.625960      0.4220613      0.5300092    
         661  0.8750000      0.8088375       1.609698      0.4218252      0.5520020    
         662  0.8750000      0.8128000       1.622359      0.4209263      0.5473464    
         663  0.8750000      0.8173375       1.624459      0.4201528      0.5473464    
         664  0.8750000      0.8113750       1.631080      0.4198935      0.5473464    
         665  0.8750000      0.8185625       1.628411      0.4206225      0.5702394    
         666  0.8750000      0.8120125       1.622026      0.4219464      0.5516582    
         667  0.8750000      0.8107500       1.605389      0.4233729      0.5516582    
         668  0.8750000      0.8180500       1.611465      0.4223076      0.5516582    
         669  0.8750000      0.8175375       1.619950      0.4204677      0.5516582    
         670  0.8750000      0.8239500       1.626923      0.4208073      0.5516582    
         671  0.8750000      0.8072750       1.602800      0.4214255      0.5516582    
         672   1.000000      0.8211375       1.618512      0.4213896      0.5611395    
         673   1.000000      0.8142250       1.601978      0.4208694      0.5432099    
         674   1.000000      0.8181375       1.603091      0.4200789      0.5463947    
         675   1.000000      0.8262125       1.614794      0.4212899      0.5472222    
         676   1.000000      0.8088125       1.607320      0.4198574      0.5683333    
         677   1.000000      0.8066250       1.598109      0.4210132      0.5685949    
         678   1.000000      0.8252500       1.607162      0.4187886      0.5794445    
         679   1.000000      0.8051125       1.595487      0.4199677      0.5794445    
         680   1.000000      0.8288125       1.600242      0.4188683      0.5794445    
         681   1.000000      0.8248500       1.594997      0.4182366      0.5794445    
         682   1.000000      0.8589500       1.616012      0.4179266      0.5794445    
         683   1.000000      0.8681875       1.613059      0.4190979      0.5794445    
         684   1.000000      0.8944750       1.623459      0.4182296      0.5461112    
         685   1.000000      0.9097750       1.636381      0.4157114      0.5794445    
         686   1.000000      0.9081625       1.635525      0.4141400      0.4951480    
         687   1.000000      0.9321875       1.660153      0.4138433      0.5036685    
         688   1.000000      0.9256375       1.658641      0.4146077      0.5004882    
         689   1.000000      0.9123250       1.648382      0.4154779      0.5150884    
         690   1.000000      0.9209750       1.660156      0.4148925      0.4998818    
         691   1.000000      0.9144625       1.656026      0.4139683      0.5062435    
         692   1.000000      0.9205250       1.669560      0.4136708      0.5385016    
         693   1.000000      0.9061000       1.669036      0.4127982      0.5031218    
         694   1.000000      0.9306000       1.696827      0.4134155      0.5068532    
         695   1.000000      0.9206000       1.696208      0.4142972      0.4918343    
         696   1.000000      0.9166375       1.701277      0.4141854      0.5116905    
         697   1.000000      0.9041125       1.692184      0.4146014      0.4973985    
         698   1.000000      0.9346250       1.710400      0.4129487      0.5197710    
         699   1.000000      0.9258000       1.708935      0.4140148      0.5218522    
