          20  0.8125000      0.6600000       1.475950      0.4000881      0.5245618    
          40  0.8750000      0.7975625       1.541696      0.4407424      0.5588310    
          60  0.8750000      0.7420000       1.483595      0.4395494      0.5422021    
          80  0.8750000      0.8008125       1.546173      0.4478176      0.5415384    
         100  0.8125000      0.7410000       1.384615      0.4346656      0.5512695    
         120  0.8750000      0.8081250       1.507715      0.4485677      0.5585800    
         140  0.8750000      0.7388750       1.479907      0.4455829      0.5528994    
         160  0.9375000      0.8065625       1.518866      0.4466761      0.5423273    
         180  0.8750000      0.7180625       1.430931      0.4452168      0.5444336    
         200  0.9375000      0.8074375       1.514375      0.4375847      0.5686786    
         220  0.8750000      0.7342500       1.415235      0.4308674      0.5719382    
         240  0.8750000      0.8171250       1.500524      0.4275276      0.5235019    
         260  0.8750000      0.7624375       1.307754      0.4271529      0.5161133    
         280  0.8750000      0.8097500       1.400856      0.4384441      0.5412524    
         300  0.8750000      0.7810000       1.423567      0.4185434      0.5119677    
         320  0.8750000      0.8276875       1.360477      0.4183292      0.5208117    
         340  0.8750000      0.7483750       1.450462      0.4263395      0.5532227    
         360  0.8750000      0.8204375       1.378771      0.4392599      0.5659181    
         380  0.8750000      0.7973750      0.8829580      0.4127221      0.4993702    
         400  0.8750000      0.8181250       1.321843      0.4077606      0.5064880    
         420  0.8750000      0.7647500       1.363763      0.4081777      0.5173964    
         440  0.8750000      0.8080000       1.329120      0.4321932      0.5194445    
         460  0.8750000      0.8062500      0.8708372      0.4311907      0.5394445    
         480  0.8750000      0.8120000       1.371303      0.4276264      0.5401773    
         500  0.8750000      0.7643750       1.383040      0.4148292      0.5213652    
         520   1.000000      0.8228750       1.385869      0.4302404      0.5488280    
         540  0.8750000      0.7966250       1.091853      0.4370478      0.5166667    
         560   1.000000      0.8980625       1.708127      0.4319882      0.5294445    
         580  0.8750000      0.8011875       1.278180      0.4390765      0.5385015    
         600   1.000000      0.9347500       1.526705      0.4588042      0.5697888    
         620  0.8750000      0.7930625       1.068311      0.4590030      0.5659769    
         640   1.000000      0.9236250       1.373092      0.4502856      0.5317382    
         660  0.8750000      0.8066875       1.189964      0.4434100      0.5366591    
         680   1.000000      0.8393125       1.472339      0.4562562      0.5587930    
         700  0.8750000      0.7996875       1.262987      0.4544877      0.5581055    
         720   1.000000      0.9288750       1.487282      0.4557018      0.5449219    
         740  0.8750000      0.7931875       1.050912      0.4621695      0.5961199    
         760   1.000000      0.8623125       1.448587      0.4528342      0.5395412    
         780  0.8750000      0.7982500      0.9052000      0.4501787      0.5764678    
         800   1.000000      0.9340000       1.556086      0.4529430      0.5376669    
         820  0.8750000      0.7870000       1.360556      0.4408095      0.5551758    
         840   1.000000      0.8350000       1.429325      0.4458396      0.5541783    
         860  0.8750000      0.8036250       1.415038      0.4305429      0.5661110    
         880   1.000000      0.8235000       1.373221      0.4442234      0.5499480    
         900  0.8750000      0.7967500       1.315118      0.4246584      0.5302735    
         920  0.8750000      0.8211250       1.444105      0.4307013      0.5363314    
         940  0.8750000      0.8061250       1.282383      0.4244940      0.5146484    
         960   1.000000      0.9045000       1.398016      0.4543571      0.5561523    
         980  0.8750000      0.7923750       1.256018      0.4340461      0.5185546    
        1000  0.9375000      0.8166875       1.312651      0.4400233      0.5489074    
        1020  0.8750000      0.8045000       1.238032      0.4347803      0.5339761    
        1040   1.000000      0.9475000       1.553404      0.4325430      0.5249704    
        1060  0.8750000      0.8072500       1.192081      0.4219662      0.5301084    
        1080   1.000000      0.8423125       1.397163      0.4388724      0.5613943    
        1100  0.8750000      0.7995625       1.315039      0.4415423      0.5381709    
        1120  0.9375000      0.8285625       1.363374      0.4504114      0.5356514    
        1140  0.8750000      0.7961250       1.033958      0.4380637      0.5528994    
        1160  0.8750000      0.8261875       1.356203      0.4492484      0.5659767    
        1180  0.8750000      0.8095000       1.333620      0.4565929      0.5530772    
        1200  0.8750000      0.8176875       1.434946      0.4465849      0.5573624    
        1220  0.8750000      0.7641250       1.341178      0.4319901      0.5252841    
        1240  0.8750000      0.8097500       1.369633      0.4547791      0.5608466    
        1260   1.000000      0.7909375       1.358851      0.4513035      0.5722493    
        1280  0.8750000      0.8243750       1.305618      0.4535462      0.5552662    
        1300  0.8750000      0.8056875       1.488748      0.4512535      0.5442177    
        1320  0.8750000      0.8208125       1.520519      0.4443721      0.5336359    
        1340  0.8750000      0.7699375       1.132718      0.4360795      0.5487772    
        1360  0.9375000      0.8260625       1.375893      0.4659980      0.5689090    
        1380  0.8750000      0.8118750      0.9812657      0.4547685      0.5590819    
        1400  0.8750000      0.8310625       1.373786      0.4353898      0.5395411    
        1420  0.8750000      0.8084375       1.522369      0.4337973      0.5192838    
        1440  0.8750000      0.8352500       1.461937      0.4437090      0.5573192    
        1460  0.8750000      0.8176875       1.477201      0.4637806      0.5699168    
        1480  0.9375000      0.8209375       1.513211      0.4565723      0.5784833    
        1500  0.8750000      0.7982500       1.440253      0.4373631      0.5197712    
        1520   1.000000      0.8389375       1.511555      0.4436899      0.5457855    
        1540  0.8750000      0.7967500       1.444641      0.4251411      0.5665973    
        1560  0.8750000      0.8310625       1.435264      0.4427896      0.5665973    
        1580  0.8750000      0.8103125       1.349332      0.4261141      0.5507684    
        1600  0.8750000      0.8274375       1.442815      0.4299702      0.5759625    
        1620   1.000000      0.8100000       1.189687      0.4186480      0.5288483    
        1640   1.000000      0.8957500       1.516980      0.4465019      0.5623582    
        1660  0.8750000      0.7520625       1.472113      0.4444144      0.5551758    
        1680   1.000000      0.8617500       1.419167      0.4760413      0.5747070    
        1700   1.000000      0.8040625       1.350510      0.4581625      0.5619075    
        1720   1.000000      0.9248750       1.235553      0.4754179      0.5863684    
        1740   1.000000      0.8246875       1.335804      0.4698811      0.5561523    
        1760   1.000000      0.9246875       1.190208      0.4924165      0.5936095    
        1780   1.000000      0.8305625       1.359650      0.4503187      0.5537919    
        1800   1.000000      0.9221250       1.226258      0.4769096      0.5688705    
        1820   1.000000      0.8255000       1.352447      0.4604340      0.5738814    
        1840   1.000000      0.9248125       1.148208      0.4866199      0.5761111    
        1860   1.000000      0.9023750       1.257899      0.4517625      0.5330579    
        1880   1.000000      0.9327500       1.172693      0.4643346      0.5649414    
        1900   1.000000      0.7984375       1.190561      0.4511236      0.5637870    
        1920   1.000000      0.8897500       1.202499      0.5061520      0.6035156    
        1940   1.000000      0.7939375       1.409126      0.4536251      0.5396399    
        1960   1.000000      0.9325625       1.280550      0.4817661      0.5639648    
        1980   1.000000      0.8356875       1.224452      0.4515591      0.5472410    
        2000   1.000000      0.8313750       1.396429      0.4576071      0.5558076    
        2020   1.000000      0.8257500       1.458043      0.4440301      0.5405275    
        2040  0.9375000      0.8901250       1.641867      0.4517285      0.5404040    
        2060  0.8750000      0.7787500       1.475734      0.4489745      0.5259173    
        2080   1.000000      0.9118750       1.546958      0.4400721      0.5356445    
        2100  0.8750000      0.7693750       1.392175      0.4311988      0.5263906    
        2120   1.000000      0.9326250       1.736381      0.4042643      0.5410156    
        2140  0.8750000      0.8037500       1.349512      0.4079013      0.5166016    
        2160   1.000000      0.8481875       1.571672      0.4232886      0.5235504    
        2180  0.8750000      0.8150625       1.439758      0.4045094      0.5578232    
        2200   1.000000      0.9273125       1.458070      0.4498174      0.5258790    
        2220  0.8750000      0.8140000       1.452702      0.4357821      0.5369524    
        2240   1.000000      0.8621250       1.404619      0.4370829      0.5349038    
        2260  0.8750000      0.7987500       1.154981      0.4187623      0.5187305    
        2280   1.000000      0.8502500       1.617404      0.4304222      0.5624349    
        2300  0.8750000      0.7855625       1.625142      0.4293799      0.5165029    
        2320   1.000000      0.8573125       1.611166      0.4418240      0.5434319    
        2340  0.8750000      0.8066875       1.411766      0.4160010      0.5128090    
        2360   1.000000      0.8253125       1.429007      0.4462270      0.5422021    
        2380  0.8750000      0.8073750       1.217421      0.4391153      0.5772641    
        2400   1.000000      0.8490000       1.317726      0.4447689      0.5288086    
        2420  0.8750000      0.7920000       1.307044      0.4330791      0.5395420    
        2440  0.8750000      0.8136250       1.326969      0.4499440      0.5935076    
        2460  0.8750000      0.7990000       1.312283      0.4453793      0.5327777    
        2480  0.8750000      0.8246250       1.285938      0.4560584      0.5561523    
        2500  0.8750000      0.7941875       1.250262      0.4392545      0.5349038    
        2520  0.8750000      0.8262500       1.274319      0.4544581      0.5678711    
        2540  0.8750000      0.7905000      0.9521880      0.4165520      0.5055621    
        2560  0.8750000      0.8240625       1.247702      0.4349358      0.5500592    
        2580  0.8750000      0.7924375       1.307082      0.4257295      0.5213653    
        2600   1.000000      0.8256250       1.369359      0.4395217      0.5301769    
        2620  0.8750000      0.7953125       1.273602      0.4307939      0.5299651    
        2640  0.8750000      0.8245625       1.387080      0.4476207      0.5771485    
        2660  0.8750000      0.8065000       1.332925      0.4497497      0.5386982    
        2680   1.000000      0.9155625       1.650604      0.4224247      0.5391787    
        2700  0.8750000      0.7950625       1.185454      0.4366283      0.5334912    
        2720   1.000000      0.8455625       1.547985      0.4325719      0.5561523    
        2740  0.8750000      0.7995625       1.204587      0.4332776      0.5288086    
        2760   1.000000      0.8703125       1.388214      0.4344141      0.5841420    
        2780  0.8750000      0.7940625       1.108400      0.4331782      0.5659769    
        2800   1.000000      0.9030000       1.480697      0.4238122      0.5353400    
        2820  0.8750000      0.8165000       1.046611      0.4202806      0.5288087    
        2840   1.000000      0.8204375       1.298681      0.4431733      0.5474381    
        2860  0.8750000      0.7867500       1.200209      0.4310897      0.5395408    
        2880  0.9375000      0.8255000       1.338700      0.4486651      0.5749220    
        2900  0.8750000      0.8031875       1.253348      0.4205027      0.5079082    
        2920  0.8750000      0.8221875       1.395518      0.4438532      0.5686784    
        2940  0.8750000      0.8022500       1.337095      0.4261011      0.5161133    
        2960  0.8750000      0.8234375       1.399624      0.4400351      0.5504682    
        2980  0.8750000      0.8041250       1.167162      0.4356849      0.5307618    
        3000   1.000000      0.8249375       1.429667      0.4352728      0.5912389    
        3020  0.8750000      0.7956250       1.392622      0.4172266      0.5022484    
        3040  0.8750000      0.8179375       1.322603      0.4427235      0.5294445    
        3060  0.8750000      0.7431250       1.358873      0.4252921      0.5114785    
        3080  0.8750000      0.8245625       1.286723      0.4401024      0.5535899    
        3100  0.8750000      0.8003750       1.135586      0.4366754      0.5249025    
        3120  0.8750000      0.8105625       1.292826      0.4368754      0.5363315    
        3140  0.8750000      0.7920000       1.463463      0.4347488      0.5228383    
        3160  0.8750000      0.8348750       1.442567      0.4498221      0.5442247    
        3180  0.8750000      0.7845000       1.332302      0.4223672      0.5110270    
        3200  0.8750000      0.8203750       1.419459      0.4345872      0.5317378    
        3220  0.8750000      0.7770000       1.451249      0.4235389      0.5175781    
        3240  0.8750000      0.8112500       1.514835      0.4042141      0.5382248    
        3260  0.8750000      0.7696250       1.484557      0.4232498      0.5361111    
        3280  0.8750000      0.8288125       1.549757      0.4596519      0.5473633    
        3300  0.8750000      0.7978750       1.465648      0.4527833      0.5632895    
        3320  0.8750000      0.8208125       1.444349      0.4497293      0.5426599    
        3340  0.8750000      0.7781250       1.579566      0.4460609      0.5428061    
        3360  0.8750000      0.8209375       1.377057      0.4470832      0.5434320    
        3380  0.8750000      0.7870000       1.301521      0.4454226      0.5375975    
        3400   1.000000      0.8199375       1.280825      0.4566576      0.5507685    
        3420  0.8750000      0.7810000       1.248142      0.4383937      0.5422021    
        3440  0.8750000      0.8181875       1.349247      0.4521306      0.5805663    
        3460  0.8750000      0.7953750       1.402255      0.4347112      0.5487514    
        3480  0.8750000      0.8190625       1.338902      0.4660260      0.6027003    
        3500  0.8750000      0.8215625       1.423820      0.4370048      0.5577778    
        3520   1.000000      0.8360000       1.500124      0.4541347      0.5546896    
        3540  0.8750000      0.7713750       1.189697      0.4528933      0.5486929    
        3560   1.000000      0.9288125       1.533796      0.4296352      0.5210381    
        3580  0.8750000      0.8145625      0.9573286      0.4244252      0.5454546    
        3600   1.000000      0.9081250       1.708574      0.4141542      0.5107694    
        3620  0.8750000      0.7695625       1.243727      0.4070910      0.5038889    
        3640   1.000000      0.8393125       1.789098      0.4228557      0.5255732    
        3660  0.8750000      0.7469375       1.739253      0.4109052      0.5165289    
        3680   1.000000      0.9031875       2.110907      0.4204236      0.5112457    
        3700  0.8750000      0.7479375       1.066085      0.4183629      0.5306248    
        3720  0.8750000      0.8391250       1.735097      0.4117484      0.4995119    
        3740  0.8125000      0.7361250       1.486482      0.4123181      0.4986227    
        3760   1.000000      0.9433125       1.713653      0.4008074      0.4941406    
        3780  0.8750000      0.7531250       1.254330      0.4169377      0.5046154    
        3800   1.000000      0.8561875       1.546217      0.4123499      0.5327783    
        3820  0.8750000      0.7428750       1.352926      0.4046986      0.5102539    
        3840   1.000000      0.9121250       1.772898      0.3956495      0.4943311    
        3860  0.8750000      0.7608125       1.222623      0.4113730      0.4976219    
        3880   1.000000      0.9440625       1.951950      0.4349530      0.5316200    
        3900  0.8750000      0.7556250       1.470759      0.4229657      0.5145682    
        3920   1.000000      0.8998750       1.804175      0.3841541      0.5050000    
        3940  0.8750000      0.7483750       1.174689      0.4044015      0.4961112    
        3960   1.000000      0.8269375       1.700942      0.4098037      0.5100001    
        3980  0.8750000      0.7341875       1.233108      0.4062009      0.5390626    
        4000   1.000000      0.8272500       1.778936      0.3931458      0.5052028    
        4020  0.8750000      0.7343125       1.212998      0.4245272      0.5405827    
        4040  0.8750000      0.8206250       1.826797      0.4299577      0.5263671    
        4060  0.8750000      0.7216250       1.324888      0.4341884      0.5020156    
        4080  0.8750000      0.8234375       1.466577      0.4217964      0.5170653    
        4100  0.8750000      0.7507500       1.095290      0.4333799      0.5244535    
        4120  0.9375000      0.8261250       1.659976      0.4260696      0.5202913    
        4140  0.8750000      0.7568125       1.549408      0.4073115      0.5061111    
        4160  0.8750000      0.8232500       1.486482      0.4203298      0.5382250    
        4180  0.8125000      0.7391875       1.380738      0.4111560      0.5003550    
        4200  0.8750000      0.8184375       1.540290      0.4185981      0.4926539    
        4220  0.8750000      0.7445625       1.451859      0.4091250      0.5045915    
        4240  0.8750000      0.8205000       1.351391      0.4261600      0.5396824    
        4260  0.8750000      0.7853750       1.270968      0.4077984      0.5088450    
        4280  0.8750000      0.8303125       1.352134      0.4296014      0.5192152    
        4300  0.8750000      0.7999375      0.9635728      0.4386710      0.5390626    
        4320  0.8750000      0.8221875       1.398819      0.4438617      0.5491276    
        4340  0.8750000      0.7950000       1.248614      0.4181263      0.5301769    
        4360   1.000000      0.8741875       1.650807      0.4313554      0.5551508    
        4380  0.8750000      0.7965625      0.9483625      0.4364261      0.5312175    
        4400  0.8750000      0.8183125       1.308979      0.4294276      0.5529132    
        4420  0.8750000      0.7951250       1.347960      0.4270265      0.5312174    
        4440  0.9375000      0.8376250       1.479882      0.4494528      0.5642056    
        4460  0.8750000      0.8027500       1.223707      0.4456522      0.5176899    
        4480   1.000000      0.8237500       1.484220      0.4515869      0.5556711    
        4500  0.8750000      0.7973750       1.330152      0.4215855      0.5137742    
        4520  0.8750000      0.8277500       1.410917      0.4412704      0.5709246    
        4540  0.8750000      0.7983750       1.121138      0.4089245      0.5229567    
        4560   1.000000      0.8169375       1.433706      0.4465728      0.5502930    
        4580  0.8750000      0.8067500       1.184111      0.4376054      0.5551758    
        4600   1.000000      0.8598750       1.515355      0.4737440      0.5826392    
        4620   1.000000      0.7997500       1.464346      0.4801750      0.5936096    
        4640  0.9375000      0.8905625       1.661385      0.4516951      0.5576332    
        4660  0.8750000      0.7601875       1.554312      0.4403605      0.5420120    
        4680  0.9375000      0.8985625       1.681756      0.3962075      0.4807307    
        4700  0.8750000      0.7427500       1.385060      0.4172738      0.5107693    
        4720  0.9375000      0.8925625       1.668518      0.4088145      0.5003780    
        4740  0.8750000      0.7366875       1.565152      0.4281019      0.5235575    
        4760  0.9375000      0.8935000       1.781550      0.4234864      0.5150295    
        4780  0.8750000      0.7339375       1.454075      0.4195732      0.5245655    
        4800   1.000000      0.9030625       1.790667      0.4251133      0.5102539    
        4820  0.8750000      0.8000000       1.089436      0.4504436      0.5364149    
        4840  0.9375000      0.8207500       1.478230      0.4496107      0.5527841    
        4860  0.8750000      0.7993125       1.268686      0.4397457      0.5436181    
        4880   1.000000      0.8404375       1.559132      0.4518131      0.5394858    
        4900  0.8750000      0.7741250       1.173236      0.4131019      0.5209960    
        4920  0.9375000      0.8408125       1.855229      0.4338806      0.5239259    
        4940  0.8750000      0.7225625       1.719614      0.4314219      0.5339761    
        4960  0.9375000      0.8985625       2.023737      0.4344057      0.5245653    
        4980  0.8750000      0.7280625       1.744407      0.4403317      0.5505351    
        5000  0.9375000      0.8333750       1.727348      0.4327101      0.5808560    
        5020  0.8750000      0.7375000       1.731597      0.4298697      0.5367309    
        5040  0.8750000      0.8276250       1.689783      0.4410160      0.5362719    
        5060  0.8750000      0.7617500       1.305225      0.4498903      0.5761113    
        5080  0.8750000      0.8288750       1.489364      0.4390924      0.5353845    
        5100  0.8750000      0.7538750       1.588647      0.4257451      0.5383509    
        5120  0.9375000      0.8163750       1.572314      0.4333298      0.5348024    
        5140  0.8750000      0.7724375       1.214528      0.4373292      0.5582727    
        5160   1.000000      0.8306250       1.390733      0.4523183      0.5693359    
        5180  0.8750000      0.7966250       1.063200      0.4380688      0.5211834    
        5200   1.000000      0.8340000       1.399494      0.4487999      0.5571598    
        5220  0.8750000      0.7908125       1.125025      0.4469653      0.5312214    
        5240   1.000000      0.9467500       1.388854      0.4830908      0.5718682    
        5260   1.000000      0.8011250      0.9823151      0.4678951      0.5669436    
        5280   1.000000      0.8989375       1.416909      0.4692213      0.5453330    
        5300  0.8750000      0.7974375      0.9499467      0.4606887      0.5509271    
        5320   1.000000      0.8278125       1.467889      0.4571744      0.5523186    
        5340  0.8750000      0.8116875       1.325318      0.4366406      0.5176027    
        5360   1.000000      0.8704375       1.573624      0.4510206      0.5406904    
        5380  0.8750000      0.7986250       1.338622      0.4523514      0.5737305    
        5400   1.000000      0.8338750       1.402796      0.4518493      0.5371094    
        5420   1.000000      0.8199375       1.351923      0.4507765      0.5457295    
        5440  0.8750000      0.8134375       1.454308      0.4490457      0.5744017    
        5460  0.8750000      0.8168125       1.419337      0.4309686      0.5121894    
        5480  0.9375000      0.8532500       1.912533      0.4365036      0.5463868    
        5500   1.000000      0.8053750       1.449844      0.4567558      0.5493164    
        5520  0.9375000      0.8881875       1.686599      0.4545515      0.5410157    
        5540  0.8750000      0.7679375       1.459513      0.4529954      0.5493147    
        5560  0.9375000      0.8921250       1.749653      0.4480042      0.5499479    
        5580  0.8750000      0.7410000       1.478887      0.4358210      0.5396826    
        5600  0.9375000      0.8907500       1.688550      0.4269068      0.5380499    
        5620  0.8750000      0.7380000       1.573502      0.4214413      0.5676379    
        5640  0.9375000      0.8413750       1.674882      0.4248779      0.5412524    
        5660   1.000000      0.8098750       1.556662      0.4255766      0.5261111    
        5680  0.9375000      0.8308125       1.493811      0.4388366      0.6040236    
        5700  0.8750000      0.8160625       1.513883      0.4265156      0.5270849    
        5720  0.9375000      0.8166875       1.457832      0.4462924      0.5600000    
        5740  0.8750000      0.8150000       1.505270      0.4315752      0.5301084    
        5760  0.8750000      0.8196875       1.412171      0.4427101      0.5396450    
        5780  0.8750000      0.7986250       1.395732      0.4225213      0.5180147    
        5800  0.8750000      0.8269375       1.478876      0.4470014      0.5903356    
        5820  0.8750000      0.7911250       1.473892      0.4218400      0.5133929    
        5840  0.8750000      0.8210625       1.399178      0.4391994      0.5591447    
        5860  0.8750000      0.7915625       1.396989      0.4123441      0.5307617    
        5880  0.8750000      0.8320625       1.398418      0.4520312      0.5683594    
        5900  0.8750000      0.8176875       1.543609      0.4104970      0.5188246    
        5920  0.9375000      0.8354375       1.468259      0.4388142      0.5811654    
        5940  0.8750000      0.8148750       1.435476      0.4739987      0.5494277    
        5960   1.000000      0.8897500       1.571475      0.4667268      0.5946501    
        5980  0.8750000      0.7775000       1.500293      0.4591109      0.5716254    
        6000   1.000000      0.8969375       1.636593      0.4310310      0.5106153    
        6020   1.000000      0.7776250       1.314738      0.4340946      0.5156108    
        6040   1.000000      0.8381875       1.461470      0.4490113      0.5633660    
        6060   1.000000      0.8206250       1.190008      0.4482387      0.5562131    
        6080   1.000000      0.8303750       1.460283      0.4510086      0.5507684    
        6100   1.000000      0.8090000       1.375554      0.4415527      0.5735018    
        6120   1.000000      0.8891875       1.409121      0.4625106      0.5573193    
        6140  0.8750000      0.7901875       1.027030      0.4464240      0.5360529    
        6160   1.000000      0.8221875       1.429231      0.4425085      0.5406903    
        6180  0.8750000      0.8130000       1.459396      0.4323473      0.5146923    
        6200  0.9375000      0.8874375       1.648053      0.4276125      0.5581065    
        6220  0.8750000      0.7495000       1.502726      0.4292876      0.5250694    
        6240   1.000000      0.8935625       1.782607      0.4249277      0.5064280    
        6260  0.8750000      0.7558125       1.488179      0.4406086      0.5218522    
        6280  0.9375000      0.8940625       1.633637      0.4337144      0.5263905    
        6300  0.8750000      0.7776250       1.449440      0.4495900      0.5395509    
        6320  0.9375000      0.8575625       1.622053      0.4381061      0.5629553    
        6340  0.8750000      0.7998125       1.526977      0.4400508      0.5510059    
        6360  0.9375000      0.8821250       1.739913      0.4322486      0.5581055    
        6380  0.8750000      0.7637500       1.427507      0.4477928      0.5722222    
        6400  0.9375000      0.8890000       1.692697      0.4488849      0.5341395    
        6420  0.8750000      0.7579375       1.586849      0.4508668      0.5509273    
        6440  0.9375000      0.8875625       1.640191      0.4486998      0.5330178    
        6460  0.8750000      0.8050625       1.545736      0.4462951      0.5266300    
        6480   1.000000      0.8890625       1.601577      0.4459254      0.5583334    
        6500  0.8750000      0.7543125       1.504245      0.4435805      0.5624348    
        6520  0.9375000      0.8634375       1.746045      0.4284004      0.5218523    
        6540  0.8750000      0.7570625       1.361596      0.4338244      0.5234131    
        6560  0.9375000      0.8788750       1.805354      0.4457066      0.5493164    
        6580  0.8750000      0.8044375       1.566078      0.4497805      0.5541782    
        6600  0.8750000      0.8263125       1.431285      0.4575597      0.5850179    
        6620  0.8750000      0.8166875       1.438696      0.4589187      0.5376670    
        6640  0.9375000      0.8133750       1.453858      0.4609300      0.5784780    
        6660  0.8750000      0.8151250       1.435290      0.4501749      0.5595271    
        6680  0.9375000      0.8835625       1.727120      0.4377930      0.5234375    
        6700  0.8750000      0.7586875       1.539326      0.4339632      0.5429586    
        6720  0.9375000      0.8701250       1.611945      0.4361647      0.5643645    
        6740  0.8750000      0.8134375       1.153824      0.4359998      0.5416666    
        6760  0.9375000      0.8443750       1.462406      0.4636458      0.5719382    
        6780  0.8750000      0.8128750       1.435634      0.4610555      0.5467456    
        6800  0.9375000      0.8960000       1.649384      0.4421751      0.5339645    
        6820   1.000000      0.7734375       1.260971      0.4383836      0.5533727    
        6840  0.9375000      0.8228750       1.414941      0.4403295      0.5527841    
        6860  0.8750000      0.8145000       1.241489      0.4244209      0.5440771    
        6880  0.9375000      0.8274375       1.316882      0.4358356      0.5372223    
        6900  0.8750000      0.7899375       1.230212      0.4349221      0.5358126    
        6920   1.000000      0.8638125       1.536360      0.4332586      0.5416232    
        6940  0.8750000      0.8003125       1.381797      0.4300911      0.5244536    
        6960   1.000000      0.8373750       1.386699      0.4444155      0.5600000    
        6980  0.8750000      0.7895000      0.9732693      0.4478106      0.5385016    
        7000   1.000000      0.8508125       1.328661      0.4497398      0.5489074    
        7020  0.8750000      0.8105000       1.064468      0.4513372      0.5841796    
        7040   1.000000      0.8923750       1.288456      0.4821479      0.5816858    
        7060  0.8750000      0.7826875      0.9879081      0.4701307      0.5677779    
        7080   1.000000      0.8671875       1.265076      0.4883265      0.5928514    
        7100  0.8750000      0.7858125      0.9119906      0.4689393      0.5694060    
        7120   1.000000      0.8711250       1.216836      0.4767848      0.5695600    
        7140  0.8750000      0.7775000       1.112419      0.4682813      0.5600476    
        7160   1.000000      0.8516875       1.297166      0.4637274      0.5663895    
        7180  0.8750000      0.7798125       1.357024      0.4439844      0.5544446    
        7200   1.000000      0.8558125       1.326796      0.4554640      0.5477450    
        7220  0.8750000      0.7898750       1.294275      0.4347689      0.5515543    
        7240   1.000000      0.8316250       1.345144      0.4430116      0.5561913    
        7260  0.9375000      0.8021875       1.397534      0.4610200      0.5558075    
        7280  0.8750000      0.8216875       1.353348      0.4581807      0.5665973    
        7300  0.8750000      0.7888750       1.639041      0.4841092      0.5927778    
        7320   1.000000      0.8215000       1.380734      0.4542466      0.6154336    
        7340   1.000000      0.7954375       1.387720      0.4613357      0.5659180    
        7360  0.9375000      0.8165000       1.386429      0.4557304      0.5874023    
        7380  0.8750000      0.7927500       1.448674      0.4407042      0.5462242    
        7400  0.8750000      0.8220000       1.373689      0.4548013      0.5728238    
        7420  0.8750000      0.8028125       1.360352      0.4472035      0.5395001    
        7440   1.000000      0.8348125       1.401323      0.4523060      0.5573192    
        7460  0.8750000      0.7880000       1.090178      0.4492456      0.5463867    
        7480  0.9375000      0.8150000       1.389408      0.4606019      0.5827264    
        7500  0.8750000      0.7901875       1.357451      0.4171641      0.5183432    
        7520   1.000000      0.8897500       1.521240      0.4203463      0.5160034    
        7540  0.8750000      0.8035000       1.250698      0.4196660      0.5004883    
        7560   1.000000      0.9456875       1.931830      0.4191214      0.5013018    
        7580  0.8750000      0.7781250       1.730581      0.4546818      0.5770030    
        7600   1.000000      0.8582500       1.730273      0.4390296      0.5661539    
        7620  0.8750000      0.7941250       1.204772      0.4325358      0.5682274    
        7640   1.000000      0.8293125       1.589845      0.4413232      0.5708007    
        7660  0.8750000      0.7989375       1.356642      0.4037308      0.4899409    
        7680   1.000000      0.9364375       1.465371      0.4271431      0.5036731    
        7700  0.8750000      0.7851875       1.329712      0.4312373      0.5401773    
        7720   1.000000      0.9264375       1.391188      0.4466629      0.5406904    
        7740  0.8750000      0.8060000       1.369332      0.4242316      0.5296046    
        7760   1.000000      0.9102500       1.442518      0.4320796      0.5453331    
        7780  0.8750000      0.8122500       1.264553      0.4367647      0.5417898    
        7800   1.000000      0.8175000       1.377723      0.4440091      0.5615244    
        7820  0.8750000      0.7773750       1.304844      0.4250570      0.5220458    
        7840   1.000000      0.9128750       1.213029      0.4865783      0.5955389    
        7860   1.000000      0.8248750       1.281668      0.4597751      0.5606021    
        7880   1.000000      0.9286250       1.326457      0.4594013      0.5751143    
        7900   1.000000      0.9096250       1.304778      0.4712289      0.5533728    
        7920   1.000000      0.9334375       1.275395      0.4796026      0.5765680    
        7940   1.000000      0.8406875       1.109948      0.4657784      0.5606019    
        7960   1.000000      0.9241250       1.184284      0.4756373      0.5659293    
        7980   1.000000      0.8010625       1.100619      0.4673009      0.5642092    
        8000   1.000000      0.9320000       1.201778      0.4766377      0.5691987    
        8020   1.000000      0.8140625       1.327675      0.4465730      0.5656566    
        8040   1.000000      0.9290000       1.345238      0.4713550      0.5557397    
        8060   1.000000      0.8155000       1.146140      0.4574934      0.5440772    
        8080   1.000000      0.9330000       1.317556      0.4600258      0.5608741    
        8100   1.000000      0.8305000       1.432647      0.4491909      0.5391716    
        8120   1.000000      0.8966875       1.330769      0.4751406      0.5681581    
        8140   1.000000      0.8058750       1.336535      0.4550932      0.5509886    
        8160   1.000000      0.9328125       1.243283      0.4705577      0.5717774    
        8180   1.000000      0.9273750       1.198677      0.4452241      0.5229239    
        8200   1.000000      0.9354375       1.311851      0.4583711      0.5839844    
        8220   1.000000      0.8410000       1.334443      0.4616046      0.5499479    
        8240   1.000000      0.9238125       1.315739      0.4815690      0.5694675    
        8260  0.8750000      0.8037500      0.9728998      0.4440562      0.5260771    
        8280   1.000000      0.8953750       1.353427      0.4799226      0.5888671    
        8300  0.8750000      0.8082500       1.445742      0.4634658      0.5457295    
        8320   1.000000      0.8691250       1.545223      0.4492759      0.5665973    
        8340  0.8750000      0.8089375       1.533960      0.4612382      0.5448521    
        8360  0.8750000      0.8227500       1.511501      0.4636741      0.5831766    
        8380   1.000000      0.8201875       1.443524      0.4749298      0.5708143    
        8400   1.000000      0.9213125       1.206740      0.5330325      0.6094182    
        8420   1.000000      0.8461875       1.230537      0.4889359      0.5993757    
        8440   1.000000      0.9256250       1.283611      0.4898287      0.6063712    
        8460  0.8750000      0.8077500       1.397647      0.4689153      0.5429586    
        8480   1.000000      0.9280000       1.413654      0.4882416      0.5987638    
        8500   1.000000      0.8136250       1.343819      0.4428285      0.5364204    
        8520   1.000000      0.9363750       1.405794      0.4619964      0.5561524    
        8540   1.000000      0.8068750       1.376872      0.4526652      0.5637870    
        8560   1.000000      0.9275000       1.303580      0.4788349      0.5675741    
        8580   1.000000      0.9153125       1.386362      0.4494032      0.5234375    
        8600   1.000000      0.9242500       1.272959      0.4652390      0.5453331    
        8620   1.000000      0.8166250       1.408155      0.4372088      0.5255190    
        8640   1.000000      0.8965625       1.602731      0.4341001      0.5476923    
        8660  0.8750000      0.7550000       1.516242      0.4408302      0.5499480    
        8680   1.000000      0.8945000       1.633488      0.4375927      0.5321395    
        8700  0.8750000      0.7433125       1.556292      0.4358085      0.5353398    
        8720  0.8750000      0.8290000       1.498169      0.4477634      0.5717773    
        8740   1.000000      0.7985000       1.362137      0.4632799      0.5520021    
        8760  0.9375000      0.8229375       1.454646      0.4497222      0.5541992    
        8780  0.8750000      0.8119375       1.404285      0.4375797      0.5424854    
        8800   1.000000      0.9388750       1.286160      0.4722252      0.5528994    
        8820  0.8750000      0.8000625       1.147224      0.4495617      0.5376494    
        8840   1.000000      0.8946875       1.591423      0.4692342      0.5442247    
        8860   1.000000      0.8026250       1.489063      0.4665715      0.5677766    
        8880   1.000000      0.8941875       1.625287      0.4572017      0.5685207    
        8900   1.000000      0.7369375       1.515504      0.4480909      0.5600001    
        8920  0.9375000      0.8887500       1.617533      0.4445782      0.5145912    
        8940   1.000000      0.8181250       1.706679      0.4490166      0.5327149    
        8960   1.000000      0.8343750       1.409753      0.4591964      0.5581054    
        8980   1.000000      0.8441250      0.9518678      0.4444320      0.5316666    
        9000   1.000000      0.9185000       1.375348      0.4697658      0.5405273    
        9020  0.8750000      0.7899375       1.068986      0.4728003      0.5647803    
        9040   1.000000      0.8726250       1.526251      0.4617910      0.5613943    
        9060  0.8750000      0.7788125       1.413187      0.4395671      0.5331899    
        9080   1.000000      0.8626250       1.592207      0.4159718      0.5341796    
        9100  0.8750000      0.7970000       1.159439      0.4433249      0.5348595    
        9120   1.000000      0.9130625       1.535068      0.4415186      0.5315775    
        9140  0.8750000      0.8113750       1.377643      0.4238212      0.5265349    
        9160   1.000000      0.9209375       1.480914      0.4359553      0.5195263    
        9180  0.8750000      0.7961250       1.216885      0.4260107      0.5270849    
        9200   1.000000      0.9311875       1.449890      0.4246658      0.5368048    
        9220   1.000000      0.7898125      0.9563274      0.4382152      0.5367806    
        9240  0.8750000      0.8232500       1.449573      0.4354329      0.5583270    
        9260  0.8750000      0.7628125       1.401093      0.4253283      0.5229569    
        9280  0.9375000      0.8282500       1.273650      0.4471654      0.5593132    
        9300  0.8750000      0.7746875       1.373213      0.4326395      0.5520292    
        9320  0.8750000      0.8218750       1.386945      0.4478948      0.5738888    
        9340  0.8750000      0.7540000       1.345059      0.4450125      0.5353798    
        9360  0.8750000      0.8156875       1.297172      0.4596064      0.5633609    
        9380  0.8750000      0.7707500       1.253236      0.4734043      0.5869388    
        9400   1.000000      0.8346875       1.391621      0.4634442      0.5681268    
        9420  0.8750000      0.7759375       1.303896      0.4393775      0.5250000    
        9440   1.000000      0.8877500       1.698705      0.4448381      0.5297850    
        9460  0.8750000      0.7673125       1.315644      0.4297025      0.5472222    
        9480  0.8750000      0.8161250       1.413194      0.4145954      0.5197712    
        9500  0.8750000      0.7545625       1.531220      0.4297707      0.5036686    
        9520   1.000000      0.8142500       1.342084      0.4470446      0.5603537    
        9540  0.8750000      0.7938125       1.315588      0.4320255      0.5730995    
        9560  0.8750000      0.8175625       1.413821      0.4318498      0.5449829    
        9580  0.8750000      0.8073125       1.274975      0.4257412      0.5385674    
        9600  0.8750000      0.8196250       1.333448      0.4425769      0.5779947    
        9620  0.8750000      0.7846250       1.156738      0.4471763      0.5499407    
        9640   1.000000      0.8321250       1.443136      0.4444720      0.5552271    
        9660  0.8750000      0.8068125       1.185256      0.4321226      0.5573111    
        9680  0.9375000      0.8323750       1.400157      0.4349385      0.5457987    
        9700  0.8750000      0.7865000      0.9352564      0.4249159      0.5136455    
        9720  0.9375000      0.8836250       1.658891      0.4143020      0.4885783    
        9740  0.8750000      0.7558125       1.547390      0.4366141      0.5775148    
        9760  0.9375000      0.8480000       1.478362      0.4295354      0.5301769    
        9780  0.8750000      0.7972500       1.184540      0.4465269      0.5678711    
        9800  0.8750000      0.8206250       1.438549      0.4441969      0.5395508    
        9820   1.000000      0.8090000       1.420420      0.4337439      0.5234374    
        9840  0.9375000      0.8805000       1.870270      0.4346605      0.5234131    
        9860   1.000000      0.8129375       1.387800      0.4409962      0.5166493    
        9880  0.9375000      0.8767500       1.588684      0.4436622      0.5584602    
        9900  0.9375000      0.8133125       1.304556      0.4157250      0.5151367    
        9920  0.9375000      0.8828750       1.701748      0.4415488      0.5312213    
        9940  0.8750000      0.7566875       1.500676      0.4462067      0.5489073    
        9960  0.9375000      0.8876875       1.737228      0.4184603      0.5044528    
        9980  0.9375000      0.8146875       1.453567      0.4250099      0.4963580    
       10000  0.9375000      0.8776875       1.743052      0.4188356      0.5181402    
       10020   1.000000      0.8044375       1.314631      0.4394961      0.5670339    
       10040  0.9375000      0.8880000       1.725292      0.4466913      0.5297852    
       10060  0.8750000      0.7978750       1.516135      0.4551325      0.5263672    
       10080  0.9375000      0.8883750       1.655541      0.4155811      0.5031953    
       10100  0.8750000      0.8001875       1.330151      0.4208077      0.5096903    
       10120  0.9375000      0.8906250       1.804632      0.4186234      0.5062435    
       10140   1.000000      0.7966875       1.159194      0.4252451      0.5154951    
       10160   1.000000      0.8296250       1.510483      0.4375581      0.5493163    
       10180   1.000000      0.8149375       1.019041      0.4492424      0.5679013    
       10200  0.8750000      0.8290625       1.359502      0.4463938      0.5699168    
       10220   1.000000      0.9084375      0.8826306      0.4753745      0.5676379    
       10240  0.9375000      0.8345625       1.406527      0.4551448      0.5665143    
       10260  0.8750000      0.7964375      0.9788659      0.4384435      0.5316668    
       10280  0.8750000      0.8322500       1.395017      0.4300321      0.5521401    
       10300   1.000000      0.8078750       1.464500      0.4424905      0.5200195    
       10320   1.000000      0.8617500       1.390724      0.4477432      0.5564739    
       10340  0.8750000      0.8031250       1.414900      0.4226575      0.5208116    
       10360  0.8750000      0.8116250       1.363948      0.4503852      0.5551508    
       10380   1.000000      0.8144375       1.458276      0.4544529      0.5594444    
       10400   1.000000      0.8390625       1.457935      0.4533895      0.5615244    
       10420  0.8750000      0.8059375       1.319216      0.4227012      0.5520290    
       10440  0.8750000      0.8236875       1.384328      0.4481221      0.5571597    
       10460  0.8750000      0.7960000       1.361640      0.4262688      0.5395421    
       10480  0.8750000      0.8208125       1.361918      0.4390346      0.5541993    
       10500  0.8750000      0.8006875       1.470406      0.4506572      0.5766601    
       10520   1.000000      0.8813125       1.419371      0.4494205      0.5422019    
       10540  0.8750000      0.7895625      0.9536564      0.4658596      0.5603539    
       10560   1.000000      0.8393125       1.432382      0.4536276      0.6050988    
       10580  0.8750000      0.8023125       1.323683      0.4237294      0.5234376    
       10600   1.000000      0.8256250       1.409215      0.4266855      0.5257117    
       10620  0.8750000      0.7956875       1.268317      0.4170829      0.5416983    
       10640  0.8750000      0.8252500       1.362838      0.4478178      0.5779793    
       10660   1.000000      0.7820000       1.343280      0.4554861      0.5632894    
       10680  0.8750000      0.8195000       1.405796      0.4777599      0.6162109    
       10700  0.8750000      0.7990000       1.019073      0.4793699      0.6082138    
       10720  0.8750000      0.8150625       1.319417      0.4370053      0.5472412    
       10740  0.8750000      0.7683750       1.224297      0.4519496      0.5590532    
       10760  0.8750000      0.8138750       1.353260      0.4599195      0.5606021    
       10780   1.000000      0.7945000       1.247126      0.4365057      0.5884494    
       10800  0.8750000      0.8241250       1.383084      0.4450377      0.5530697    
       10820  0.8750000      0.8036875       1.382118      0.4473554      0.5395421    
       10840  0.9375000      0.8306250       1.475111      0.4519888      0.5645161    
       10860   1.000000      0.8058750       1.271418      0.4457920      0.5404739    
       10880  0.9375000      0.8402500       1.500244      0.4572484      0.5615243    
       10900  0.8750000      0.7861250       1.331475      0.4453205      0.5509886    
       10920   1.000000      0.8657500       1.463585      0.4608508      0.5475437    
       10940   1.000000      0.8053125       1.171704      0.4614778      0.5718002    
       10960   1.000000      0.8520000       1.532312      0.4601526      0.5685208    
       10980  0.8750000      0.7875625       1.222249      0.4459205      0.5772642    
       11000   1.000000      0.8828125       1.592697      0.4509109      0.5405273    
       11020  0.8750000      0.7861250       1.497512      0.4218815      0.5145681    
       11040   1.000000      0.8336875       1.545952      0.4496955      0.5783334    
       11060  0.8750000      0.7943125       1.053838      0.4593932      0.5589895    
       11080  0.8750000      0.8235625       1.501423      0.4439560      0.5528995    
       11100  0.8750000      0.7957500      0.9356233      0.4379930      0.5283524    
       11120  0.8750000      0.8168750       1.446030      0.4599905      0.5825196    
       11140  0.8750000      0.7941875       1.259605      0.4278727      0.5228383    
       11160  0.8750000      0.8099375       1.352063      0.4509865      0.5509884    
       11180  0.8750000      0.8044375       1.254890      0.4393530      0.5546305    
       11200  0.8750000      0.8106875       1.449772      0.4497073      0.5740395    
       11220  0.8750000      0.7966250       1.451642      0.4364038      0.5280957    
       11240  0.8750000      0.8191875       1.416344      0.4371334      0.5838889    
       11260   1.000000      0.7880625       1.264832      0.4236298      0.5165030    
       11280   1.000000      0.8185625       1.478430      0.4475937      0.5596093    
       11300  0.8750000      0.7789375       1.633370      0.4355156      0.5477502    
       11320  0.8750000      0.8208125       1.693336      0.4317155      0.5442178    
       11340  0.8750000      0.8031250       1.369915      0.4442583      0.5278320    
       11360  0.8750000      0.8322500       1.427784      0.4559428      0.5502646    
       11380  0.8750000      0.8073125       1.435748      0.4364627      0.5532881    
       11400   1.000000      0.8643750       1.463651      0.4430276      0.5647337    
       11420  0.8750000      0.8093125       1.248204      0.4351263      0.5455522    
       11440   1.000000      0.8917500       1.523605      0.4255233      0.5385650    
       11460  0.8750000      0.8071875       1.181668      0.4390660      0.5361552    
       11480   1.000000      0.8633125       1.399327      0.4324956      0.5355555    
       11500  0.8750000      0.8033750       1.335261      0.4252890      0.5302736    
       11520   1.000000      0.9343125       1.483174      0.4171860      0.5086504    
       11540   1.000000      0.8043125       1.211758      0.4204917      0.5159764    
       11560   1.000000      0.8348750       1.500834      0.4248017      0.5530699    
       11580  0.8750000      0.8173750       1.437768      0.4226021      0.5415040    
       11600   1.000000      0.8767500       1.620064      0.4247357      0.5275483    
       11620  0.8750000      0.7492500       1.404838      0.4286006      0.5145682    
       11640   1.000000      0.9397500       1.396841      0.4801973      0.5751952    
       11660  0.8750000      0.7909375       1.187328      0.4296239      0.5396825    
       11680   1.000000      0.8228750       1.382126      0.4488707      0.5756967    
       11700  0.8750000      0.8002500       1.475639      0.4310616      0.5398335    
       11720  0.8750000      0.8259375       1.407011      0.4383515      0.5424852    
       11740  0.8750000      0.7558125       1.370939      0.4257405      0.5176898    
       11760  0.8750000      0.8197500       1.372494      0.4293824      0.5364149    
       11780  0.8750000      0.8040000       1.536256      0.4186993      0.5249023    
       11800   1.000000      0.8839375       1.671856      0.4405637      0.5251277    
       11820  0.8750000      0.7941875       1.451366      0.4614451      0.5458985    
       11840  0.9375000      0.8893125       1.895164      0.4386784      0.5375977    
       11860  0.8750000      0.8072500       1.514794      0.4262063      0.5458982    
       11880   1.000000      0.8959375       1.593465      0.4559501      0.5655566    
       11900  0.8750000      0.7935000       1.360624      0.4449508      0.5522462    
       11920   1.000000      0.9219375       1.409651      0.4631715      0.5665142    
       11940  0.8750000      0.7873750       1.468804      0.4327537      0.5113473    
       11960   1.000000      0.9345625       1.514093      0.4643348      0.5550000    
       11980  0.8750000      0.7944375       1.487508      0.4455274      0.5423207    
       12000   1.000000      0.8478750       1.461241      0.4459737      0.5561111    
       12020  0.8750000      0.7943750       1.497737      0.4387341      0.5665972    
       12040   1.000000      0.8288125       1.473891      0.4436446      0.5307618    
       12060  0.8750000      0.7955000      0.9972531      0.4417292      0.5492567    
       12080   1.000000      0.8473125       1.559064      0.4523217      0.5412523    
       12100  0.8750000      0.8005625       1.392777      0.4441354      0.5563115    
       12120   1.000000      0.9111875       1.646124      0.4492235      0.5298440    
       12140  0.8750000      0.8008125       1.110680      0.4463558      0.5391715    
       12160   1.000000      0.9131250       1.636890      0.4589544      0.5651974    
       12180  0.8750000      0.8067500       1.437732      0.4486655      0.5679013    
       12200   1.000000      0.8698125       1.645562      0.4497795      0.5610352    
       12220  0.8750000      0.8025000      0.8992344      0.4448577      0.5874023    
       12240   1.000000      0.8347500       1.445563      0.4242505      0.5263671    
       12260  0.8750000      0.7944375       1.325807      0.4361171      0.5422406    
       12280   1.000000      0.9397500       1.683463      0.4362736      0.5255190    
       12300  0.8750000      0.7965625       1.266030      0.4201619      0.5097655    
       12320   1.000000      0.9359375       1.836789      0.4557441      0.5576331    
       12340  0.8750000      0.7941250       1.163569      0.4539227      0.5504682    
       12360   1.000000      0.8618125       1.594773      0.4404668      0.5709246    
       12380  0.8750000      0.8106875      0.9280373      0.4718502      0.5681269    
       12400   1.000000      0.8571250       1.450606      0.4529732      0.5312213    
       12420  0.8750000      0.8050000       1.307899      0.4364206      0.5322580    
       12440   1.000000      0.8478750       1.388847      0.4563982      0.5546896    
       12460  0.8750000      0.7966875       1.245049      0.4515048      0.5817751    
       12480   1.000000      0.8219375       1.463483      0.4571383      0.5615235    
       12500  0.8750000      0.8070000       1.408442      0.4531927      0.5606419    
       12520   1.000000      0.8190000       1.365208      0.4501724      0.5381709    
       12540  0.9375000      0.7981875       1.403514      0.4442584      0.5655567    
       12560   1.000000      0.9006250       1.763232      0.4454897      0.5428202    
       12580  0.9375000      0.8095625       1.143302      0.4389875      0.5761891    
       12600  0.9375000      0.8292500       1.544724      0.4384035      0.5909090    
       12620  0.8750000      0.7890000       1.314704      0.4369428      0.5316805    
       12640  0.8750000      0.8228750       1.308906      0.4572097      0.5665973    
       12660  0.8750000      0.7823750       1.200897      0.4513036      0.5461110    
       12680  0.8750000      0.8146875       1.356329      0.4489346      0.5854492    
       12700  0.8750000      0.8010000       1.062284      0.4417031      0.5431842    
       12720  0.8750000      0.8184375       1.314818      0.4546413      0.5756836    
       12740  0.8750000      0.8055625      0.9013795      0.4647441      0.5643645    
       12760   1.000000      0.8264375       1.331506      0.4643829      0.5770415    
       12780  0.8750000      0.8046250      0.9644919      0.4506838      0.5738890    
       12800   1.000000      0.8267500       1.411198      0.4708717      0.5737216    
       12820  0.8750000      0.7821875       1.305176      0.4512837      0.5392390    
       12840  0.9375000      0.8316250       1.497811      0.4456262      0.5640138    
       12860  0.8750000      0.7853125       1.349929      0.4440957      0.5505050    
       12880  0.8750000      0.8161250       1.341884      0.4418753      0.5541993    
       12900   1.000000      0.7921875       1.145151      0.4361247      0.5535078    
       12920  0.9375000      0.8284375       1.410810      0.4439966      0.5429474    
       12940  0.8750000      0.7807500       1.308840      0.4430012      0.5343292    
       12960  0.9375000      0.8349375       1.443512      0.4370826      0.5415039    
       12980  0.8750000      0.8209375       1.469319      0.4355260      0.5146922    
       13000  0.8750000      0.8227500       1.393657      0.4413159      0.5334911    
       13020  0.8750000      0.8080000       1.457045      0.4444727      0.5556713    
       13040   1.000000      0.9100625       1.297417      0.4880073      0.5786132    
       13060   1.000000      0.8124375       1.235139      0.4570443      0.5400624    
       13080   1.000000      0.9218125       1.270780      0.4736390      0.5837140    
       13100   1.000000      0.8463750       1.239804      0.4597475      0.5486391    
       13120   1.000000      0.8942500       1.440561      0.4732254      0.5932617    
       13140   1.000000      0.9140000       1.252685      0.4799508      0.5558074    
       13160   1.000000      0.9221250       1.255343      0.4848018      0.5850340    
       13180   1.000000      0.9166250       1.138292      0.4610914      0.5491276    
       13200   1.000000      0.9282500       1.184212      0.4710454      0.5946929    
       13220   1.000000      0.8097500       1.352084      0.4471732      0.5578513    
       13240   1.000000      0.9370000       1.422035      0.4799185      0.5520160    
       13260   1.000000      0.7980000       1.201331      0.4505213      0.5457786    
       13280   1.000000      0.9152500       1.427273      0.4724083      0.5747070    
       13300   1.000000      0.8360625       1.237111      0.4646996      0.5676378    
       13320   1.000000      0.9192500       1.294798      0.4755837      0.5670339    
       13340   1.000000      0.8123125       1.331484      0.4511508      0.5346402    
       13360   1.000000      0.9396875       1.429610      0.4530209      0.5437045    
       13380   1.000000      0.8756875       1.218946      0.4500156      0.5336915    
       13400   1.000000      0.9265625       1.238875      0.4686750      0.5532892    
       13420   1.000000      0.8608125       1.170682      0.4531789      0.5306972    
       13440   1.000000      0.9213125       1.226443      0.4729541      0.5502929    
       13460   1.000000      0.8335625       1.311953      0.4610823      0.5405918    
       13480   1.000000      0.9355000       1.249629      0.4751398      0.5618544    
       13500   1.000000      0.8585625       1.276796      0.4491927      0.5399866    
       13520   1.000000      0.9178750       1.430871      0.4642538      0.5610352    
       13540   1.000000      0.8145000       1.325531      0.4466458      0.5339645    
       13560   1.000000      0.9374375       1.387992      0.4633821      0.5717775    
       13580   1.000000      0.9327500       1.226766      0.4707921      0.5624350    
       13600   1.000000      0.9363750       1.323168      0.4833710      0.5930052    
       13620   1.000000      0.8235625       1.399920      0.4567549      0.5623669    
       13640   1.000000      0.9365625       1.266153      0.4737385      0.5590532    
       13800   1.000000      0.9493125       1.650728      0.4300164      0.5436853    
       14000   1.000000      0.9494375       1.822458      0.4274921      0.5327148    
       14200   1.000000      0.9540000       1.775650      0.4182345      0.5138890    
       14400   1.000000      0.9414375       1.618737      0.4376963      0.5530771    
       14600   1.000000      0.9269375       1.465684      0.4436095      0.5529337    
       14800   1.000000      0.9365625       1.478895      0.4392470      0.5216892    
       15000   1.000000      0.9128125       1.383098      0.4558382      0.5894856    
       15200   1.000000      0.9107500       1.322532      0.4582398      0.5593387    
       15400   1.000000      0.8965000       1.186020      0.4689897      0.5706372    
       15600   1.000000      0.9118125       1.135867      0.4721762      0.6082045    
       15800   1.000000      0.9001875       1.154498      0.4748561      0.6030617    
       16000   1.000000      0.8926250       1.148977      0.4676217      0.6083677    
       16200   1.000000      0.9078750       1.143192      0.4743093      0.6088027    
       16400   1.000000      0.9037500       1.153088      0.4739026      0.5878732    
       16600   1.000000      0.9095000       1.137092      0.4784430      0.6300826    
       16800   1.000000      0.8996250       1.154765      0.4775280      0.5868014    
       17000   1.000000      0.9042500       1.146540      0.4693405      0.5866421    
       17200   1.000000      0.9002500       1.146006      0.4764364      0.6069559    
       17400   1.000000      0.9110000       1.157611      0.4688985      0.5777778    
       17600   1.000000      0.9002500       1.184536      0.4697892      0.5831404    
       17800   1.000000      0.9156250       1.149766      0.4694482      0.6173015    
       18000   1.000000      0.8931250       1.145066      0.4731297      0.6075715    
       18200   1.000000      0.9039375       1.133286      0.4765931      0.5671819    
       18400   1.000000      0.9168750       1.147009      0.4787607      0.6005384    
       18600   1.000000      0.9094375       1.146480      0.4759646      0.5897521    
       18800   1.000000      0.8888750       1.137362      0.4692855      0.5841837    
       19000   1.000000      0.9067500       1.146813      0.4658400      0.6109693    
       19200   1.000000      0.9071875       1.158449      0.4744480      0.5725327    
       19400   1.000000      0.9018125       1.146733      0.4775198      0.5823046    
       19600   1.000000      0.8853125       1.144350      0.4753314      0.5860969    
       19800   1.000000      0.9039375       1.135575      0.4728271      0.5903355    
       20000   1.000000      0.9027500       1.155096      0.4709279      0.5994897    
       20200   1.000000      0.9198750       1.144192      0.4744427      0.6117970    
       20400   1.000000      0.8825625       1.136943      0.4708742      0.5737217    
       20600   1.000000      0.9040625       1.168748      0.4707915      0.5772889    
       20800   1.000000      0.9023750       1.140743      0.4716021      0.5797186    
       21000   1.000000      0.8900625       1.162498      0.4698496      0.5797193    
       21200   1.000000      0.8939375       1.147050      0.4703001      0.5792551    
       21400   1.000000      0.8952500       1.155686      0.4777029      0.5909764    
       21600   1.000000      0.9036250       1.143320      0.4822343      0.5996694    
       21800   1.000000      0.8947500       1.163226      0.4761257      0.5837402    
       22000   1.000000      0.8994375       1.144506      0.4704731      0.5977225    
       22200   1.000000      0.8908125       1.151715      0.4663355      0.5975765    
       22400   1.000000      0.9090000       1.141032      0.4751007      0.5963010    
       22600   1.000000      0.9053125       1.194931      0.4678867      0.5923816    
       22800   1.000000      0.8958750       1.136207      0.4685920      0.5692561    
       23000   1.000000      0.9066250       1.132282      0.4683219      0.5679339    
       23200   1.000000      0.9025625       1.133937      0.4756021      0.5856124    
       23400   1.000000      0.9013125       1.133891      0.4702467      0.6069420    
       23600   1.000000      0.9085000       1.147471      0.4712333      0.5700216    
       23800   1.000000      0.9064375       1.165777      0.4736920      0.5838016    
       24000   1.000000      0.9068125       1.153770      0.4746406      0.5857339    
       24200   1.000000      0.9110625       1.141606      0.4720666      0.5737152    
       24400   1.000000      0.9022500       1.150808      0.4698739      0.5765306    
       24600   1.000000      0.9016875       1.137321      0.4710824      0.5865384    
       24800   1.000000      0.8892500       1.139433      0.4728452      0.5675592    
       25000   1.000000      0.8996875       1.153653      0.4702837      0.5835642    
       25200   1.000000      0.9077500       1.143576      0.4712521      0.5762712    
       25400   1.000000      0.8924375       1.135453      0.4753525      0.5771902    
       25600   1.000000      0.8876875       1.134841      0.4770846      0.6145405    
       25800   1.000000      0.8933750       1.167532      0.4689409      0.5988520    
       26000   1.000000      0.8861875       1.143202      0.4721243      0.5639018    
       26200   1.000000      0.9141875       1.147309      0.4748912      0.5731273    
       26400   1.000000      0.9079375       1.147400      0.4780374      0.5760998    
       26600   1.000000      0.8900625       1.136571      0.4714022      0.5755618    
       26800   1.000000      0.9155625       1.144033      0.4685823      0.5780240    
       27000   1.000000      0.8976250       1.146601      0.4672555      0.5624820    
       27200   1.000000      0.8985625       1.141418      0.4717326      0.5851240    
       27400   1.000000      0.8969375       1.130264      0.4701809      0.5713437    
       27600   1.000000      0.9055625       1.158175      0.4732652      0.6051975    
       27800   1.000000      0.8843750       1.148081      0.4695354      0.5679339    
       28000   1.000000      0.9084375       1.139192      0.4738277      0.6004755    
       28200   1.000000      0.9135625       1.135512      0.4704100      0.6003306    
       28400   1.000000      0.8990625       1.144136      0.4751518      0.5910744    
       28600   1.000000      0.8951875       1.140539      0.4759525      0.5939358    
       28800   1.000000      0.8917500       1.162142      0.4747037      0.5761775    
       29000   1.000000      0.8867500       1.142540      0.4773157      0.6029750    
       29200   1.000000      0.8968750       1.144400      0.4750724      0.6105344    
       29400   1.000000      0.8959375       1.147951      0.4688379      0.5613223    
       29600   1.000000      0.9050625       1.149348      0.4690390      0.5731578    
       29800   1.000000      0.9081875       1.164265      0.4706204      0.5797194    
       30000   1.000000      0.9148750       1.138265      0.4728112      0.5988521    
       30200   1.000000      0.8996250       1.148566      0.4706814      0.5800000    
       30400   1.000000      0.9105625       1.141165      0.4755504      0.6406035    
       30600   1.000000      0.9021250       1.162434      0.4703051      0.5987896    
       30800   1.000000      0.9007500       1.161872      0.4721009      0.5768176    
       31000   1.000000      0.9138750       1.154799      0.4714774      0.6062812    
       31200   1.000000      0.8932500       1.157606      0.4773684      0.5996694    
       31400   1.000000      0.8998125       1.145539      0.4730010      0.6323964    
       31600   1.000000      0.8992500       1.155577      0.4707986      0.6008002    
       31800   1.000000      0.9160625       1.165183      0.4698323      0.5799515    
       32000   1.000000      0.9083125       1.161397      0.4729980      0.6137273    
       32200   1.000000      0.8860000       1.132346      0.4740326      0.5975029    
       32400   1.000000      0.9118750       1.140211      0.4716118      0.5758927    
       32600   1.000000      0.9001875       1.143018      0.4721551      0.5774085    
       32800   1.000000      0.9050000       1.153119      0.4744281      0.5841797    
       33000   1.000000      0.9011250       1.133498      0.4655840      0.5638657    
       33200   1.000000      0.9071250       1.137572      0.4738528      0.5745476    
       33400   1.000000      0.8895000       1.144702      0.4671722      0.5707491    
       33600   1.000000      0.9123750       1.139428      0.4781630      0.6280991    
       33800   1.000000      0.8955000       1.175425      0.4697766      0.6035665    
       34000   1.000000      0.9070625       1.137356      0.4717271      0.5835460    
       34200   1.000000      0.8985625       1.137756      0.4804823      0.6358135    
       34400   1.000000      0.8898125       1.135270      0.4750664      0.5900602    
