         200  0.8750000      0.6896875       1.582811      0.4351096      0.5344379    
         400  0.8750000      0.6888125       1.583972      0.4245218      0.5336915    
         600  0.8750000      0.6820000       1.589672      0.4191858      0.5234131    
         800  0.8750000      0.6805000       1.614204      0.4257469      0.5427778    
        1000  0.8750000      0.6991250       1.576508      0.4181822      0.5224609    
        1200  0.8750000      0.6736250       1.577068      0.4210423      0.5307617    
        1400  0.8750000      0.6963750       1.590957      0.4257257      0.5211111    
        1600  0.8750000      0.6951250       1.591030      0.4208648      0.5142688    
        1800  0.8750000      0.7070000       1.627337      0.4200202      0.5240616    
        2000  0.8750000      0.6908125       1.609340      0.4213936      0.5284664    
        2200  0.8750000      0.6874375       1.577929      0.4191674      0.5275888    
        2400  0.9375000      0.7610000       1.811423      0.4049277      0.4946288    
        2600   1.000000      0.7911250       1.954269      0.3891317      0.4586983    
        2620   1.000000      0.7875625       1.955771      0.3901582      0.4752066    
        2640   1.000000      0.8002500       1.973002      0.3901654      0.4822374    
        2660   1.000000      0.7958125       1.970524      0.3882902      0.4515571    
        2680   1.000000      0.7899375       1.963056      0.3867062      0.4672852    
        2700   1.000000      0.7968750       1.982182      0.3853116      0.4683195    
        2720   1.000000      0.7821250       1.963741      0.3857200      0.4648520    
        2740   1.000000      0.7880625       1.981390      0.3872145      0.4718199    
        2760   1.000000      0.7990625       1.992492      0.3858810      0.4653255    
        2780   1.000000      0.7730000       1.950018      0.3876783      0.4733702    
        2800   1.000000      0.7806875       1.963220      0.3875966      0.4595616    
        2820   1.000000      0.7986875       1.988347      0.3885230      0.4618916    
        2840   1.000000      0.7892500       1.975495      0.3853036      0.4629586    
        2860   1.000000      0.7768125       1.954096      0.3883299      0.4623507    
        2880   1.000000      0.8081250       2.005000      0.3842485      0.4502597    
        2900   1.000000      0.8000000       1.978977      0.3859729      0.4686912    
        2920  0.9863672      0.7876273       1.949622      0.3887506      0.4853515    
        2940  0.9863672      0.8111763       1.984793      0.3866076      0.4639054    
        2960  0.9863672      0.7816262       1.954804      0.3879341      0.4762162    
        2980  0.9863672      0.7932569       1.953897      0.3854339      0.4643556    
        3000  0.9863672      0.7936062       1.958001      0.3867781      0.4762160    
        3020  0.9863672      0.7939398       1.961624      0.3861729      0.4588970    
        3040  0.9864444      0.7965121       1.966073      0.3859640      0.4594726    
        3060  0.9864444      0.7834964       1.937584      0.4193668      0.5173965    
        3080  0.9864444      0.7791384       1.934853      0.4188548      0.4941405    
        3100  0.9864444      0.7828923       1.934240      0.4140015      0.4938273    
        3120  0.9864444      0.7951375       1.951005      0.4110359      0.4904142    
        3140  0.9864444      0.7898043       1.949311      0.4139393      0.4897461    
        3160  0.9864444      0.7771554       1.927139      0.4108875      0.5046154    
        3180  0.9864444      0.7844327       1.943771      0.4080925      0.4892578    
        3200  0.9864444      0.7883446       1.944862      0.4099557      0.4867725    
        3220   1.000000      0.7863125       1.938931      0.4132907      0.4912109    
        3240   1.000000      0.8102500       1.967684      0.4112371      0.5019531    
        3260   1.000000      0.7928750       1.945659      0.4099292      0.4902345    
        3280   1.000000      0.7918125       1.942865      0.4091302      0.5114464    
        3300   1.000000      0.8049375       1.959027      0.4107121      0.4880472    
        3320   1.000000      0.8177500       1.969441      0.4103162      0.4853535    
        3340   1.000000      0.8103750       1.964828      0.4077025      0.4802217    
        3360   1.000000      0.8215000       1.983701      0.4084862      0.4858398    
        3380   1.000000      0.7926875       1.942618      0.4086422      0.4827778    
        3400   1.000000      0.7928750       1.944883      0.4087578      0.4790040    
        3420   1.000000      0.8109375       1.962949      0.4129299      0.4814708    
        3440   1.000000      0.7951250       1.947632      0.4106723      0.4852071    
        3460   1.000000      0.7863125       1.931156      0.4081757      0.5170068    
        3480   1.000000      0.8069375       1.964999      0.4099004      0.4848632    
        3500   1.000000      0.8141875       1.969334      0.4096266      0.4852608    
        3520   1.000000      0.7922500       1.939607      0.4101987      0.5009406    
        3540   1.000000      0.8135000       1.972701      0.4080113      0.4975586    
        3560   1.000000      0.7893750       1.931813      0.4110450      0.5011111    
        3580   1.000000      0.7988750       1.952665      0.4098922      0.4926538    
        3600   1.000000      0.7943125       1.951363      0.4115616      0.4928783    
        3620   1.000000      0.8135625       1.962528      0.4111413      0.5106155    
        3640   1.000000      0.8004375       1.950865      0.4130686      0.4972451    
        3660   1.000000      0.8169375       1.969014      0.4123354      0.4904143    
        3680   1.000000      0.8051250       1.955243      0.4133347      0.4790040    
        3700   1.000000      0.7836875       1.928562      0.4098841      0.5151367    
        3720   1.000000      0.8090625       1.963165      0.4092024      0.4892920    
        3740   1.000000      0.7969375       1.941778      0.4114701      0.4862260    
        3760   1.000000      0.7835000       1.928519      0.4084570      0.4818935    
        3780   1.000000      0.7940625       1.943294      0.4098558      0.4761249    
        3800   1.000000      0.8081250       1.957949      0.4103108      0.4827412    
        3820   1.000000      0.7995625       1.957807      0.4079982      0.4722222    
        3840   1.000000      0.8031875       1.951962      0.4095821      0.4887881    
        3860   1.000000      0.8030000       1.960272      0.4091658      0.4972451    
        3880   1.000000      0.8013125       1.954432      0.4080237      0.4889941    
        3900   1.000000      0.8010000       1.959725      0.4096265      0.4899409    
        3920   1.000000      0.7956875       1.951885      0.4126320      0.4904141    
        3940   1.000000      0.7842500       1.928339      0.4109950      0.4995117    
        3960   1.000000      0.7940000       1.943237      0.4095944      0.4960947    
        3980   1.000000      0.7881250       1.939148      0.4093081      0.4866851    
        4000   1.000000      0.8006250       1.952901      0.4090897      0.4931641    
        4020   1.000000      0.7845625       1.934701      0.4119704      0.4926758    
        4040   1.000000      0.8034375       1.957651      0.4128941      0.4956055    
        4060   1.000000      0.7925625       1.941102      0.4143245      0.5224609    
        4080   1.000000      0.7824375       1.929977      0.4131870      0.4960947    
        4100   1.000000      0.7962500       1.946475      0.4113665      0.4928194    
        4120   1.000000      0.7896875       1.933465      0.4090928      0.4995117    
        4140   1.000000      0.7971875       1.946456      0.4096626      0.5036686    
        4160   1.000000      0.8100000       1.967100      0.4110726      0.4887695    
        4180   1.000000      0.8088750       1.963416      0.4098949      0.4880474    
        4200   1.000000      0.7918750       1.942925      0.4112388      0.4782061    
        4220   1.000000      0.7966250       1.952314      0.4101877      0.4916992    
        4240   1.000000      0.7995625       1.948820      0.4101797      0.4975585    
        4260   1.000000      0.8101250       1.961081      0.4128135      0.4954086    
        4280   1.000000      0.7926875       1.944472      0.4138741      0.5017752    
        4300   1.000000      0.8028750       1.953807      0.4114521      0.4913076    
        4320   1.000000      0.8161875       1.973123      0.4093032      0.4917355    
        4340   1.000000      0.7999375       1.947004      0.4125172      0.5283203    
        4360   1.000000      0.8106875       1.958792      0.4082564      0.4837491    
        4380   1.000000      0.7973750       1.943008      0.4060903      0.5074325    
