         200  0.7500000      0.5958125       1.296761      0.4428496      0.5682276    
         400  0.8125000      0.6438125       1.242050      0.4489349      0.5917840    
         600  0.8125000      0.6546875       1.181500      0.4342711      0.5737216    
         800  0.8125000      0.6576250       1.168223      0.4279423      0.5270551    
        1000  0.8125000      0.6414375       1.164589      0.4436729      0.5603566    
        1200  0.8125000      0.6394375       1.175554      0.4342661      0.5957025    
        1400  0.8750000      0.6866875       1.141182      0.4205258      0.5064464    
        1600  0.8750000      0.7066875       1.138949      0.4340556      0.5439398    
        1800  0.8750000      0.7106875       1.128785      0.4431836      0.5595271    
        2000  0.8750000      0.7039375       1.078227      0.4480295      0.5686644    
        2200  0.8750000      0.7102500       1.058627      0.4526606      0.5826396    
        2400  0.8750000      0.6941875       1.119868      0.4462078      0.5836763    
        2600  0.8750000      0.7143125       1.167727      0.4400529      0.5541101    
        2800  0.8750000      0.6970000       1.145605      0.4496256      0.5561112    
        3000  0.8750000      0.7048750       1.121216      0.4509672      0.5718343    
        3200  0.8750000      0.6954375       1.143094      0.4483091      0.5587696    
        3400  0.8750000      0.7034375       1.162509      0.4450871      0.5600000    
        3600  0.8750000      0.6986875       1.134636      0.4414831      0.5823330    
        3800  0.8750000      0.7117500       1.118817      0.4491389      0.5428061    
        4000  0.8750000      0.6959375       1.099057      0.4507094      0.5650364    
        4200  0.8750000      0.7065625       1.138206      0.4491005      0.5694445    
        4400  0.8750000      0.6778750       1.153792      0.4474857      0.5874765    
        4600  0.8750000      0.7191875       1.104357      0.4532128      0.5903687    
        4800  0.8750000      0.7030625       1.128255      0.4460056      0.5558857    
        5000  0.8750000      0.7013750       1.125918      0.4476045      0.5825145    
        5200  0.8750000      0.7025000       1.117645      0.4406074      0.5460898    
        5400  0.8750000      0.6993750       1.142488      0.4469970      0.5517763    
        5600  0.8750000      0.6985625       1.115092      0.4460346      0.5955387    
        5800  0.8750000      0.6921250       1.157917      0.4446121      0.5607880    
        6000  0.8750000      0.7136875       1.151286      0.4442410      0.5717775    
        6200  0.8750000      0.6872500       1.103593      0.4520336      0.5676532    
        6400  0.8750000      0.6986250       1.130230      0.4492273      0.5744016    
        6600  0.8750000      0.6841875       1.116910      0.4458701      0.5520291    
        6800  0.8750000      0.7053750       1.108512      0.4529323      0.5768458    
        7000  0.8750000      0.6995000       1.133669      0.4439676      0.5647802    
        7200  0.8750000      0.6789375       1.131266      0.4440164      0.5527779    
        7400  0.8750000      0.7003750       1.111785      0.4450005      0.5584521    
        7600  0.8750000      0.6951250       1.161132      0.4452949      0.5750000    
        7800  0.8750000      0.6881875       1.142317      0.4513920      0.5871875    
        8000  0.8750000      0.7069375       1.138595      0.4496982      0.5778016    
        8200  0.8750000      0.6945000       1.115903      0.4449875      0.5446711    
        8400  0.8750000      0.7007500       1.108084      0.4503028      0.5593132    
        8600  0.8750000      0.6945625       1.130215      0.4447221      0.5691987    
        8800  0.8750000      0.7067500       1.141491      0.4406916      0.5361552    
        9000  0.8750000      0.7025625       1.119066      0.4484020      0.5738890    
        9200  0.8750000      0.7023750       1.184404      0.4474177      0.5769715    
        9400  0.8750000      0.6883125       1.133852      0.4491740      0.5645162    
        9600  0.8750000      0.6958750       1.127791      0.4497172      0.5589413    
        9800  0.9375000      0.7513750       1.370240      0.4043776      0.5073904    
       10000  0.9375000      0.7536875       1.393220      0.4020098      0.4823101    
       10200  0.9375000      0.7618750       1.392089      0.3962820      0.4932362    
       10400  0.9375000      0.7620000       1.401296      0.4033844      0.4907282    
       10600  0.9375000      0.7691875       1.383126      0.4024700      0.4880408    
       10800  0.9375000      0.7643750       1.377506      0.3966169      0.4832452    
       11000  0.9375000      0.7678750       1.386438      0.3979790      0.4965819    
       11200  0.9375000      0.7654375       1.360281      0.4013301      0.4936523    
       11400  0.9375000      0.7523125       1.406732      0.4056793      0.4987908    
       11600  0.9375000      0.7666250       1.414568      0.4005540      0.5067509    
       11800  0.9375000      0.7473125       1.359931      0.4024485      0.4811112    
       12000  0.9375000      0.7636875       1.372032      0.4009493      0.4751410    
       12200  0.9375000      0.7685625       1.405812      0.4006664      0.5143778    
       12400  0.9375000      0.7561250       1.383925      0.4013565      0.4789035    
       12600  0.9375000      0.7635000       1.414175      0.3992704      0.4895941    
       12800  0.9375000      0.7761250       1.395700      0.4019436      0.5135276    
       13000  0.9375000      0.7516250       1.413884      0.3988729      0.4822374    
       13200  0.9375000      0.7430000       1.364588      0.4015666      0.4892921    
       13400  0.9375000      0.7456250       1.394824      0.4003634      0.4968112    
       13600  0.9375000      0.7503750       1.380687      0.4055934      0.5044092    
       13800  0.9375000      0.7604375       1.419800      0.3999254      0.4834712    
       14000  0.9375000      0.7585000       1.375064      0.4025774      0.4838890    
       14200  0.9375000      0.7484375       1.376910      0.4015853      0.5136719    
       14400  0.9375000      0.7674375       1.437097      0.3998505      0.4960938    
       14600  0.9375000      0.7485625       1.404193      0.3998905      0.5004309    
       14800  0.9375000      0.7588125       1.420859      0.3984655      0.4817334    
       15000  0.9375000      0.7386875       1.410316      0.3990885      0.4998739    
       15200  0.9375000      0.7665625       1.393149      0.3974600      0.5116667    
       15400  0.9375000      0.7476250       1.391315      0.3982978      0.4864283    
       15600   1.000000      0.7823750       1.759505      0.3823895      0.4594727    
       15620   1.000000      0.7943125       1.753950      0.3873605      0.4835640    
       15640   1.000000      0.8114375       1.784896      0.3924242      0.4687501    
       15660   1.000000      0.7988125       1.757569      0.3925812      0.4740662    
       15680   1.000000      0.8049375       1.756360      0.3919447      0.4678102    
       15700   1.000000      0.8097500       1.764449      0.3887729      0.4660239    
       15720   1.000000      0.8008125       1.759698      0.3909733      0.4747930    
       15740   1.000000      0.7989375       1.760741      0.3933485      0.4905556    
       15760   1.000000      0.7913125       1.736172      0.3930394      0.4614258    
       15780   1.000000      0.8042500       1.753706      0.3949668      0.4707031    
       15800   1.000000      0.7790000       1.734611      0.3921278      0.4678605    
       15820   1.000000      0.8087500       1.756871      0.3901682      0.4733700    
       15840   1.000000      0.7940625       1.727107      0.3917327      0.5016667    
       15860   1.000000      0.8132500       1.742940      0.3941101      0.4780273    
       15880   1.000000      0.8312500       1.747423      0.3911637      0.5208114    
       15900   1.000000      0.7912500       1.721177      0.3895777      0.4692383    
       15920  0.9898499      0.7965249       1.527008      0.4189255      0.4938272    
       15940  0.9898499      0.7755405       1.513526      0.4176427      0.4998564    
       15960  0.9898499      0.7798575       1.511805      0.4156770      0.5072222    
       15980  0.9898499      0.7988559       1.524051      0.4162355      0.4923469    
       16000  0.9898499      0.7991020       1.527676      0.4134574      0.5066667    
       16020  0.9898499      0.7806531       1.521500      0.4147937      0.4877909    
       16040  0.9898499      0.7910705       1.526717      0.4138776      0.5027291    
       16060  0.9898499      0.7788267       1.516727      0.4124539      0.4916667    
       16080  0.9898499      0.7927015       1.521762      0.4127862      0.4895941    
       16100  0.9898499      0.7786776       1.519576      0.4129305      0.4869658    
       16120  0.9898499      0.7804396       1.517658      0.4159484      0.4843913    
       16140  0.9898499      0.7807149       1.519618      0.4153476      0.4923154    
       16160  0.9898499      0.7697432       1.510086      0.4169487      0.4897959    
       16180  0.9898499      0.7787995       1.517088      0.4137778      0.5010406    
       16200  0.9898499      0.7788701       1.517787      0.4136924      0.5083234    
       16220   1.000000      0.7908125       1.572845      0.4095680      0.4872764    
       16240   1.000000      0.7826875       1.587961      0.4049633      0.4864725    
       16260   1.000000      0.7975625       1.609058      0.4062492      0.4847569    
       16280   1.000000      0.7968125       1.621503      0.4034047      0.4868164    
       16300   1.000000      0.7956875       1.630098      0.4002333      0.4696397    
       16320   1.000000      0.8108125       1.654695      0.3982233      0.4682617    
       16340   1.000000      0.8136875       1.664624      0.3993952      0.4687499    
       16360   1.000000      0.8003750       1.670246      0.4002857      0.4746788    
       16380   1.000000      0.7949375       1.670639      0.3972306      0.4682618    
       16400   1.000000      0.8156875       1.689070      0.3938611      0.4788797    
       16420   1.000000      0.8085000       1.688600      0.3921545      0.4847569    
       16440   1.000000      0.8113125       1.694363      0.3912129      0.4848159    
       16460   1.000000      0.7959375       1.676446      0.3926248      0.4740660    
       16480   1.000000      0.8140000       1.726423      0.3934647      0.4864284    
       16500   1.000000      0.8011250       1.697951      0.3942944      0.4780273    
       16520   1.000000      0.8181250       1.708734      0.3948395      0.4807491    
       16540   1.000000      0.8016875       1.674214      0.3910512      0.4837491    
       16560   1.000000      0.7856250       1.663003      0.3942634      0.4832035    
       16580   1.000000      0.8182500       1.685203      0.3974419      0.5113472    
       16600   1.000000      0.7938125       1.667950      0.3951312      0.4833507    
       16620   1.000000      0.7841250       1.665812      0.3929425      0.4897959    
       16640   1.000000      0.8033750       1.681625      0.3951224      0.4681657    
       16660   1.000000      0.7855000       1.666452      0.3917177      0.4776274    
       16680   1.000000      0.7986875       1.675902      0.3974151      0.4837410    
       16700   1.000000      0.7938125       1.676121      0.3955735      0.4810534    
       16720   1.000000      0.8001250       1.672872      0.3963026      0.4783660    
       16740   1.000000      0.8224375       1.707603      0.3956535      0.4766864    
       16760   1.000000      0.7805625       1.653567      0.4004715      0.4901144    
       16780   1.000000      0.7975000       1.669477      0.4003310      0.4887881    
       16800   1.000000      0.8080000       1.688372      0.4010556      0.4849116    
       16820   1.000000      0.7860625       1.654562      0.3979900      0.4833506    
       16840   1.000000      0.8112500       1.691709      0.3973568      0.4902344    
       16860   1.000000      0.7908125       1.672597      0.3986062      0.4713786    
       16880   1.000000      0.8126250       1.683348      0.3967562      0.4661124    
       16900   1.000000      0.8197500       1.708075      0.3958252      0.4651046    
       16920   1.000000      0.7935625       1.690982      0.3926053      0.4761110    
       16940   1.000000      0.8107500       1.703408      0.3944855      0.4823670    
       16960   1.000000      0.7923125       1.689089      0.3935508      0.4762129    
       16980   1.000000      0.8001250       1.692998      0.3936806      0.4776332    
       17000   1.000000      0.7878125       1.688111      0.3981302      0.4812694    
       17020   1.000000      0.8019375       1.676145      0.3983402      0.4790039    
       17040   1.000000      0.8027500       1.675223      0.3993378      0.4902998    
       17060   1.000000      0.7876875       1.654452      0.3981646      0.4814707    
       17080   1.000000      0.8144375       1.677603      0.4005484      0.4800001    
       17100   1.000000      0.7971250       1.666183      0.4037395      0.5000000    
       17120   1.000000      0.7905000       1.655611      0.4019689      0.4817336    
       17140   1.000000      0.7878750       1.676331      0.4042002      0.4752067    
       17160   1.000000      0.7883125       1.710714      0.4011893      0.4985352    
       17180   1.000000      0.8087500       1.710614      0.4009632      0.4952438    
       17200   1.000000      0.8013125       1.687421      0.3997257      0.4711915    
       17220   1.000000      0.7740000       1.674518      0.3976214      0.4787099    
       17240   1.000000      0.7950000       1.688182      0.3963954      0.4767537    
       17260   1.000000      0.8060000       1.696546      0.4003336      0.4708412    
       17280   1.000000      0.8118750       1.709002      0.3961982      0.4838867    
       17300   1.000000      0.8007500       1.679569      0.3952328      0.4734651    
       17320   1.000000      0.7798125       1.663859      0.3964143      0.4815910    
       17340   1.000000      0.7852500       1.677339      0.3954780      0.4653320    
       17360   1.000000      0.7833125       1.683301      0.3946598      0.4627778    
       17380   1.000000      0.7991250       1.710842      0.3926584      0.4791883    
