         200  0.8750000      0.6751250       1.153187      0.4463269      0.5569330    
         400  0.8750000      0.7140625       1.100432      0.4488753      0.5905308    
         600  0.8750000      0.6963125       1.125658      0.4535060      0.5801248    
         800  0.8750000      0.6892500       1.120571      0.4457915      0.5442177    
        1000  0.8750000      0.7198125       1.145993      0.4401011      0.5414541    
        1200  0.8750000      0.6953125       1.149078      0.4420486      0.5447451    
        1400  0.8750000      0.7083750       1.161372      0.4450375      0.5675893    
        1600  0.8750000      0.7138125       1.169819      0.4388269      0.5422406    
        1800  0.8750000      0.7023125       1.123242      0.4407353      0.5407149    
        2000  0.8750000      0.7042500       1.125899      0.4506750      0.5619147    
        2200  0.8750000      0.7029375       1.106301      0.4542730      0.5719324    
        2400  0.8750000      0.7110000       1.107939      0.4517405      0.5499479    
        2600  0.8750000      0.7041875       1.143870      0.4508762      0.5498521    
        2800  0.8750000      0.6880625       1.169036      0.4503580      0.5722493    
        3000  0.8750000      0.6988750       1.123353      0.4502845      0.5620117    
        3200  0.8750000      0.7078750       1.144391      0.4469233      0.5450149    
        3400  0.8750000      0.7091250       1.149989      0.4508836      0.5927779    
        3600  0.8750000      0.7088750       1.217018      0.4435955      0.5653546    
        3800  0.8750000      0.7097500       1.156389      0.4425675      0.5366666    
        4000  0.8750000      0.6992500       1.085289      0.4497105      0.5739729    
        4200  0.8750000      0.7118125       1.135014      0.4470373      0.5643644    
        4400  0.8750000      0.7125625       1.166777      0.4438241      0.5546968    
        4600  0.8750000      0.7111250       1.148560      0.4463924      0.5460897    
        4800  0.8750000      0.7060000       1.184178      0.4434440      0.5698241    
        5000  0.8750000      0.7111250       1.150298      0.4441266      0.5917839    
        5200  0.9375000      0.7636250       1.409332      0.3973180      0.4795265    
        5400  0.9375000      0.7533750       1.336263      0.4005581      0.4908037    
        5600  0.9375000      0.7656875       1.358895      0.4027681      0.4848159    
        5800  0.9375000      0.7600625       1.378110      0.4045590      0.5059453    
        6000  0.9375000      0.7753750       1.349996      0.4018824      0.5089444    
        6200  0.9375000      0.7586250       1.326248      0.3989467      0.4958428    
        6400  0.9375000      0.7638125       1.354366      0.4040368      0.5027221    
        6600  0.9375000      0.7696875       1.361214      0.4030213      0.4956055    
        6800  0.9375000      0.7573750       1.351796      0.4016356      0.4984391    
        7000  0.9375000      0.7477500       1.333557      0.4023704      0.4877929    
        7200  0.9375000      0.7560000       1.370007      0.4058838      0.5059452    
        7400  0.9375000      0.7721250       1.345397      0.4024306      0.5031953    
        7600  0.9375000      0.7529375       1.384871      0.3988115      0.4944908    
        7800  0.9375000      0.7544375       1.351618      0.4005184      0.5154527    
        8000  0.9375000      0.7387500       1.311162      0.3996771      0.5051020    
        8200  0.9375000      0.7500625       1.310952      0.4038076      0.4895941    
        8400  0.9375000      0.7530000       1.382737      0.4005891      0.4877930    
        8600  0.9375000      0.7560000       1.366509      0.4027082      0.4872163    
        8800   1.000000      0.7888750       1.779181      0.3972000      0.4790532    
        8820   1.000000      0.7841875       1.784104      0.3972749      0.4624853    
        8840   1.000000      0.8210625       1.768234      0.3996976      0.4926539    
        8860   1.000000      0.7881250       1.749519      0.3969142      0.4901144    
        8880   1.000000      0.7963125       1.733651      0.3963409      0.4894444    
        8900   1.000000      0.7916875       1.719480      0.3986928      0.4711514    
        8920   1.000000      0.7947500       1.734683      0.3965594      0.4854318    
        8940   1.000000      0.7989375       1.726237      0.3971133      0.4757397    
        8960   1.000000      0.7860000       1.695625      0.3994199      0.5205401    
        8980   1.000000      0.8033125       1.726958      0.3988938      0.4821286    
        9000   1.000000      0.8198125       1.753380      0.4007099      0.4866272    
        9020   1.000000      0.7756250       1.706604      0.3993132      0.4817334    
        9040   1.000000      0.8105000       1.719692      0.3984238      0.4687825    
        9060   1.000000      0.7826250       1.691148      0.3990581      0.4739855    
        9080   1.000000      0.7891250       1.694876      0.3979280      0.4750260    
        9100   1.000000      0.8048125       1.710793      0.4002432      0.4772911    
        9120  0.9898499      0.7765651       1.517575      0.4140970      0.4928194    
        9140  0.9898499      0.7778353       1.516349      0.4133638      0.4882843    
        9160  0.9898499      0.7867089       1.525578      0.4133800      0.4961032    
        9180  0.9898499      0.7948714       1.528581      0.4156216      0.5068530    
        9200  0.9898499      0.7900926       1.522186      0.4122711      0.4881094    
        9220  0.9898499      0.7866073       1.526834      0.4119043      0.4961526    
        9240  0.9898499      0.7788794       1.518299      0.4135672      0.5050000    
        9260  0.9898499      0.7907202       1.526759      0.4168352      0.5079366    
        9280  0.9898499      0.7788979       1.521337      0.4143927      0.4894445    
        9300  0.9898499      0.7790297       1.517251      0.4147393      0.5151368    
        9320  0.9898499      0.7917101       1.518376      0.4129049      0.4885536    
        9340  0.9898499      0.7871650       1.527596      0.4123152      0.5010055    
        9360  0.9898499      0.7813532       1.516489      0.4135854      0.4896534    
        9380  0.9898499      0.7752922       1.514245      0.4137387      0.4869926    
        9400  0.9898499      0.7761442       1.517930      0.4135345      0.4958428    
        9420   1.000000      0.7810625       1.567812      0.4070366      0.4797178    
        9440   1.000000      0.8007500       1.621983      0.4024269      0.4824219    
        9460   1.000000      0.7981250       1.654689      0.3991075      0.4676924    
        9480   1.000000      0.7876250       1.663845      0.3990487      0.4864284    
        9500   1.000000      0.7942500       1.682415      0.3979595      0.4885216    
        9520   1.000000      0.7978125       1.689951      0.3972732      0.4774490    
        9540   1.000000      0.7887500       1.677139      0.3987418      0.4724261    
        9560   1.000000      0.7941875       1.681699      0.3969682      0.4869657    
        9580   1.000000      0.7948125       1.677667      0.3988311      0.4842530    
        9600   1.000000      0.7962500       1.679420      0.4009937      0.4880333    
        9620   1.000000      0.7989375       1.661070      0.3986088      0.4994445    
        9640   1.000000      0.7986875       1.668053      0.3994872      0.4724246    
        9660   1.000000      0.7974375       1.672840      0.4016512      0.4848633    
        9680   1.000000      0.7911875       1.675233      0.4038389      0.4819335    
        9700   1.000000      0.8026250       1.703927      0.3981632      0.4847569    
        9720   1.000000      0.8100000       1.715992      0.3991117      0.4740019    
        9740   1.000000      0.7878125       1.694137      0.3994947      0.4938272    
        9760   1.000000      0.8008125       1.712772      0.3954182      0.4837490    
        9780   1.000000      0.8023750       1.692354      0.3986680      0.5009407    
        9800   1.000000      0.7941250       1.697870      0.3985668      0.4708412    
        9820   1.000000      0.7851250       1.686838      0.4011760      0.4864724    
        9840   1.000000      0.8052500       1.708764      0.3978646      0.4770508    
        9860   1.000000      0.7928750       1.683941      0.4010541      0.4781477    
        9880   1.000000      0.8019375       1.680556      0.4005392      0.4711914    
        9900   1.000000      0.7841250       1.660577      0.4015561      0.4944907    
        9920   1.000000      0.7948750       1.689131      0.3987569      0.4740017    
        9940   1.000000      0.7708750       1.666921      0.3993197      0.4682622    
        9960   1.000000      0.7883125       1.700702      0.4015309      0.4771982    
        9980   1.000000      0.7993125       1.716050      0.4029212      0.5109260    
       10000   1.000000      0.7935000       1.714725      0.4001254      0.4875129    
       10020   1.000000      0.8010625       1.697490      0.4000854      0.4895940    
       10040   1.000000      0.7884375       1.688800      0.3983001      0.4854926    
       10060   1.000000      0.8013125       1.697276      0.3955606      0.4794444    
       10080   1.000000      0.8005000       1.701961      0.3919388      0.4819335    
       10100   1.000000      0.7893750       1.673303      0.3936636      0.4802289    
       10120   1.000000      0.8026875       1.694403      0.3960008      0.5065089    
       10140   1.000000      0.8007500       1.689242      0.3975046      0.4797177    
       10160   1.000000      0.7953125       1.686814      0.3968969      0.4820454    
       10180   1.000000      0.8190000       1.709309      0.3996837      0.4932545    
       10200   1.000000      0.8095625       1.699633      0.3962070      0.4868164    
       10220   1.000000      0.7898125       1.673327      0.4000102      0.4799805    
       10240   1.000000      0.7857500       1.669800      0.3970146      0.4939532    
       10260   1.000000      0.8313750       1.705399      0.3959986      0.4911549    
       10280   1.000000      0.7940625       1.663738      0.3941712      0.4816346    
       10300   1.000000      0.7902500       1.673196      0.3993547      0.4833506    
       10320   1.000000      0.7856875       1.685604      0.3976867      0.4928194    
       10340   1.000000      0.7901250       1.685386      0.3948839      0.4963268    
       10360   1.000000      0.7912500       1.708024      0.3952241      0.5135276    
       10380   1.000000      0.7918750       1.693954      0.4002369      0.4868163    
       10400   1.000000      0.8036875       1.681087      0.4017925      0.4911550    
       10420   1.000000      0.7975000       1.658394      0.4015428      0.4981326    
       10440   1.000000      0.7918750       1.647370      0.4003195      0.5176674    
       10460   1.000000      0.8068125       1.683458      0.4009821      0.4705326    
       10480   1.000000      0.7994375       1.673688      0.4028761      0.4897461    
       10500   1.000000      0.7815625       1.667613      0.3995552      0.4814201    
       10520   1.000000      0.8038125       1.695145      0.3987494      0.4824219    
       10540   1.000000      0.7996875       1.693287      0.3983126      0.4819337    
       10560   1.000000      0.7951875       1.697518      0.3970404      0.4895941    
       10580   1.000000      0.8062500       1.700198      0.3973675      0.4901909    
