          20  0.8750000      0.8002625       1.947420      0.4378888      0.5434023    
          40  0.8750000      0.8001250       1.739949      0.4339979      0.5447451    
          60  0.8750000      0.7837750       1.583729      0.4247073      0.5362662    
          80  0.8750000      0.8005000       1.766040      0.4242950      0.5093653    
         100  0.8750000      0.8012250       1.911772      0.4204465      0.5380274    
         120   1.000000      0.8374250       1.934936      0.4128792      0.5208117    
         140  0.8750000      0.8010750       1.918461      0.4117573      0.5146924    
         160   1.000000      0.8362500       1.764681      0.4157274      0.5240614    
         180  0.8750000      0.8108125       1.809221      0.4127726      0.5457295    
         200   1.000000      0.9050375       1.696359      0.4062518      0.5104560    
         220  0.8750000      0.8003125       1.557552      0.4234510      0.5317377    
         240   1.000000      0.9261250       1.602931      0.4093342      0.5131835    
         260  0.8750000      0.8162750       1.792428      0.4213567      0.5299651    
         280   1.000000      0.9276125       1.668122      0.4098456      0.5111530    
         300  0.8750000      0.8204750       1.737109      0.4133879      0.5395421    
         320   1.000000      0.8288625       1.721185      0.4225022      0.5385016    
         340  0.8750000      0.8207125       1.653504      0.4320968      0.5583333    
         360   1.000000      0.8656875       1.632750      0.4364795      0.5728408    
         380   1.000000      0.8924500       1.892630      0.4269042      0.5161133    
         400   1.000000      0.9353125       1.815911      0.4165252      0.5046827    
         420   1.000000      0.9172000       1.731525      0.4168822      0.5288066    
         440   1.000000      0.9113625       1.717258      0.4275912      0.5364203    
         460   1.000000      0.9076125       1.788236      0.4171157      0.5161133    
         480   1.000000      0.9132125       1.714876      0.4321315      0.5175108    
         500   1.000000      0.9220625       1.846738      0.4324698      0.5297394    
         520   1.000000      0.9192625       1.753585      0.4375552      0.5477504    
         540   1.000000      0.8949500       1.668720      0.4296571      0.5169231    
         560   1.000000      0.9191875       1.541879      0.4521201      0.5550965    
         580   1.000000      0.9105375       1.764228      0.4479125      0.5301083    
         600   1.000000      0.9135500       1.621270      0.4496182      0.5699169    
         620   1.000000      0.9222125       1.758084      0.4239221      0.5343391    
         640   1.000000      0.9339500       1.531524      0.4457017      0.5661111    
         660   1.000000      0.9045875       1.543856      0.4352038      0.5283526    
         680   1.000000      0.9223750       1.512674      0.4465629      0.5376671    
         700   1.000000      0.9253375       1.543879      0.4314964      0.5291006    
         720   1.000000      0.9304375       1.635667      0.4109842      0.5175107    
         740   1.000000      0.8975000       1.678182      0.4104794      0.5073243    
         760   1.000000      0.9211625       1.560667      0.4267407      0.5371630    
         780   1.000000      0.8550000       1.593755      0.4288470      0.5280612    
         800   1.000000      0.9263625       1.624820      0.4448969      0.5401184    
         820   1.000000      0.9130875       1.742696      0.4565333      0.5993012    
         840   1.000000      0.9147250       1.742964      0.4270355      0.5366211    
         860   1.000000      0.9182250       1.653816      0.4345315      0.5327784    
         880   1.000000      0.9251750       1.534799      0.4361297      0.5416233    
         900   1.000000      0.9308250       1.710232      0.4301412      0.5229492    
         920   1.000000      0.9176750       1.573091      0.4318459      0.5165029    
         940   1.000000      0.9269750       1.687043      0.4325983      0.5270551    
         960   1.000000      0.9213625       1.476892      0.4309612      0.5361552    
         961  0.7500000      0.4599250       1.478136      0.4313000      0.5593349    
         962  0.7500000      0.4759500       1.489280      0.4306598      0.5423274    
         963  0.7500000      0.5030500       1.516721      0.4281695      0.5502930    
         964  0.8750000      0.5286375       1.536917      0.4249949      0.5361553    
         965  0.8750000      0.5802125       1.570101      0.4224360      0.5552272    
         966   1.000000      0.6332875       1.584093      0.4205598      0.5423728    
         967   1.000000      0.6756250       1.582162      0.4216578      0.5423728    
         968   1.000000      0.6852875       1.577814      0.4210133      0.5297041    
         969   1.000000      0.7010500       1.598305      0.4196210      0.5244970    
         970   1.000000      0.7091875       1.593802      0.4191495      0.5244970    
         971   1.000000      0.7242625       1.609738      0.4185604      0.5260770    
         972   1.000000      0.7360250       1.630298      0.4144352      0.5195264    
         973   1.000000      0.7806875       1.677928      0.4089106      0.5273372    
         974   1.000000      0.8067375       1.699707      0.4034939      0.5273372    
         975   1.000000      0.8325625       1.697569      0.4043864      0.5273372    
         976   1.000000      0.8545500       1.666944      0.4091578      0.5273374    
         977   1.000000      0.8765750       1.618492      0.4161586      0.5385742    
         978   1.000000      0.8997500       1.606054      0.4194533      0.5273373    
         979   1.000000      0.9153875       1.582915      0.4225612      0.5336358    
         980   1.000000      0.9197875       1.570628      0.4264348      0.5358580    
         981   1.000000      0.9236000       1.567246      0.4273551      0.5717773    
         982   1.000000      0.9223375       1.568130      0.4282362      0.5377516    
         983   1.000000      0.9231375       1.562103      0.4303551      0.5422407    
         984   1.000000      0.9192875       1.565592      0.4300576      0.5377516    
         985   1.000000      0.9278750       1.559855      0.4307529      0.5377516    
         986   1.000000      0.9112875       1.544516      0.4324487      0.5377516    
         987   1.000000      0.9154750       1.552837      0.4330634      0.5561523    
         988   1.000000      0.9115500       1.546401      0.4327198      0.5408776    
         989   1.000000      0.9178000       1.559075      0.4331131      0.5527841    
         990   1.000000      0.9198500       1.564247      0.4321601      0.5527841    
         991   1.000000      0.9127125       1.559324      0.4328996      0.5683594    
         992   1.000000      0.9242875       1.570856      0.4349163      0.5683594    
         993   1.000000      0.9142500       1.565146      0.4350134      0.5683593    
         994   1.000000      0.9134875       1.553938      0.4348417      0.5683593    
         995   1.000000      0.9085875       1.549501      0.4345715      0.5691987    
         996   1.000000      0.9139125       1.549180      0.4350186      0.5691987    
         997   1.000000      0.9118875       1.545655      0.4358044      0.5691987    
         998   1.000000      0.9135125       1.547979      0.4343860      0.5691987    
         999   1.000000      0.9096625       1.552775      0.4339370      0.5691987    
        1000   1.000000      0.9184500       1.551154      0.4349489      0.5804988    
        1001   1.000000      0.9181125       1.544037      0.4347773      0.5804988    
        1002   1.000000      0.9024750       1.561573      0.4346599      0.5804989    
        1003   1.000000      0.9147250       1.568233      0.4339302      0.5790843    
        1004   1.000000      0.9078875       1.558155      0.4337319      0.5790843    
        1005   1.000000      0.9122000       1.561612      0.4341969      0.5790843    
        1006   1.000000      0.9186375       1.557997      0.4336823      0.5790843    
        1007   1.000000      0.9144750       1.568972      0.4324408      0.5790843    
        1008   1.000000      0.9084000       1.575400      0.4331308      0.5790843    
        1009   1.000000      0.9085250       1.568688      0.4335210      0.5790843    
        1010   1.000000      0.9172625       1.575200      0.4341575      0.5790843    
        1011   1.000000      0.9080375       1.578381      0.4343286      0.5790843    
        1012   1.000000      0.9117625       1.588256      0.4342405      0.5541102    
        1013   1.000000      0.9132875       1.587723      0.4340273      0.5884495    
        1014   1.000000      0.9152750       1.577800      0.4354230      0.5639957    
        1015   1.000000      0.9133125       1.580819      0.4361284      0.5794142    
        1016   1.000000      0.9122750       1.592509      0.4359389      0.5650001    
        1017   1.000000      0.9110250       1.588242      0.4338228      0.5627776    
        1018   1.000000      0.9207875       1.589570      0.4350693      0.5933333    
        1019   1.000000      0.9120375       1.595855      0.4353120      0.5547999    
