         200  0.8750000      0.8106875       1.322449      0.3478935      0.4834711    
         400  0.8750000      0.8136250       1.330237      0.3473224      0.4511113    
         600  0.8750000      0.8103125       1.326169      0.3494283      0.4834712    
         800  0.8750000      0.8077500       1.338478      0.3488912      0.4759946    
        1000   1.000000      0.9483750       1.307553      0.3288363      0.4192000    
        1200   1.000000      0.9412500       1.314087      0.3313277      0.4393022    
        1400   1.000000      0.9375000       1.318359      0.3332619      0.4577883    
        1600   1.000000      0.9380625       1.312065      0.3320371      0.4865306    
        1800   1.000000      0.9350625       1.303862      0.3322347      0.4824218    
        2000   1.000000      0.9440625       1.315374      0.3306915      0.4581818    
        2200   1.000000      0.9430625       1.310120      0.3315242      0.4406888    
        2400   1.000000      0.9410000       1.312441      0.3306811      0.4369797    
        2600   1.000000      0.9447500       1.302299      0.3310806      0.4413266    
        2800   1.000000      0.9424375       1.304614      0.3313164      0.4248001    
        3000   1.000000      0.9463125       1.316128      0.3300108      0.4362139    
        3200   1.000000      0.9490000       1.306097      0.3310031      0.4237500    
        3400   1.000000      0.9430625       1.317179      0.3310568      0.4387755    
        3600   1.000000      0.9465000       1.314575      0.3295703      0.4398148    
        3800   1.000000      0.9481250       1.308835      0.3306268      0.4193786    
        4000   1.000000      0.9413125       1.308449      0.3317033      0.4472656    
        4200   1.000000      0.9465000       1.321451      0.3307599      0.4456755    
        4400   1.000000      0.9424375       1.315278      0.3308291      0.4377163    
        4600   1.000000      0.9411250       1.318347      0.3307148      0.4445646    
        4800   1.000000      0.9415625       1.316304      0.3303001      0.4192000    
        5000   1.000000      0.9500000       1.308370      0.3295642      0.4447088    
        5200   1.000000      0.9415625       1.308587      0.3314448      0.4192000    
        5400   1.000000      0.9402500       1.315131      0.3306387      0.4413266    
        5600   1.000000      0.9428125       1.320123      0.3305387      0.4398148    
        5800   1.000000      0.9423750       1.314060      0.3304788      0.4309643    
        6000   1.000000      0.9391875       1.308935      0.3315219      0.4227160    
        6200   1.000000      0.9448750       1.299477      0.3310285      0.4371302    
        6400   1.000000      0.9474375       1.311468      0.3292780      0.4267591    
        6600   1.000000      0.9475625       1.314534      0.3300035      0.4370575    
        6800   1.000000      0.9503750       1.312676      0.3292138      0.4581818    
        7000   1.000000      0.9424375       1.311494      0.3311209      0.4335999    
        7200   1.000000      0.9427500       1.315467      0.3311585      0.4362139    
        7400   1.000000      0.9421875       1.319793      0.3309035      0.4861591    
        7600   1.000000      0.9465625       1.315775      0.3285435      0.4328922    
        7800   1.000000      0.9461875       1.317379      0.3306275      0.4237500    
        8000   1.000000      0.9485625       1.309865      0.3295733      0.4318857    
        8200   1.000000      0.9426250       1.311864      0.3314869      0.4824218    
        8400   1.000000      0.9393750       1.317477      0.3312533      0.4210069    
        8600   1.000000      0.9466875       1.310220      0.3308594      0.4413266    
        8800   1.000000      0.9452500       1.312692      0.3311390      0.4203171    
        9000   1.000000      0.9467500       1.313885      0.3306422      0.4466667    
        9200   1.000000      0.9446250       1.308659      0.3315102      0.4466667    
        9400   1.000000      0.9463750       1.305585      0.3316086      0.4445646    
        9600   1.000000      0.9457500       1.312577      0.3303811      0.4192000    
        9800   1.000000      0.9489375       1.320097      0.3310599      0.4445153    
       10000   1.000000      0.9408125       1.304811      0.3321565      0.4355281    
       10200   1.000000      0.9443125       1.310892      0.3303789      0.4328923    
       10400   1.000000      0.9436875       1.306093      0.3322206      0.4286419    
       10600   1.000000      0.9416250       1.316954      0.3322923      0.4252077    
       10800   1.000000      0.9403125       1.304658      0.3320148      0.4565217    
       11000   1.000000      0.9422500       1.313202      0.3320155      0.4824218    
       11200   1.000000      0.9429375       1.312217      0.3303459      0.4237500    
       11400   1.000000      0.9445625       1.312443      0.3293613      0.4493802    
       11600   1.000000      0.9495625       1.310973      0.3295395      0.4244445    
       11800   1.000000      0.9409375       1.296793      0.3305851      0.4413266    
       12000   1.000000      0.9462500       1.299939      0.3290247      0.4289879    
       12200   1.000000      0.9439375       1.309299      0.3290560      0.4222060    
       12400   1.000000      0.9460625       1.312073      0.3299846      0.4318859    
       12600   1.000000      0.9436250       1.308822      0.3291104      0.4413265    
       12800   1.000000      0.9431250       1.302678      0.3285818      0.4423869    
       13000   1.000000      0.9430000       1.310501      0.3294621      0.4472656    
       13200   1.000000      0.9421250       1.310878      0.3289025      0.4506539    
       13400   1.000000      0.9455625       1.308813      0.3283591      0.4318857    
       13600   1.000000      0.9475000       1.308326      0.3277733      0.4462809    
       13800   1.000000      0.9470000       1.307375      0.3298487      0.4445646    
       14000   1.000000      0.9465000       1.312356      0.3288834      0.4251701    
       14200   1.000000      0.9426875       1.310156      0.3294672      0.4427083    
       14400   1.000000      0.9415625       1.327936      0.3286378      0.4789034    
       14600   1.000000      0.9401250       1.307279      0.3282055      0.4247460    
       14800   1.000000      0.9448750       1.310620      0.3274609      0.4375241    
       15000   1.000000      0.9457500       1.307073      0.3299354      0.4449585    
       15200   1.000000      0.9467500       1.310441      0.3296058      0.4413265    
       15400   1.000000      0.9404375       1.313969      0.3309913      0.4474506    
       15600   1.000000      0.9437500       1.306335      0.3288971      0.4447087    
       15800   1.000000      0.9394375       1.320643      0.3284305      0.4628989    
       16000   1.000000      0.9395000       1.313794      0.3300185      0.4520290    
       16200   1.000000      0.9405000       1.302937      0.3298905      0.4824218    
       16400   1.000000      0.9475000       1.306900      0.3292104      0.4297337    
       16600   1.000000      0.9441250       1.304967      0.3305071      0.4607611    
       16800   1.000000      0.9381875       1.313773      0.3299064      0.4447087    
       17000   1.000000      0.9411250       1.310127      0.3296850      0.4500593    
       17200   1.000000      0.9432500       1.315415      0.3293830      0.4284297    
       17400   1.000000      0.9399375       1.310842      0.3307194      0.4413265    
       17600   1.000000      0.9468750       1.304188      0.3305939      0.4272976    
       17800   1.000000      0.9435625       1.317053      0.3300628      0.4243856    
       18000   1.000000      0.9471875       1.308073      0.3297490      0.4442976    
       18200   1.000000      0.9410625       1.306808      0.3321781      0.4413266    
       18400   1.000000      0.9428125       1.314737      0.3327025      0.4519891    
       18600   1.000000      0.9476250       1.310921      0.3308300      0.4733333    
       18800   1.000000      0.9449375       1.309411      0.3322732      0.4848486    
       19000   1.000000      0.9450625       1.309479      0.3313299      0.4273356    
       19200   1.000000      0.9450000       1.310362      0.3310986      0.4316049    
       19400   1.000000      0.9448750       1.308851      0.3311058      0.4206349    
       19600   1.000000      0.9443750       1.309458      0.3314007      0.4466667    
       19800   1.000000      0.9394375       1.307668      0.3319301      0.4352616    
       20000   1.000000      0.9467500       1.307988      0.3296182      0.4465021    
       20200   1.000000      0.9479375       1.316030      0.3285037      0.4238282    
       20400   1.000000      0.9480000       1.309096      0.3292013      0.4493802    
       20600   1.000000      0.9470625       1.304537      0.3299922      0.4447087    
       20800   1.000000      0.9409375       1.306638      0.3307016      0.4318857    
       21000   1.000000      0.9445625       1.312708      0.3296494      0.4447086    
       21200   1.000000      0.9426875       1.297892      0.3314810      0.4521683    
       21400   1.000000      0.9390625       1.318609      0.3314151      0.4237500    
       21600   1.000000      0.9431250       1.313650      0.3305545      0.4377163    
       21800   1.000000      0.9457500       1.313744      0.3291504      0.4575446    
       22000   1.000000      0.9500625       1.308403      0.3297874      0.4230047    
       22200   1.000000      0.9451875       1.301764      0.3308055      0.4413266    
       22400   1.000000      0.9433125       1.310920      0.3306717      0.4194445    
       22600   1.000000      0.9454375       1.308384      0.3325225      0.4413266    
       22800   1.000000      0.9467500       1.308670      0.3331408      0.4286421    
       23000   1.000000      0.9403125       1.304743      0.3323895      0.4214911    
       23200   1.000000      0.9422500       1.306623      0.3329535      0.4786679    
       23400   1.000000      0.9427500       1.308747      0.3329529      0.4441142    
       23600   1.000000      0.9450000       1.304641      0.3334582      0.4263999    
       23800   1.000000      0.9431250       1.308180      0.3354487      0.4493802    
       24000   1.000000      0.9403750       1.311072      0.3348109      0.4413265    
       24200   1.000000      0.9475000       1.307145      0.3349355      0.4447086    
       24400   1.000000      0.9442500       1.315289      0.3358427      0.4286419    
       24600   1.000000      0.9462500       1.305774      0.3345292      0.4417010    
       24800   1.000000      0.9455000       1.312517      0.3350131      0.4329104    
       25000   1.000000      0.9444375       1.318670      0.3358409      0.4287190    
       25200   1.000000      0.9439375       1.312206      0.3368638      0.4565218    
       25400   1.000000      0.9437500       1.316407      0.3361477      0.4533334    
       25600   1.000000      0.9359375       1.308193      0.3364072      0.4629630    
       25800   1.000000      0.9402500       1.300463      0.3360415      0.4215999    
       26000   1.000000      0.9483125       1.315167      0.3353085      0.4455782    
       26200   1.000000      0.9435000       1.306454      0.3354814      0.4445646    
       26400   1.000000      0.9460625       1.309350      0.3351044      0.4262153    
       26600   1.000000      0.9377500       1.302067      0.3360833      0.4316291    
       26800   1.000000      0.9475625       1.314543      0.3350942      0.4505208    
       27000   1.000000      0.9465000       1.301481      0.3340541      0.4368622    
       27200   1.000000      0.9453125       1.307920      0.3353979      0.4449982    
       27400   1.000000      0.9500625       1.301174      0.3351228      0.4496528    
       27600   1.000000      0.9456250       1.304847      0.3356220      0.4362140    
       27800   1.000000      0.9508125       1.306274      0.3342088      0.4449983    
