           0  0.6250000      7.6250001E-03   1.032503      0.4322635      0.5505325    
         200  0.8750000      0.5282500       1.663578      0.4089951      0.5183333    
         400  0.8750000      0.5170000       1.651160      0.4094416      0.5317382    
         600  0.8750000      0.5477500       1.638373      0.4111595      0.5062435    
         800  0.8750000      0.5405000       1.636976      0.4100541      0.5127653    
        1000  0.8750000      0.5075000       1.608459      0.4131708      0.5144874    
        1200  0.8750000      0.5426250       1.674569      0.4123614      0.5098225    
        1400  0.8750000      0.5306250       1.682950      0.4096398      0.5200303    
        1600  0.8750000      0.5310000       1.766900      0.4063127      0.5084023    
        1800  0.8750000      0.5280000       1.650496      0.4092245      0.5571597    
        2000  0.8750000      0.5267500       1.644206      0.4092254      0.5709248    
        2200  0.8750000      0.5378750       1.666863      0.4088692      0.5306123    
        2400  0.8750000      0.5260000       1.657321      0.4118850      0.5192508    
        2600  0.8750000      0.5217500       1.719720      0.4085958      0.5235576    
        2800  0.8750000      0.5236250       1.604480      0.4096507      0.5146924    
        3000  0.8750000      0.5288750       1.645358      0.4160463      0.5239258    
        3200  0.8750000      0.5442500       1.703630      0.4098353      0.5169882    
        3400  0.8750000      0.5476250       1.676833      0.4101805      0.5165029    
        3600  0.8750000      0.5186250       1.682008      0.4122238      0.5401775    
        3800  0.8750000      0.5267500       1.718892      0.4080676      0.5036731    
        4000  0.8750000      0.5273750       1.656909      0.4107649      0.5183432    
        4200  0.8750000      0.5196250       1.708670      0.4138105      0.5227778    
        4400  0.8750000      0.5272500       1.675678      0.4093777      0.5141602    
        4600  0.8750000      0.5231250       1.662081      0.4107845      0.5145682    
        4800  0.8750000      0.5408750       1.654870      0.4145018      0.5341796    
        5000  0.8750000      0.5391250       1.645627      0.4124241      0.5463867    
        5200  0.8750000      0.5206250       1.674782      0.4082564      0.5109260    
        5400  0.8750000      0.5312500       1.692400      0.4139017      0.5301769    
        5600  0.8750000      0.5401250       1.669666      0.4125333      0.5207103    
        5800  0.8750000      0.5370000       1.631928      0.4086818      0.5211834    
        6000  0.8750000      0.5302500       1.700296      0.4177564      0.5561523    
        6200  0.8750000      0.5218750       1.671743      0.4103619      0.5297852    
        6400  0.8750000      0.5162500       1.611394      0.4112873      0.5255733    
        6600  0.8750000      0.5451250       1.720080      0.4083169      0.5306972    
        6800  0.8750000      0.5188750       1.626424      0.4112251      0.5097655    
        7000  0.8750000      0.5217500       1.579984      0.4119910      0.5135276    
        7200  0.8750000      0.5157500       1.627411      0.4133710      0.5220386    
        7400  0.8750000      0.5090000       1.626735      0.4118330      0.5174472    
        7600  0.8750000      0.5311250       1.636459      0.4120013      0.5228928    
        7800  0.8750000      0.4998750       1.626041      0.4112510      0.5190429    
        8000  0.8750000      0.5313750       1.692265      0.4052109      0.5110193    
        8200  0.8750000      0.5302500       1.678588      0.4108202      0.5234374    
        8400  0.8750000      0.5040000       1.582555      0.4141753      0.5227778    
        8600   1.000000      0.6318750       1.740700      0.4054458      0.5190429    
        8620   1.000000      0.6248750       1.752334      0.4055222      0.5062435    
        8640   1.000000      0.6301250       1.736756      0.4114161      0.5192900    
        8660   1.000000      0.6201250       1.707869      0.4163798      0.5552663    
        8680   1.000000      0.6325000       1.713189      0.4152761      0.5268555    
        8700   1.000000      0.6340000       1.678218      0.4165137      0.5211203    
        8720   1.000000      0.6330000       1.643561      0.4177105      0.5187305    
        8740   1.000000      0.6467500       1.667645      0.4175061      0.5274347    
        8760   1.000000      0.6271250       1.663069      0.4155279      0.5499480    
        8780   1.000000      0.6180000       1.697459      0.4163191      0.5278106    
        8800   1.000000      0.6190000       1.694676      0.4132346      0.5301083    
        8820   1.000000      0.6372500       1.669444      0.4174584      0.5145682    
        8840   1.000000      0.6235000       1.680675      0.4111251      0.5433334    
        8860   1.000000      0.6532500       1.712801      0.4123016      0.5156106    
        8880   1.000000      0.6412500       1.729049      0.4098490      0.5055097    
        8900   1.000000      0.6372500       1.713533      0.4095340      0.5119376    
        8920  0.9914689      0.6268551       1.383176      0.4430461      0.5499480    
        8940  0.9920336      0.6200444       1.310890      0.4666341      0.5697190    
        8960  0.9920533      0.6038873       1.243026      0.4924940      0.5745767    
        8980  0.9920789      0.5709871       1.226065      0.4978461      0.5761110    
        9000  0.9920789      0.5809773       1.226644      0.4719619      0.5866419    
        9020  0.9920789      0.5849832       1.224686      0.4748990      0.5790815    
        9040  0.9920789      0.6027670       1.236287      0.4736205      0.5835459    
        9060  0.9920789      0.5793201       1.220789      0.4728350      0.5790815    
        9080  0.9920789      0.5678807       1.218089      0.4744980      0.5790816    
        9100  0.9920789      0.5976954       1.222736      0.4760402      0.5804960    
        9120  0.9920789      0.5766569       1.217899      0.4742747      0.5676529    
        9140  0.9920789      0.5788249       1.216011      0.4739379      0.5713305    
        9160  0.9920789      0.5901904       1.230541      0.4737577      0.5798347    
        9180  0.9920789      0.5805213       1.222584      0.4755344      0.5743306    
        9200  0.9920789      0.5946434       1.221060      0.4774626      0.5738697    
        9220   1.000000      0.6298750       1.375808      0.4548900      0.6076033    
        9240   1.000000      0.6225000       1.493647      0.4413299      0.5659930    
        9260   1.000000      0.5930000       1.495861      0.4404224      0.5632894    
        9280   1.000000      0.6042500       1.542446      0.4402403      0.5465561    
        9300   1.000000      0.6263750       1.585131      0.4261184      0.5450001    
        9320   1.000000      0.6095000       1.620886      0.4252759      0.5627779    
        9340   1.000000      0.6300000       1.711852      0.4247583      0.5385743    
        9360   1.000000      0.6211250       1.655518      0.4231414      0.5400747    
        9380   1.000000      0.6397500       1.672986      0.4203432      0.5227779    
        9400   1.000000      0.6180000       1.674470      0.4170374      0.5255733    
        9420   1.000000      0.6413750       1.701258      0.4162668      0.5283204    
        9440   1.000000      0.6340000       1.682691      0.4164777      0.5113472    
        9460   1.000000      0.6260000       1.680535      0.4140016      0.5204700    
        9480   1.000000      0.6332500       1.681548      0.4151340      0.5358126    
