          20  0.8125000      0.6238750       1.324986      0.4059615      0.5046153    
          40  0.8750000      0.7486250       1.340184      0.4323784      0.5607879    
          60  0.8125000      0.6842500       1.356076      0.4133513      0.5332987    
          80  0.9375000      0.8335625       1.700324      0.4209915      0.5439398    
         100  0.8750000      0.7674375       1.714470      0.4187358      0.5165029    
         120  0.8750000      0.8316250       1.689903      0.4282759      0.5272776    
         140  0.8750000      0.7798750       1.753258      0.4321242      0.5494445    
         160  0.9375000      0.8277500       1.664059      0.4271617      0.5368608    
         180  0.8750000      0.7500000       1.611476      0.4204394      0.5144445    
         200  0.8750000      0.8299375       1.674392      0.4221541      0.5327778    
         220  0.8750000      0.7951875       1.265798      0.4272883      0.5306121    
         240  0.8750000      0.8179375       1.761831      0.4100842      0.4970703    
         260  0.8750000      0.7480000       1.345388      0.4123770      0.5394445    
         280   1.000000      0.8380625       1.653490      0.4206519      0.5256651    
         300  0.8750000      0.7463125       1.430799      0.4395790      0.5594444    
         320  0.8750000      0.8350625       1.688757      0.4309616      0.5444446    
         340  0.8750000      0.7324375       1.411324      0.4544466      0.5512725    
         360  0.9375000      0.8952500       1.721839      0.4379240      0.5215795    
         380  0.8750000      0.7330000       1.463050      0.4389150      0.5452256    
         400  0.9375000      0.8946875       1.677479      0.4309499      0.5369523    
         420  0.8750000      0.7383750       1.514239      0.4374146      0.5332986    
         440   1.000000      0.8943750       1.644137      0.4254622      0.5328581    
         460  0.8750000      0.7632500       1.423450      0.4269414      0.5519527    
         480   1.000000      0.9013750       1.613161      0.4215328      0.5226036    
         500  0.8750000      0.7315625       1.587224      0.4259100      0.5306509    
         520  0.9375000      0.8404375       1.665882      0.4144324      0.5275888    
         540  0.8750000      0.7183750       1.668486      0.4261124      0.5395421    
         560   1.000000      0.8381250       1.951406      0.4281620      0.5064248    
         580  0.8750000      0.7395000       1.450361      0.4329500      0.5250692    
         600  0.8750000      0.8271875       1.809306      0.4413027      0.5590820    
         620  0.8750000      0.7433750       1.546588      0.4320933      0.5170926    
         640  0.9375000      0.8805625       2.041238      0.4106245      0.5016708    
         660  0.8750000      0.7571250       1.580173      0.4505862      0.5337546    
         680   1.000000      0.8990000       1.963564      0.4242654      0.5090832    
         700  0.8750000      0.7328125       1.812926      0.4396812      0.5381085    
         720  0.9375000      0.9017500       1.738608      0.4329131      0.5074326    
         740  0.9375000      0.7683125       1.315712      0.4419684      0.5483333    
         760   1.000000      0.8430625       1.519768      0.4427983      0.5386983    
         780   1.000000      0.8168750       1.088893      0.4361623      0.5224978    
         800   1.000000      0.8607500       1.382124      0.4521908      0.5462334    
         820  0.8750000      0.7681875       1.436394      0.4278324      0.5311243    
         840  0.9375000      0.8901875       1.688294      0.4276841      0.5083008    
         860  0.8750000      0.7518125       1.569066      0.4363964      0.5451843    
         880   1.000000      0.9357500       1.710924      0.4508090      0.5633609    
         900  0.8750000      0.7853750       1.297135      0.4291427      0.5074556    
         920   1.000000      0.8829375       1.379408      0.4717923      0.5661110    
         940   1.000000      0.8950000       1.287395      0.4595662      0.5502930    
         960   1.000000      0.9372500       1.204643      0.4762989      0.5645161    
         980   1.000000      0.8664375       1.109226      0.4471390      0.5405273    
        1000   1.000000      0.8921250       1.311683      0.4446463      0.5629882    
        1020  0.8750000      0.8049375       1.258490      0.4373985      0.5566406    
        1040   1.000000      0.9251250       1.470318      0.4542674      0.5476923    
        1060  0.8750000      0.7950625       1.406794      0.4504702      0.5422406    
        1080   1.000000      0.9346250       1.803525      0.4283026      0.5259171    
        1100   1.000000      0.7985625       1.560705      0.4429814      0.5268638    
        1120   1.000000      0.9534375       1.825264      0.4336055      0.5293847    
        1140  0.8750000      0.7866875       1.470894      0.4310302      0.5202020    
        1160   1.000000      0.9299375       1.603789      0.4257775      0.5292968    
        1180  0.8750000      0.7872500       1.473078      0.4098624      0.4985351    
        1200   1.000000      0.9449375       1.559300      0.4118428      0.5141602    
        1220  0.8750000      0.8076250       1.265748      0.4155948      0.5089443    
        1240   1.000000      0.8384375       1.378834      0.4349436      0.5524260    
        1260  0.8750000      0.7956875       1.084380      0.4353929      0.5396827    
        1280   1.000000      0.9194375       1.553838      0.4499626      0.5312212    
        1300  0.8750000      0.8017500       1.175395      0.4347499      0.5235503    
        1320   1.000000      0.9203750       1.790534      0.4284500      0.5034180    
        1340  0.8750000      0.7799375       1.531949      0.4126394      0.5291362    
        1360   1.000000      0.9351875       1.637983      0.4305285      0.5048828    
        1380  0.8750000      0.7724375       1.295770      0.4202656      0.5112960    
        1400   1.000000      0.8731250       2.022564      0.4029015      0.5306971    
        1420  0.8750000      0.7548750       1.582289      0.3937915      0.5180664    
        1440   1.000000      0.9521250       2.073562      0.4003658      0.4867724    
        1460  0.8750000      0.7633750       1.528239      0.4006989      0.5083008    
        1480   1.000000      0.9466250       1.879898      0.4144715      0.5136094    
        1500  0.8750000      0.7490625       1.559541      0.3991758      0.5143778    
        1520   1.000000      0.9119375       1.925552      0.3998241      0.4935121    
        1540  0.8750000      0.7600625       1.695773      0.4097286      0.4894399    
        1560   1.000000      0.9491875       1.738864      0.4205078      0.5140829    
        1580  0.8750000      0.7286875       1.426351      0.4205209      0.5240238    
        1600   1.000000      0.9535000       1.834111      0.4043187      0.5369524    
        1620  0.8750000      0.7399375       1.064653      0.4251778      0.5262856    
        1640   1.000000      0.8383750       1.611266      0.4196574      0.5133030    
        1660  0.8750000      0.7697500       1.417899      0.4176492      0.4901908    
        1680   1.000000      0.8985000       1.758058      0.3957010      0.5166492    
        1700  0.8750000      0.8046875       1.476714      0.4011713      0.5018897    
        1720   1.000000      0.8392500       1.644708      0.4091727      0.5215421    
        1740  0.8750000      0.8007500       1.529570      0.4143877      0.5187305    
        1760   1.000000      0.9472500       1.881272      0.4069067      0.4889807    
        1780  0.8750000      0.7432500       1.074422      0.4120917      0.5416171    
        1800   1.000000      0.9174375       1.970217      0.4024593      0.4918691    
        1820  0.8750000      0.7784375       1.562196      0.4236676      0.5314565    
        1840   1.000000      0.9480625       1.662973      0.4165119      0.5010405    
        1860  0.8750000      0.7325625       1.504803      0.4362885      0.5361551    
        1880   1.000000      0.9141250       1.821749      0.4202721      0.5133029    
        1900  0.8750000      0.7511250       1.361327      0.4105494      0.5246540    
        1920   1.000000      0.9049375       1.777512      0.4088800      0.5110193    
        1940  0.8750000      0.8006250       1.625864      0.4041235      0.4995117    
        1960   1.000000      0.9516250       1.834857      0.3997952      0.5038889    
        1980  0.8750000      0.7946875       1.268415      0.4165546      0.5145682    
        2000   1.000000      0.9491250       1.917941      0.4003176      0.4747474    
        2020  0.8750000      0.7457500       1.345263      0.4202520      0.5558633    
        2040   1.000000      0.9416250       1.964566      0.4075785      0.5173964    
        2060  0.8750000      0.7895625       1.547692      0.4398369      0.5054170    
        2080   1.000000      0.8943125       1.522720      0.4404112      0.5330870    
        2100  0.8750000      0.7948125       1.582049      0.4111171      0.4933232    
        2120   1.000000      0.8281250       1.635059      0.4215465      0.5520021    
        2140  0.8750000      0.8185000       1.623935      0.4224451      0.5029297    
        2160   1.000000      0.8380000       1.682938      0.4356636      0.5256651    
        2180  0.8750000      0.7999375       1.628887      0.4359986      0.5059209    
        2200   1.000000      0.8325625       1.618828      0.4286146      0.5407147    
        2220  0.8750000      0.8067500       1.548878      0.4146166      0.5067638    
        2240   1.000000      0.9381875       1.856994      0.4198602      0.5202140    
        2260  0.8750000      0.7870000       1.548185      0.4179627      0.5282643    
        2280   1.000000      0.9502500       1.716148      0.4100408      0.5133150    
        2300  0.8750000      0.7549375       1.437484      0.4096507      0.4989594    
        2320   1.000000      0.9573750       1.827380      0.3973366      0.4936524    
        2340  0.8750000      0.7524375       1.508573      0.4152151      0.5050001    
        2360   1.000000      0.9490000       2.059392      0.4204451      0.5468263    
        2380  0.8750000      0.7419375       1.410047      0.4280720      0.5107728    
        2400   1.000000      0.8451250       1.879275      0.4119317      0.5146923    
        2420  0.8750000      0.7553125       1.751385      0.4169357      0.4995118    
        2440   1.000000      0.9251875       1.706277      0.4030568      0.4857647    
        2460  0.8750000      0.7413125       1.088630      0.4109200      0.4950283    
        2480   1.000000      0.8378125       1.646048      0.4267749      0.5251364    
        2500  0.8750000      0.7502500       1.488930      0.4361859      0.5361112    
        2520   1.000000      0.8805000       1.783288      0.4207247      0.5216666    
        2540  0.8750000      0.7508125       1.319244      0.4178511      0.5364204    
        2560   1.000000      0.9477500       1.654924      0.4344896      0.5092773    
        2580  0.8125000      0.6803125       1.290789      0.4237485      0.5230770    
        2600   1.000000      0.8713125       1.648865      0.4290481      0.5190430    
        2620  0.8750000      0.8136250       1.059816      0.3814409      0.4661811    
        2640  0.8750000      0.8175000       1.629206      0.4020819      0.4985352    
        2660  0.8750000      0.7960000       1.686665      0.3806465      0.4615385    
        2680   1.000000      0.8366875       1.540190      0.4113366      0.4948350    
        2700  0.8750000      0.7440000       1.600880      0.4057558      0.5187305    
        2720   1.000000      0.9242500       1.792941      0.4008834      0.4965821    
        2740  0.8750000      0.7355625       1.310203      0.4325399      0.5557396    
        2760   1.000000      0.9504375       2.037507      0.4157473      0.5116904    
        2780  0.8750000      0.7196250       1.211644      0.4292625      0.5458201    
        2800   1.000000      0.9392500       1.797667      0.4162749      0.5225498    
        2820  0.8750000      0.7564375       1.167681      0.4323510      0.5332937    
        2840   1.000000      0.8371250       1.877288      0.4132378      0.5255191    
        2860  0.8125000      0.7252500       1.647478      0.4123878      0.5297851    
        2880   1.000000      0.8197500       2.024512      0.4154767      0.5154527    
        2900  0.8750000      0.7370000      0.9859979      0.4257749      0.5187305    
        2920  0.8750000      0.8255000       1.926538      0.4013101      0.4903582    
        2940  0.8750000      0.7296250       1.569111      0.4093353      0.5226037    
        2960  0.8750000      0.8256875       1.662570      0.4238427      0.5131836    
        2980  0.8125000      0.7273750       1.332748      0.4324726      0.5407149    
        3000  0.8750000      0.8239375       1.638554      0.4362594      0.5316200    
        3020  0.8750000      0.6775000       1.543991      0.4358588      0.5452653    
        3040   1.000000      0.8284375       1.686375      0.4319445      0.5364223    
        3060  0.8125000      0.7341875       1.536433      0.4263893      0.5255732    
        3080  0.9375000      0.8342500       1.556406      0.4078768      0.5110192    
        3100  0.8750000      0.7098750       1.357137      0.4236449      0.5102959    
        3120  0.9375000      0.8355625       1.628544      0.4030102      0.5375976    
        3140  0.8125000      0.7254375       1.386254      0.4008631      0.5337275    
        3160   1.000000      0.8733750       1.662535      0.4440739      0.5446711    
        3180   1.000000      0.7830000       1.331702      0.4568606      0.5447216    
        3200   1.000000      0.8576250       1.596617      0.4416718      0.5472190    
        3220  0.8750000      0.7936250       1.248509      0.4392219      0.5294275    
        3240   1.000000      0.8337500       1.451563      0.4408480      0.5405917    
        3260   1.000000      0.8030000      0.9793182      0.4827245      0.5713609    
        3280   1.000000      0.8204375       1.310724      0.4829990      0.6083333    
        3300  0.8750000      0.8125625       1.536771      0.4396392      0.5739481    
        3320   1.000000      0.8216250       1.570264      0.4333044      0.5594444    
        3340  0.8750000      0.8076875       1.540529      0.4481406      0.5732422    
        3360  0.8750000      0.8269375       1.364062      0.4732577      0.5870496    
        3380  0.8750000      0.7995000       1.438089      0.4293178      0.5284665    
        3400  0.8750000      0.8163750       1.484620      0.4433091      0.6027777    
        3420  0.8750000      0.8065000       1.229222      0.4271244      0.5472189    
        3440  0.8750000      0.8038125       1.354613      0.4374163      0.5783334    
        3460  0.8750000      0.7991250       1.493359      0.4345707      0.5385743    
        3480  0.8750000      0.8213125       1.435741      0.4250277      0.5229569    
        3500  0.8750000      0.7770625       1.271219      0.4109337      0.5161132    
        3520  0.8750000      0.8092500       1.329939      0.4311131      0.5444444    
        3540  0.8750000      0.7803125       1.097898      0.4393622      0.5535076    
        3560  0.8750000      0.8219375       1.391064      0.4499268      0.5498523    
        3580  0.8750000      0.7960000       1.174294      0.4322227      0.5255556    
        3600  0.8750000      0.8151875       1.349542      0.4434264      0.5779947    
        3620  0.8750000      0.7988750       1.221416      0.4282764      0.5136095    
        3640  0.8750000      0.8290000       1.385635      0.4372247      0.5722493    
        3660  0.8750000      0.7803750       1.162533      0.4278470      0.5298439    
        3680  0.8750000      0.8335625       1.382403      0.4351090      0.5643644    
        3700  0.8750000      0.7998750       1.348501      0.4159045      0.5391788    
        3720   1.000000      0.8602500       1.595293      0.4285315      0.5615235    
        3740  0.8750000      0.7903750       1.703295      0.4111158      0.4926471    
        3760  0.8750000      0.8219375       1.562185      0.4115658      0.4995410    
        3780  0.8750000      0.7755625       1.239887      0.4149917      0.5119666    
        3800  0.8750000      0.8256875       1.584644      0.4308562      0.5701546    
        3820  0.8750000      0.7959375       1.544580      0.4090000      0.5065716    
        3840  0.8750000      0.8227500       1.727344      0.4303401      0.5176898    
        3860  0.8750000      0.7915625       1.588887      0.4282718      0.5421488    
        3880  0.8750000      0.8216250       1.537209      0.4328277      0.5428648    
        3900  0.8750000      0.7858125       1.481740      0.4387959      0.5178698    
        3920  0.8750000      0.8286250       1.583813      0.4423246      0.5361552    
        3940  0.8750000      0.7883125       1.426746      0.4437828      0.5611395    
        3960  0.8750000      0.8375000       1.482217      0.4542373      0.5520021    
        3980  0.8750000      0.7868750       1.234700      0.4641471      0.5745768    
        4000  0.9375000      0.8311875       1.374000      0.4555217      0.5708007    
        4020  0.8750000      0.8086250       1.332367      0.4338797      0.5385016    
        4040  0.8750000      0.8220000       1.407207      0.4405926      0.5450149    
        4060  0.8750000      0.8118125       1.446720      0.4088123      0.5136095    
        4080  0.8750000      0.8218750       1.379835      0.4589263      0.5805555    
        4100  0.8750000      0.7971875       1.431263      0.4524241      0.5463868    
        4120   1.000000      0.8338125       1.411000      0.4579230      0.5594444    
        4140  0.8750000      0.7979375       1.149707      0.4514462      0.5509387    
        4160  0.8750000      0.8229375       1.421760      0.4510823      0.5461111    
        4180   1.000000      0.8010000       1.417183      0.4373317      0.5471647    
        4200   1.000000      0.8887500       1.429611      0.4509763      0.5581055    
        4220   1.000000      0.7934375       1.274269      0.4387256      0.5268555    
        4240   1.000000      0.9430625       1.440651      0.4405000      0.5243930    
        4260   1.000000      0.7988750       1.085278      0.4222721      0.5165030    
        4280   1.000000      0.9293125       1.381117      0.4370137      0.5102539    
        4300  0.8750000      0.7962500       1.190582      0.4297559      0.5218524    
        4320   1.000000      0.8399375       1.456095      0.4203481      0.5286161    
        4340  0.8750000      0.7983125       1.414739      0.4371069      0.5183656    
        4360   1.000000      0.8894375       1.543960      0.4473675      0.5277779    
        4380  0.8750000      0.7945625       1.154407      0.4404114      0.5552271    
        4400   1.000000      0.8397500       1.315679      0.4604739      0.5452254    
        4420  0.8750000      0.8024375       1.530741      0.4313391      0.5461110    
        4440  0.8750000      0.8131250       1.225849      0.4248812      0.5104060    
        4460  0.8750000      0.8054375       1.145770      0.4200727      0.5150295    
        4480  0.8750000      0.8236875       1.265615      0.4380720      0.5228928    
        4500  0.8750000      0.8100625       1.243302      0.4259346      0.5170897    
        4520  0.8750000      0.8251875       1.458990      0.4550555      0.5633609    
        4540  0.8750000      0.7883750       1.384713      0.4492274      0.5834961    
        4560  0.8750000      0.8161875       1.413194      0.4577171      0.5705556    
        4580  0.8750000      0.8038750       1.256852      0.4662987      0.5613943    
        4600  0.8750000      0.8194375       1.485651      0.4606547      0.5724363    
        4620  0.8750000      0.7985625       1.424204      0.4443110      0.5815067    
        4640  0.8750000      0.8190625       1.416650      0.4306640      0.5223725    
        4660  0.8750000      0.7898750       1.492112      0.4426346      0.5330577    
        4680  0.9375000      0.8310625       1.497022      0.4563614      0.5449955    
        4700  0.8750000      0.7696250       1.490142      0.4476929      0.5229568    
        4720  0.8750000      0.8298125       1.484473      0.4416824      0.5439054    
        4740  0.8750000      0.8053750       1.357734      0.4332298      0.5058592    
        4760   1.000000      0.8241250       1.387025      0.4521389      0.5633609    
        4780  0.8750000      0.8132500       1.330777      0.4336879      0.5623583    
        4800  0.8750000      0.8196875       1.469559      0.4439252      0.5570749    
        4820  0.8750000      0.8130625       1.540802      0.4287511      0.5327150    
        4840  0.9375000      0.8826250       2.119848      0.4311279      0.5301775    
        4860   1.000000      0.7741250       1.540497      0.4366040      0.5385743    
        4880  0.9375000      0.8914375       1.829124      0.4388718      0.5399450    
        4900   1.000000      0.8095000       1.153063      0.4365897      0.5322581    
        4920   1.000000      0.8948750       1.627640      0.4413835      0.5500593    
        4940  0.8750000      0.7733125       1.179338      0.4671319      0.5718343    
        4960   1.000000      0.8551250       1.480474      0.4718395      0.5718343    
        4980   1.000000      0.7961875       1.351599      0.4656321      0.5642791    
        5000   1.000000      0.9212500       1.293616      0.4732721      0.5738813    
        5020   1.000000      0.8261250       1.385507      0.4505977      0.5434572    
        5040   1.000000      0.8564375       1.502751      0.4594549      0.5661113    
        5060  0.8750000      0.7908125       1.224912      0.4463722      0.5649019    
        5080   1.000000      0.8425000       1.310369      0.4612453      0.5702768    
        5100  0.8750000      0.8068125       1.662896      0.4397284      0.5255731    
        5120   1.000000      0.8726875       1.432387      0.4572417      0.5780438    
        5140   1.000000      0.7975000       1.060793      0.4563182      0.5611395    
        5160   1.000000      0.9221250       1.437391      0.4891055      0.5716667    
        5180   1.000000      0.7923125       1.261396      0.4718022      0.5558075    
        5200   1.000000      0.9229375       1.196873      0.4877324      0.5784615    
        5220   1.000000      0.8180625       1.429122      0.4830368      0.5955557    
        5240   1.000000      0.9188125       1.189323      0.5025952      0.5987638    
        5260   1.000000      0.9055625       1.192248      0.4658850      0.5697888    
        5280   1.000000      0.9140625       1.241795      0.4734321      0.5575260    
        5300   1.000000      0.8100625       1.355427      0.4517160      0.5463735    
        5320   1.000000      0.9220000       1.260600      0.4565793      0.5668946    
        5340   1.000000      0.7993750       1.249846      0.4350025      0.5385649    
        5360   1.000000      0.8740000       1.355575      0.4653343      0.5616769    
        5380   1.000000      0.8293750       1.268346      0.4514601      0.5594530    
        5400  0.8750000      0.8221875       1.410627      0.4647102      0.6272295    
        5420  0.9375000      0.8131250       1.392988      0.4518222      0.5587928    
        5440   1.000000      0.8494375       1.471388      0.4555816      0.5590349    
        5460   1.000000      0.7972500       1.509697      0.4599662      0.5679013    
        5480   1.000000      0.8396875       1.409962      0.4458507      0.5411111    
        5500  0.8750000      0.8008125       1.377231      0.4330732      0.5259172    
        5520  0.8750000      0.8226250       1.462395      0.4474864      0.5661157    
        5540   1.000000      0.8469375       1.250706      0.4457680      0.5618935    
        5560   1.000000      0.9287500       1.352066      0.4629777      0.5434570    
        5580   1.000000      0.8351875       1.176694      0.4363781      0.5322582    
        5600   1.000000      0.9148750       1.236771      0.4671958      0.5542437    
        5620   1.000000      0.8215625       1.367030      0.4449903      0.5405273    
        5640   1.000000      0.9260000       1.237309      0.4663360      0.5606062    
        5660   1.000000      0.8300000       1.424901      0.4527611      0.5522802    
        5680   1.000000      0.9230000       1.494161      0.4723958      0.5668945    
        5700   1.000000      0.8100000       1.318991      0.4496920      0.5468320    
        5720   1.000000      0.9268750       1.600722      0.4429870      0.5386982    
        5740   1.000000      0.7984375       1.436277      0.4343425      0.5238751    
        5760   1.000000      0.9210000       1.155399      0.4612456      0.5497606    
        5780   1.000000      0.8108750       1.389018      0.4513560      0.5355312    
        5800   1.000000      0.9361875       1.265598      0.4723234      0.5659768    
        5820   1.000000      0.8076875       1.366573      0.4216406      0.5208116    
        5840   1.000000      0.9373125       1.356585      0.4411097      0.5449955    
        5860   1.000000      0.8917500       1.267076      0.4387217      0.5286160    
        5880   1.000000      0.9214375       1.078816      0.4809328      0.5689940    
        5900   1.000000      0.8111875       1.370507      0.4441080      0.5353798    
        5920   1.000000      0.9245000       1.227759      0.4657057      0.5805663    
        5940   1.000000      0.8305000       1.243463      0.4469151      0.5520291    
        5960   1.000000      0.8961875       1.125383      0.4853647      0.5688705    
        5980   1.000000      0.8394375       1.190054      0.4486524      0.5306509    
        6000   1.000000      0.9298125       1.472018      0.4585540      0.5376493    
        6020   1.000000      0.8071250       1.202689      0.4426999      0.5266299    
        6040   1.000000      0.9098125       1.201729      0.4710392      0.5478607    
        6060   1.000000      0.8396875       1.122871      0.4573972      0.5361111    
        6080   1.000000      0.9015625       1.508296      0.4514094      0.5361982    
        6100   1.000000      0.7975625       1.428356      0.4513831      0.5573193    
        6120   1.000000      0.8614375       1.463866      0.4510348      0.5519527    
        6140  0.8750000      0.7868750       1.308159      0.4623609      0.5743161    
        6160  0.9375000      0.8657500       1.547627      0.4395062      0.5364149    
        6180  0.8750000      0.7475000       1.458619      0.4431877      0.5503231    
        6200  0.9375000      0.8928125       1.598189      0.4440444      0.5350000    
        6220  0.8750000      0.7881875       1.117348      0.4259567      0.5468320    
        6240   1.000000      0.9056875       1.476401      0.4327416      0.5333045    
        6260  0.8750000      0.7861875       1.765556      0.4459973      0.5502929    
        6280   1.000000      0.8974375       1.486820      0.4189146      0.5353798    
        6300  0.8750000      0.7796875       1.468874      0.4246967      0.5211111    
        6320   1.000000      0.9371250       1.930407      0.4190444      0.5404281    
        6340  0.8750000      0.8059375       1.360469      0.4240806      0.5240237    
        6360  0.8750000      0.8225625       1.467295      0.4381549      0.5350000    
        6380  0.8750000      0.7931875       1.006413      0.4208860      0.5054171    
        6400  0.8750000      0.8265625       1.393584      0.4326556      0.5424852    
        6420  0.8750000      0.7777500       1.413152      0.4179184      0.5104560    
        6440  0.8750000      0.8101875       1.399908      0.4388039      0.5950013    
        6460  0.8750000      0.8013125       1.198102      0.4617328      0.5633661    
        6480  0.8750000      0.8196875       1.390486      0.4588866      0.6147643    
        6500  0.8750000      0.7579375       1.232460      0.4304741      0.5468262    
        6520  0.9375000      0.8171875       1.422431      0.4474590      0.5661157    
        6540  0.8750000      0.8176250       1.333327      0.4337277      0.5457857    
        6560   1.000000      0.8210625       1.390023      0.4518008      0.5711002    
        6580  0.8750000      0.7837500       1.223525      0.4565369      0.5806452    
        6600   1.000000      0.8166875       1.529981      0.4471027      0.5600644    
        6620  0.8750000      0.7951875      0.9262673      0.4533909      0.5361553    
        6640  0.8750000      0.8257500       1.479891      0.4335451      0.5424852    
        6660  0.8750000      0.8042500       1.238453      0.4386553      0.5616769    
        6680  0.8750000      0.8226250       1.289829      0.4216457      0.5197709    
        6700  0.8750000      0.8077500       1.249732      0.4273854      0.5131837    
        6720  0.8750000      0.8269375       1.264557      0.4517709      0.5644462    
        6740  0.8750000      0.8037500       1.004197      0.4196268      0.5371631    
        6760   1.000000      0.8133750       1.526439      0.4407509      0.5830184    
        6780  0.8750000      0.7990625       1.232117      0.4469742      0.5718892    
        6800   1.000000      0.8799375       1.648186      0.4215710      0.5214844    
        6820  0.9375000      0.8078125       1.393473      0.4280584      0.5135275    
        6840   1.000000      0.8826250       1.501400      0.4494058      0.5502929    
        6860  0.8750000      0.7929375      0.9205836      0.4551639      0.5478668    
        6880   1.000000      0.9313750       1.546316      0.4627320      0.5600646    
        6900  0.8750000      0.8049375       1.097433      0.4588783      0.5498523    
        6920   1.000000      0.9381875       1.314528      0.5051500      0.5820106    
        6940  0.8750000      0.7855000       1.120014      0.4645436      0.5586736    
        6960   1.000000      0.8875000       1.520039      0.4713412      0.5639669    
        6980  0.8750000      0.8040000       1.117968      0.4510915      0.5816857    
        7000   1.000000      0.9285000       1.586681      0.4670513      0.5532225    
        7020  0.8750000      0.8163125       1.360978      0.4456966      0.5705556    
        7040   1.000000      0.9024375       1.589741      0.4365900      0.5361552    
        7060  0.8750000      0.8008750       1.400999      0.4273707      0.5583271    
        7080   1.000000      0.8906250       1.640851      0.4266391      0.5297328    
        7100  0.8750000      0.8073125       1.218924      0.4447852      0.5390956    
        7120   1.000000      0.9290625       1.493315      0.4427398      0.5312214    
        7140  0.8750000      0.7838750       1.231937      0.4377920      0.5632893    
        7160   1.000000      0.8284375       1.464915      0.4494343      0.5685208    
        7180  0.8750000      0.8064375       1.441373      0.4326406      0.5334911    
        7200  0.8750000      0.8253750       1.490353      0.4429532      0.5395422    
        7220   1.000000      0.8090625       1.334666      0.4443899      0.5547998    
        7240   1.000000      0.8320000       1.547200      0.4613011      0.5610352    
        7260  0.8750000      0.8014375       1.254067      0.4612474      0.5522460    
        7280   1.000000      0.8148125       1.255757      0.4687570      0.5894445    
        7300  0.8750000      0.7741875       1.235986      0.4723930      0.5668934    
        7320   1.000000      0.8408750       1.599211      0.4806184      0.5907692    
        7340  0.8750000      0.8076250       1.428408      0.4451238      0.5568396    
        7360   1.000000      0.8176250       1.396807      0.4445292      0.5794140    
        7380  0.8750000      0.7986875       1.299595      0.4307818      0.5124717    
        7400   1.000000      0.8481250       1.408509      0.4434213      0.5661539    
        7420  0.8750000      0.8025000       1.028607      0.4428177      0.5576171    
        7440   1.000000      0.8180625       1.450066      0.4373084      0.5385675    
        7460  0.8750000      0.8102500      0.8719963      0.4647768      0.5624348    
        7480   1.000000      0.8368125       1.589363      0.4509793      0.5504681    
        7500  0.8750000      0.8005625       1.258017      0.4446514      0.5595270    
        7520   1.000000      0.8971875       1.509753      0.4228122      0.5668935    
        7540  0.8750000      0.7984375      0.9870725      0.4256459      0.5618936    
        7560   1.000000      0.9319375       1.558010      0.4374560      0.5164498    
        7580  0.8750000      0.8116875       1.084035      0.4469837      0.5371630    
        7600   1.000000      0.9428750       1.415679      0.4403432      0.5482489    
        7620  0.8750000      0.8016875       1.061886      0.4266469      0.5394858    
        7640   1.000000      0.9226875       1.384255      0.4701717      0.5648778    
        7660  0.8750000      0.7808125       1.360892      0.4499965      0.5431054    
        7680   1.000000      0.9442500       1.580516      0.4537524      0.5502930    
        7700  0.8750000      0.7878750      0.8948347      0.4823572      0.6030638    
        7720   1.000000      0.8303750       1.374997      0.4548556      0.5616769    
        7740   1.000000      0.8005625       1.546161      0.4614155      0.5502645    
        7760   1.000000      0.8250000       1.511041      0.4620925      0.5705257    
        7780  0.8750000      0.7808125       1.522356      0.4422199      0.5348026    
        7800   1.000000      0.8982500       1.603879      0.4329639      0.5374610    
        7820  0.8750000      0.7955000       1.183353      0.4590122      0.5530697    
        7840   1.000000      0.8607500       1.467381      0.4572227      0.5517578    
        7860  0.8750000      0.8059375       1.035683      0.4459316      0.5170898    
        7880   1.000000      0.8331875       1.454294      0.4492396      0.5331317    
        7900  0.8750000      0.7958750       1.555386      0.4486509      0.5678711    
        7920  0.8750000      0.8283750       1.549606      0.4402103      0.5297852    
        7940  0.8750000      0.8158125       1.556612      0.4264365      0.5434570    
        7960   1.000000      0.8308125       1.781562      0.4397140      0.5298439    
        7980  0.8750000      0.7947500       1.585684      0.4117566      0.5137001    
        8000  0.8750000      0.8173125       1.481814      0.4343284      0.5395421    
        8020  0.8750000      0.8038125       1.272765      0.4342943      0.5331318    
        8040   1.000000      0.8208750       1.613770      0.4345197      0.5549999    
        8060  0.8750000      0.7498125       1.497702      0.4304646      0.5406903    
        8080  0.8750000      0.8081875       1.546639      0.4438540      0.5254942    
        8100  0.8750000      0.7989375       1.076631      0.4472305      0.5507686    
        8120   1.000000      0.8403125       1.425859      0.4515214      0.5563021    
        8140  0.8750000      0.8001875       1.403578      0.4185334      0.5427060    
        8160   1.000000      0.8587500       1.379246      0.4574510      0.5789350    
        8180  0.8750000      0.8038750       1.448661      0.4547368      0.5415385    
        8200   1.000000      0.8431875       1.358895      0.4552878      0.5589895    
        8220  0.8750000      0.7976250       1.236599      0.4465178      0.5437044    
        8240  0.8750000      0.8281875       1.309705      0.4493928      0.5457857    
        8260  0.8750000      0.8077500       1.391361      0.4373280      0.5224609    
        8280  0.8750000      0.8326250       1.399483      0.4482240      0.5509272    
        8300  0.8750000      0.7936250       1.270336      0.4484469      0.5366591    
        8320  0.8750000      0.8243750       1.327344      0.4570751      0.5444336    
        8340  0.8750000      0.7923125       1.209508      0.4674470      0.5644444    
        8360  0.8750000      0.8208750       1.499082      0.4490169      0.5478316    
        8380  0.8750000      0.8015000       1.283027      0.4538199      0.5581054    
        8400   1.000000      0.8179375       1.507163      0.4500727      0.5573192    
        8420  0.8750000      0.7965625       1.536725      0.4449747      0.5454102    
        8440   1.000000      0.8210000       1.658590      0.4548161      0.5724363    
        8460  0.8750000      0.7901250       1.799989      0.4212103      0.5197634    
        8480   1.000000      0.9126875       1.762596      0.4265693      0.5240614    
        8500   1.000000      0.7791875       1.061893      0.4296460      0.5514647    
        8520   1.000000      0.8379375       1.450534      0.4348891      0.5248384    
        8540  0.8750000      0.7918750       1.331044      0.4360200      0.5404322    
        8560   1.000000      0.9325000       1.479332      0.4693331      0.5601837    
        8580  0.8750000      0.8113750       1.450380      0.4595209      0.5595703    
        8600   1.000000      0.8295625       1.481678      0.4630899      0.5815430    
        8620   1.000000      0.8026250       1.408754      0.4494722      0.5395421    
        8640   1.000000      0.9352500       1.546633      0.4584277      0.5566406    
        8660  0.8750000      0.8110625       1.205690      0.4468763      0.5557396    
        8680   1.000000      0.9245625       1.677631      0.4420711      0.5356445    
        8700  0.8750000      0.7804375       1.491796      0.4372081      0.5740392    
        8720   1.000000      0.8993750       1.399989      0.4431583      0.5270891    
        8740  0.8750000      0.7978125       1.267829      0.4415752      0.5544384    
        8760   1.000000      0.8898750       1.556801      0.4530503      0.5583270    
        8780   1.000000      0.7879375       1.501118      0.4512772      0.5811110    
        8800   1.000000      0.8186875       1.316284      0.4484039      0.5455523    
        8820  0.8750000      0.7938750       1.421273      0.4391843      0.5427060    
        8840  0.9375000      0.8286250       1.434432      0.4410032      0.5321395    
        8860  0.8750000      0.7895000       1.357243      0.4285677      0.5380275    
        8880   1.000000      0.8241250       1.382619      0.4279241      0.5249999    
        8900  0.8750000      0.7918125       1.222082      0.4271275      0.5375976    
        8920  0.8750000      0.8178750       1.330291      0.4488172      0.5533333    
        8940  0.8750000      0.7995000       1.438493      0.4245993      0.5119376    
        8960   1.000000      0.8430625       1.326077      0.4478439      0.5462331    
        8980  0.8750000      0.7964375       1.347436      0.4290398      0.5259172    
        9000   1.000000      0.8448750       1.422759      0.4431064      0.5546875    
        9020  0.8750000      0.8136250       1.067748      0.4395159      0.5551758    
        9040   1.000000      0.8355625       1.469309      0.4472553      0.5713610    
        9060  0.8750000      0.7513750       1.377509      0.4271256      0.5527840    
        9080   1.000000      0.8268750       1.473458      0.4466425      0.5718001    
        9100  0.8750000      0.7900000       1.581381      0.4371410      0.5442175    
        9120   1.000000      0.8330625       1.530259      0.4391145      0.5481657    
        9140  0.8750000      0.7977500       1.335938      0.4201775      0.5218521    
        9160   1.000000      0.9427500       1.488001      0.4312807      0.5312214    
        9180  0.8750000      0.7987500       1.245540      0.4260016      0.5091827    
        9200   1.000000      0.9294375       1.656457      0.4143511      0.4928783    
        9220  0.8750000      0.7981250       1.382081      0.4086684      0.5102540    
        9240   1.000000      0.8795625       1.737734      0.4091279      0.5170068    
        9260  0.8750000      0.7864375       1.481529      0.4227677      0.5439953    
        9280   1.000000      0.8648125       1.844424      0.4029909      0.5166469    
        9300  0.8750000      0.7263750       1.689516      0.4026977      0.4981634    
        9320   1.000000      0.8658750       1.859508      0.4009291      0.5228928    
        9340  0.8750000      0.8215625       1.092507      0.3935175      0.4663086    
        9360  0.8750000      0.8342500       1.713182      0.3865223      0.5211834    
        9380  0.8750000      0.7093750       1.448016      0.4090784      0.5117160    
        9400   1.000000      0.9421250       1.525473      0.3962881      0.4772223    
        9420  0.8750000      0.7440625       1.297722      0.4042431      0.4960938    
        9440   1.000000      0.9415000       1.645132      0.4128227      0.5013859    
        9460  0.8750000      0.7436250       1.200342      0.4448236      0.5392390    
        9480   1.000000      0.9210000       1.830841      0.3966453      0.4766865    
        9500  0.8750000      0.8121875       1.251560      0.3960654      0.4812295    
        9520   1.000000      0.8839375       1.726987      0.4152633      0.5031952    
        9540  0.8750000      0.7583125       1.111471      0.4132365      0.5130710    
        9560   1.000000      0.8413750       1.631443      0.4174026      0.5305027    
        9580  0.8750000      0.7506250       1.109527      0.4221219      0.4973544    
        9600   1.000000      0.9500625       1.746691      0.4084399      0.5049130    
        9620  0.8750000      0.7580625       1.187282      0.4161208      0.5244972    
        9640   1.000000      0.9151250       1.668298      0.3964109      0.4579414    
        9660  0.8750000      0.7486875       1.159645      0.4177169      0.5151367    
        9680   1.000000      0.9122500       1.833913      0.4048480      0.4960947    
        9700  0.8750000      0.7858750       1.289113      0.4001783      0.5169230    
        9720   1.000000      0.9182500       1.742823      0.3901152      0.4874568    
        9740  0.8750000      0.7768125       1.363850      0.4118523      0.5182102    
        9760   1.000000      0.9347500       1.649179      0.3993298      0.5119668    
        9780  0.8750000      0.7516875       1.034462      0.4451614      0.5294445    
        9800   1.000000      0.8629375       1.612178      0.4300849      0.5354783    
        9820  0.8750000      0.7494375       1.181883      0.4259685      0.5285375    
        9840   1.000000      0.8444375       1.588950      0.4123644      0.5292939    
        9860  0.8750000      0.7395625       1.419141      0.4140306      0.5034529    
        9880  0.9375000      0.8271250       1.631877      0.4165383      0.5159764    
        9900  0.8125000      0.7393125       1.376019      0.4304231      0.5303029    
        9920   1.000000      0.8188750       1.580301      0.4240587      0.5411029    
        9940  0.8125000      0.7340000       1.473228      0.4213373      0.5268554    
        9960  0.8750000      0.8129375       1.540540      0.4233243      0.5297040    
        9980  0.8750000      0.7555625       1.583677      0.4212459      0.5168188    
       10000  0.8750000      0.8176875       1.680308      0.4151964      0.5119181    
       10020  0.8750000      0.7334375       1.710829      0.4346920      0.5331802    
       10040   1.000000      0.8219375       1.715498      0.4203559      0.5311244    
       10060  0.8750000      0.7290000       1.635101      0.4171399      0.5307616    
       10080   1.000000      0.9066875       1.871625      0.4126137      0.4956055    
       10100  0.8750000      0.7355625       1.286635      0.4089739      0.5405273    
       10120  0.8750000      0.8242500       1.715680      0.4143761      0.5062435    
       10140  0.8750000      0.7410625       1.514069      0.4411731      0.5606019    
       10160   1.000000      0.8428125       1.607791      0.4337876      0.5450148    
       10180  0.8750000      0.7409375       1.504552      0.4263089      0.5165278    
       10200   1.000000      0.8391250       1.652054      0.4191322      0.5258789    
       10220  0.8750000      0.7473125       1.484322      0.4209754      0.5180147    
       10240   1.000000      0.8558125       1.718570      0.4358093      0.5285967    
       10260  0.8750000      0.7492500       1.643870      0.4211921      0.5133150    
       10280   1.000000      0.8701875       1.860940      0.3940432      0.5105602    
       10300  0.8750000      0.7455000       1.465925      0.4236897      0.5440965    
       10320   1.000000      0.8974375       1.711379      0.4057051      0.5305025    
       10340  0.8750000      0.7865000       1.358553      0.3960270      0.5346679    
       10360   1.000000      0.8003125       1.517496      0.4099396      0.5205401    
       10380  0.8750000      0.7528750       1.196040      0.4189446      0.5053710    
       10400   1.000000      0.9505625       1.706471      0.4150111      0.4922146    
       10420  0.8750000      0.7667500       1.175243      0.4127885      0.5150884    
       10440   1.000000      0.8640625       1.656911      0.4150990      0.5096419    
       10460  0.8750000      0.7498750      0.9967307      0.4241148      0.5332987    
       10480   1.000000      0.8953750       1.610997      0.4230586      0.5190225    
       10500  0.8750000      0.7536250       1.041861      0.4292189      0.5771683    
       10520   1.000000      0.9355625       2.141266      0.4175572      0.5020811    
       10540  0.8750000      0.7463125       1.364908      0.4448901      0.5239258    
       10560   1.000000      0.9002500       1.674834      0.4122846      0.5016667    
       10580  0.8750000      0.7513125       1.107706      0.4209431      0.5297265    
       10600   1.000000      0.8521875       1.620443      0.4132103      0.5050272    
       10620  0.8750000      0.7547500       1.359099      0.4303813      0.5135275    
       10640  0.8750000      0.8163750       1.365985      0.4424856      0.5649999    
       10660  0.8750000      0.7895000       1.104508      0.4437742      0.5455555    
       10680  0.8750000      0.8281250       1.349372      0.4487636      0.5650364    
       10700  0.8750000      0.7724375       1.201610      0.4294471      0.5728408    
       10720  0.8750000      0.8230000       1.315487      0.4359316      0.5649018    
       10740  0.8750000      0.8106875      0.8812405      0.4571217      0.5739731    
       10760  0.8750000      0.8276875       1.301470      0.4810195      0.5772641    
       10780  0.8750000      0.7883750       1.291564      0.4301426      0.5487514    
       10800   1.000000      0.8301875       1.382212      0.4467869      0.5530697    
       10820  0.9375000      0.7916250       1.228346      0.4430522      0.5525398    
       10840  0.8750000      0.8161250       1.332919      0.4496728      0.5897200    
       10860  0.8750000      0.7678125       1.255253      0.4359400      0.5452253    
       10880  0.8750000      0.8250625       1.337481      0.4547307      0.5405917    
       10900  0.8750000      0.7576250       1.333454      0.4460361      0.5422021    
       10920  0.8750000      0.8121875       1.471294      0.4281134      0.5613722    
       10940  0.8750000      0.7838750       1.133852      0.4759347      0.6105826    
       10960   1.000000      0.8296875       1.398908      0.4493611      0.5873724    
       10980  0.8750000      0.7884375       1.235161      0.4401479      0.5433334    
       11000   1.000000      0.8256250       1.310389      0.4493586      0.6046373    
       11020  0.8750000      0.7924375       1.390237      0.4231454      0.5112305    
       11040  0.8750000      0.8256875       1.402794      0.4339718      0.5429586    
       11060  0.8750000      0.7533750       1.438145      0.4056886      0.5216666    
       11080   1.000000      0.8203125       1.450764      0.4231916      0.5467373    
       11100   1.000000      0.7880000       1.012552      0.4369770      0.5416232    
       11120  0.8750000      0.8178750       1.278568      0.4461649      0.5613945    
       11140  0.8750000      0.7905625       1.266468      0.4280740      0.5064279    
       11160  0.8750000      0.8276875       1.358980      0.4414541      0.5306510    
       11180  0.8750000      0.7981875       1.228671      0.4350231      0.5579146    
       11200   1.000000      0.8395625       1.413611      0.4317421      0.5284665    
       11220  0.8750000      0.8071250       1.367597      0.4750217      0.5708143    
       11240   1.000000      0.9255625       1.382734      0.5025389      0.6134235    
       11260   1.000000      0.7984375      0.9238099      0.4942106      0.5923968    
       11280   1.000000      0.8961875       1.740198      0.4873117      0.5744521    
       11300   1.000000      0.7985625       1.192545      0.4630535      0.5514647    
       11320   1.000000      0.8910000       1.288007      0.4685977      0.5844727    
       11340  0.8750000      0.8046875       1.280036      0.4611474      0.5415384    
       11360   1.000000      0.9458125       1.504036      0.4581498      0.5991211    
       11380  0.8750000      0.8045000       1.126890      0.4457299      0.5528007    
       11400   1.000000      0.9341875       1.613313      0.4657482      0.5675740    
       11420  0.8750000      0.8078125       1.245197      0.4437146      0.5605469    
       11440   1.000000      0.9352500       1.517071      0.4287171      0.5004881    
       11460  0.8750000      0.7910000       1.068424      0.4293236      0.5119376    
       11480   1.000000      0.8364375       1.467942      0.4584359      0.5405273    
       11500  0.8750000      0.8080625       1.467422      0.4341152      0.5175782    
       11520   1.000000      0.8838750       1.487044      0.4579459      0.5442176    
       11540  0.8750000      0.7958125       1.301994      0.4531128      0.5523416    
       11560   1.000000      0.9425000       1.527951      0.4508835      0.5454545    
       11580  0.8750000      0.8067500       1.387506      0.4388494      0.5338889    
       11600  0.9375000      0.8343750       1.399608      0.4402058      0.5346680    
       11620  0.8750000      0.7943125       1.023068      0.4423192      0.5410157    
       11640   1.000000      0.8417500       1.474983      0.4209120      0.5585938    
       11660  0.8750000      0.7613125       1.412114      0.4172265      0.5194637    
       11680   1.000000      0.8396875       1.466357      0.4459031      0.5469692    
       11700  0.8750000      0.8096250       1.373265      0.4447628      0.5262027    
       11720   1.000000      0.8276250       1.334144      0.4478192      0.5718893    
       11740  0.8750000      0.7968750       1.310754      0.4253176      0.5428061    
       11760   1.000000      0.8253750       1.365576      0.4319226      0.5546373    
       11780  0.8750000      0.8036250       1.092510      0.4374004      0.5395507    
       11800   1.000000      0.9077500       1.465642      0.4438207      0.5258790    
       11820  0.8750000      0.7988125       1.322409      0.4359328      0.5739210    
       11840   1.000000      0.8302500       1.435962      0.4334031      0.5518824    
       11860  0.8750000      0.8042500       1.331598      0.4161448      0.5150000    
       11880   1.000000      0.8352500       1.396468      0.4307246      0.5498046    
       11900  0.8750000      0.7909375       1.310787      0.4250410      0.5141601    
       11920   1.000000      0.9328750       1.527182      0.4152322      0.5089443    
       11940  0.8750000      0.7898125       1.402400      0.4240752      0.5268555    
       11960   1.000000      0.8450000       1.595806      0.4294996      0.5283527    
       11980  0.8750000      0.7881875      0.9672615      0.4236600      0.5129756    
       12000   1.000000      0.9025625       1.676541      0.4247901      0.5109599    
       12020  0.8750000      0.7967500       1.063722      0.4362812      0.5423730    
       12040   1.000000      0.8931250       1.612702      0.4449160      0.5332986    
       12060  0.8750000      0.7831875       1.340574      0.4232083      0.5219727    
       12080  0.8750000      0.8284375       1.533753      0.4424923      0.5437139    
       12100  0.8750000      0.8041250       1.509300      0.4639196      0.5724267    
       12120  0.8750000      0.8161250       1.387506      0.4561509      0.5599999    
       12140  0.8750000      0.7750000       1.325716      0.4230113      0.5097657    
       12160   1.000000      0.8227500       1.512491      0.4326715      0.5312499    
       12180  0.8750000      0.7908125       1.340143      0.4281411      0.5249025    
       12200   1.000000      0.9295625       1.778409      0.4650427      0.5576331    
       12220  0.8750000      0.7985625       1.408300      0.4371108      0.5444772    
       12240   1.000000      0.9248750       1.761367      0.4673959      0.5600585    
       12260  0.8750000      0.7941875       1.377275      0.4321658      0.5353799    
       12280   1.000000      0.8133125       1.379026      0.4409508      0.5449954    
       12300  0.8750000      0.8061875       1.327400      0.4617783      0.5517762    
       12320   1.000000      0.8686250       1.493998      0.4606128      0.5613945    
       12340  0.8750000      0.7720000       1.624816      0.4446605      0.5284665    
       12360   1.000000      0.8421875       1.416480      0.4516416      0.5473633    
       12380  0.8750000      0.7917500       1.375208      0.4592808      0.5986395    
       12400   1.000000      0.9310625       1.742382      0.4552757      0.5260146    
       12420  0.8750000      0.7948750      0.9876814      0.4471640      0.5461112    
       12440   1.000000      0.9450625       1.776016      0.4743111      0.5471647    
       12460  0.8750000      0.7929375       1.206957      0.4677989      0.5870497    
       12480   1.000000      0.8495625       1.508197      0.4402798      0.5542958    
       12500  0.8750000      0.7911875       1.377705      0.4296046      0.5172222    
       12520   1.000000      0.8340625       1.480606      0.4423400      0.5558076    
       12540  0.8750000      0.7923125       1.337026      0.4294126      0.5353400    
       12560   1.000000      0.9305000       1.747914      0.4474470      0.5561111    
       12580  0.8750000      0.7873125       1.499595      0.4211420      0.5024414    
       12600   1.000000      0.8796875       2.087900      0.4423932      0.5327778    
       12620  0.8750000      0.7675625       1.521598      0.4420120      0.5471647    
       12640   1.000000      0.8258125       1.549637      0.4563979      0.5561915    
       12660  0.8750000      0.7966250       1.483196      0.4501825      0.5492568    
       12680   1.000000      0.8455625       1.478595      0.4404607      0.5533728    
       12700  0.8750000      0.8125000       1.236186      0.4325659      0.5344379    
       12720   1.000000      0.8913750       1.524536      0.4541937      0.5452255    
       12740  0.8750000      0.7914375       1.299774      0.4562055      0.5415040    
       12760   1.000000      0.9338750       1.367232      0.4512337      0.5588889    
       12780  0.8750000      0.8064375      0.9622409      0.4668290      0.5949999    
       12800   1.000000      0.8845625       1.371459      0.4804938      0.5888672    
       12820  0.8750000      0.8058750       1.245309      0.4729311      0.5633137    
       12840   1.000000      0.8405625       1.471133      0.4655613      0.5963138    
       12860  0.8750000      0.7963750       1.153546      0.4432688      0.5394858    
       12880  0.8750000      0.8296250       1.403016      0.4478972      0.5800781    
       12900  0.8750000      0.8030000       1.461489      0.4578864      0.5633662    
       12920   1.000000      0.8223125       1.411416      0.4582578      0.5638890    
       12940  0.8750000      0.7984375       1.445252      0.4350573      0.5336357    
       12960   1.000000      0.8391875       1.377712      0.4432230      0.5489074    
       12980  0.8750000      0.8042500       1.465630      0.4248976      0.5170898    
       13000   1.000000      0.8291875       1.377017      0.4458988      0.5729405    
       13020  0.8750000      0.7958125       1.409326      0.4294332      0.5255731    
       13040   1.000000      0.8901875       1.433364      0.4062296      0.4776275    
       13060  0.8750000      0.7466250       1.186017      0.4259038      0.5112305    
       13080  0.8750000      0.8323125       1.555840      0.4203461      0.5237812    
       13100  0.8750000      0.8001250       1.071033      0.4358770      0.5249740    
       13120  0.9375000      0.8319375       1.420539      0.4563165      0.5665144    
       13140  0.8750000      0.7821875       1.491855      0.4519796      0.5533333    
       13160   1.000000      0.8143750       1.410398      0.4576427      0.5603538    
       13180  0.8750000      0.7975000       1.452129      0.4348957      0.5688477    
       13200   1.000000      0.8076250       1.569200      0.4340003      0.5419922    
       13220  0.8750000      0.7951250       1.182462      0.4344744      0.5278320    
       13240  0.9375000      0.8297500       1.498610      0.4311130      0.5324125    
       13260  0.8750000      0.7695000       1.418780      0.4147227      0.5046154    
       13280  0.9375000      0.8325625       1.535905      0.4224527      0.5450000    
       13300  0.8750000      0.7989375       1.599979      0.4254092      0.5449955    
       13320  0.9375000      0.8259375       1.424513      0.4358037      0.5543196    
       13340  0.8750000      0.7826875       1.446201      0.4063478      0.5287575    
       13360  0.8750000      0.8240000       1.304403      0.4442005      0.5473632    
       13380  0.8750000      0.8001875       1.316695      0.4464930      0.5725328    
       13400  0.8750000      0.8259375       1.432329      0.4416419      0.5634755    
       13420  0.8750000      0.7968750       1.312506      0.4433009      0.5339645    
       13440  0.8750000      0.8180625       1.383413      0.4469824      0.5571290    
       13460  0.8750000      0.7997500       1.245204      0.4528283      0.5472223    
       13480   1.000000      0.8228750       1.446279      0.4392674      0.5593132    
       13500  0.8750000      0.8183125       1.392045      0.4344889      0.5251276    
       13520  0.8750000      0.8208125       1.362577      0.4517708      0.5383509    
       13540  0.8750000      0.7947500       1.241739      0.4580631      0.5463735    
       13560  0.8750000      0.8238750       1.322450      0.4587417      0.5754423    
       13580  0.8750000      0.7961875      0.9383966      0.4335161      0.5260772    
       13600  0.8750000      0.8279375       1.467268      0.4407970      0.5361552    
       13620  0.9375000      0.7841875       1.274526      0.4491512      0.5432099    
       13640   1.000000      0.8145000       1.327261      0.4543028      0.5832466    
       13660  0.8750000      0.7983750       1.459329      0.4348531      0.5283202    
       13680   1.000000      0.9229375       1.509139      0.4439064      0.5391787    
       13700  0.8750000      0.8052500       1.242148      0.4358065      0.5288085    
       13720   1.000000      0.9336250       1.448530      0.4505623      0.5255732    
       13740  0.8750000      0.8070625       1.328591      0.4290806      0.5161111    
       13760   1.000000      0.8964375       1.508048      0.4301019      0.5620118    
       13780  0.8750000      0.7973125       1.231718      0.4381955      0.5353798    
       13800   1.000000      0.9301250       1.519194      0.4408024      0.5240614    
       13820  0.8750000      0.7967500       1.388388      0.4318347      0.5306122    
       13840   1.000000      0.8706875       1.451606      0.4345300      0.5294444    
       13860  0.8750000      0.8106250       1.366316      0.4302633      0.5395002    
       13880   1.000000      0.9191250       1.512136      0.4414901      0.5166492    
       13900  0.8750000      0.8015625       1.062616      0.4568549      0.5512725    
       13920   1.000000      0.8579375       1.396448      0.4621117      0.5665144    
       13940  0.8750000      0.7940625       1.015505      0.4708317      0.5905557    
       13960   1.000000      0.8444375       1.368667      0.4717924      0.5813019    
       13980  0.8750000      0.8028125       1.342587      0.4311260      0.5644445    
       14000   1.000000      0.8801250       1.473826      0.4363543      0.5600001    
       14020  0.8750000      0.8145625       1.367040      0.4181893      0.5331317    
       14040   1.000000      0.9425625       1.608134      0.4294867      0.5190429    
       14060  0.8750000      0.8058750       1.308743      0.4118129      0.5065717    
       14080   1.000000      0.9248125       1.383022      0.4504508      0.5429586    
       14100   1.000000      0.7969375       1.432277      0.4379033      0.5219027    
       14120   1.000000      0.8885625       1.382565      0.4377119      0.5386500    
       14140  0.8750000      0.7825625       1.437332      0.4207151      0.5214844    
       14160   1.000000      0.8622500       1.404910      0.4360732      0.5463867    
       14180  0.8750000      0.8035000       1.324733      0.4535091      0.5428202    
       14200   1.000000      0.9038125       1.650121      0.4391202      0.5620117    
       14220   1.000000      0.8063750       1.017486      0.4585743      0.5473465    
       14240   1.000000      0.8285000       1.461265      0.4688510      0.5769659    
       14260  0.8750000      0.7972500       1.399739      0.4621004      0.6046762    
       14280   1.000000      0.8468750       1.657699      0.4606754      0.6100509    
       14300  0.8750000      0.7793750       1.468903      0.4453458      0.5538639    
       14320   1.000000      0.8559375       1.530751      0.4351102      0.5292968    
       14340  0.8750000      0.8021250      0.9051460      0.4315211      0.5416234    
       14360   1.000000      0.8401875       1.441209      0.4485815      0.5390626    
       14380  0.8750000      0.7822500       1.170069      0.4298818      0.5297852    
       14400   1.000000      0.8304375       1.399254      0.4341903      0.5476923    
       14420  0.8750000      0.8052500       1.348683      0.4476750      0.5468751    
       14440   1.000000      0.8508750       1.486003      0.4495039      0.5416172    
       14460  0.8750000      0.8006875       1.572535      0.4291685      0.5225498    
       14480   1.000000      0.8605000       1.530977      0.4541712      0.5359001    
       14500  0.8750000      0.7746875       1.402911      0.4441747      0.5546896    
       14520   1.000000      0.8314375       1.389756      0.4371790      0.5596877    
       14540  0.8750000      0.8028125       1.231444      0.4353148      0.5268555    
       14560   1.000000      0.9356250       1.401855      0.4674354      0.5615235    
       14580  0.8750000      0.7998750       1.183617      0.4433506      0.5520290    
       14600   1.000000      0.9261250       1.390298      0.4508644      0.5655566    
       14620  0.8750000      0.8081875       1.460099      0.4413091      0.5550129    
       14640   1.000000      0.8330000       1.596845      0.4437318      0.5396450    
       14660  0.8750000      0.7962500       1.031992      0.4354946      0.5467372    
       14680  0.9375000      0.8488750       1.554420      0.4292826      0.5181556    
       14700  0.8750000      0.7895000       1.070810      0.4834029      0.5729642    
       14720   1.000000      0.9096250       1.508267      0.4416660      0.5458986    
       14740  0.8750000      0.7787500       1.316160      0.4370354      0.5404040    
       14760   1.000000      0.9205625       1.519642      0.4506420      0.5649413    
       14780  0.8750000      0.7594375       1.579487      0.4390337      0.5325987    
       14800   1.000000      0.8921875       1.771193      0.4506916      0.5361111    
       14820  0.8750000      0.8050000       1.338410      0.4490169      0.5624350    
       14840   1.000000      0.8519375       1.448736      0.4459440      0.5367309    
       14860  0.8750000      0.8123125       1.408573      0.4504824      0.5668945    
       14880   1.000000      0.8282500       1.402950      0.4485891      0.5663896    
       14900  0.8750000      0.8008125       1.180741      0.4241166      0.4995408    
       14920  0.8750000      0.8176875       1.480047      0.4300672      0.5498523    
       14940  0.8750000      0.7591875       1.291137      0.4204586      0.5064279    
       14960  0.8750000      0.8120625       1.384260      0.4357068      0.5940829    
       14980  0.8750000      0.8038125       1.220205      0.4209812      0.5119219    
       15000  0.8750000      0.8100000       1.307520      0.4351144      0.5368047    
       15020  0.8750000      0.8046875      0.9747406      0.4343063      0.5294445    
       15040  0.9375000      0.8364375       1.722016      0.4001568      0.5169882    
       15060  0.8750000      0.7760000       1.381769      0.4096473      0.5126953    
       15080  0.9375000      0.8137500       1.485686      0.4181016      0.5461110    
       15100  0.8750000      0.7631250       1.398011      0.4199142      0.5031217    
       15120  0.9375000      0.8211250       1.425443      0.4296991      0.5391786    
       15140  0.8750000      0.8079375       1.216942      0.4185816      0.5145563    
       15160   1.000000      0.9146875       1.645820      0.4202210      0.5099522    
       15180  0.8750000      0.8085000       1.349388      0.4224919      0.5255647    
       15200   1.000000      0.8643750       1.583099      0.4192360      0.5213319    
       15220  0.8750000      0.7897500       1.407295      0.4048268      0.5133151    
       15240   1.000000      0.8764375       1.588116      0.4114762      0.5253907    
       15260  0.8750000      0.8039375       1.275856      0.4444139      0.5500593    
       15280   1.000000      0.8548750       1.454863      0.4249243      0.5668946    
       15300  0.8750000      0.7802500       1.469862      0.4219989      0.5107422    
       15320   1.000000      0.8655000       1.524383      0.4398429      0.5722655    
       15340  0.8750000      0.8037500       1.302802      0.4346162      0.5315976    
       15360   1.000000      0.9479375       1.502609      0.4291671      0.5121894    
       15380  0.8750000      0.7976875       1.429429      0.4275397      0.5488281    
       15400   1.000000      0.8558125       1.532773      0.4552640      0.5629883    
       15420  0.8750000      0.7995625       1.526014      0.4457110      0.5307618    
       15440   1.000000      0.9213125       1.665603      0.4196678      0.5270552    
       15460  0.8750000      0.8036875       1.307355      0.4209011      0.5188248    
       15480   1.000000      0.9208750       1.685088      0.4413950      0.5096903    
       15500  0.8750000      0.8050000       1.154531      0.4420739      0.5312213    
       15520   1.000000      0.8310000       1.390704      0.4445620      0.5482489    
       15540  0.8750000      0.7823750       1.352415      0.4669400      0.5468262    
       15560   1.000000      0.8458750       1.485783      0.4686982      0.5616667    
       15580  0.8750000      0.7962500       1.367948      0.4587780      0.5616770    
       15600  0.8750000      0.8198125       1.405199      0.4468834      0.5527840    
       15620  0.8750000      0.7918750       1.255506      0.4262819      0.5561914    
       15640   1.000000      0.8297500       1.424749      0.4345058      0.5507684    
       15660  0.8750000      0.7906875       1.430817      0.4389544      0.5439397    
       15680   1.000000      0.8265625       1.626785      0.4295326      0.5268555    
       15700  0.8750000      0.7937500       1.323603      0.4383805      0.5364224    
       15720   1.000000      0.8338750       1.554185      0.4394369      0.5369408    
       15740  0.8750000      0.8028750       1.375518      0.4599950      0.5606421    
       15760  0.9375000      0.8164375       1.464338      0.4456789      0.5385016    
       15780  0.8750000      0.7854375       1.300643      0.4865630      0.5778016    
       15800   1.000000      0.8523750       1.425064      0.4872562      0.5830185    
       15820  0.8750000      0.7840000       1.255192      0.4678302      0.5481184    
       15840   1.000000      0.8921875       1.337679      0.4838280      0.5977225    
       15860  0.8750000      0.7511250       1.265207      0.4643390      0.5512695    
       15880   1.000000      0.8454375       1.235985      0.4680751      0.5774755    
       15900  0.8750000      0.7953750       1.069865      0.4581539      0.5730994    
       15920   1.000000      0.8038750       1.259876      0.4452230      0.5505351    
       15940  0.8750000      0.7931875       1.308601      0.4475576      0.5916666    
       15960   1.000000      0.8130625       1.338418      0.4562739      0.5792550    
       15980  0.8750000      0.7833125       1.048375      0.4293384      0.5181402    
       16000  0.8750000      0.8213750       1.286560      0.4496827      0.5681581    
       16020  0.8750000      0.7988750       1.187354      0.4250223      0.5124870    
       16040   1.000000      0.8371875       1.450570      0.4469666      0.5532227    
       16060  0.8750000      0.7846875       1.157811      0.4434748      0.5437043    
       16080   1.000000      0.9508750       1.615215      0.4324560      0.5173966    
       16100  0.8750000      0.8052500       1.040115      0.4215670      0.5185187    
       16120   1.000000      0.8357500       1.653050      0.4222322      0.5239335    
       16140  0.8750000      0.7941250       1.028485      0.4401814      0.5312213    
       16160  0.9375000      0.8418750       1.466860      0.4477421      0.5760750    
       16180  0.8750000      0.7630625       1.537951      0.4388511      0.5229568    
       16200   1.000000      0.9018750       1.519113      0.4331430      0.4998817    
       16220  0.8750000      0.8143750       1.457869      0.4338875      0.5263671    
       16240   1.000000      0.8299375       1.455963      0.4373469      0.5528995    
       16260  0.8750000      0.8027500       1.517281      0.4210910      0.5478669    
       16280   1.000000      0.8980625       1.510259      0.4071919      0.5088757    
       16300  0.8750000      0.8030000       1.405248      0.4036912      0.5265810    
       16320   1.000000      0.8858750       1.730200      0.4159777      0.5446711    
       16340  0.8750000      0.7945625       1.183098      0.4271493      0.5138890    
       16360   1.000000      0.8299375       1.562164      0.4195092      0.5270890    
       16380  0.8750000      0.8083125       1.337327      0.4257688      0.5117160    
       16400   1.000000      0.8378125       1.432793      0.4355727      0.5381708    
       16420  0.8750000      0.8033750       1.375933      0.4404266      0.5437137    
       16440  0.8750000      0.8282500       1.434954      0.4438293      0.5616667    
       16460  0.8750000      0.7883125       1.299498      0.4275698      0.5449955    
       16480  0.8750000      0.8332500       1.423040      0.4380304      0.5395421    
       16500  0.8750000      0.7896875       1.323463      0.4395553      0.5593349    
       16520   1.000000      0.9245625       1.468712      0.4553111      0.5327783    
       16540   1.000000      0.8163125       1.290608      0.4428735      0.5760748    
       16560   1.000000      0.9303750       1.351839      0.4443006      0.5366211    
       16580   1.000000      0.8149375       1.433640      0.4390396      0.5454546    
       16600   1.000000      0.9160000       1.392724      0.4300834      0.5324395    
       16620   1.000000      0.8021250       1.181386      0.4498016      0.5284028    
       16640   1.000000      0.9200000       1.281886      0.4522295      0.5561523    
       16660   1.000000      0.8683750       1.108087      0.4713914      0.5520291    
       16680   1.000000      0.9261875       1.332597      0.4568150      0.5698243    
       16700   1.000000      0.8273125       1.276320      0.4476561      0.5447832    
       16720   1.000000      0.9495625       1.515155      0.4651066      0.5546875    
       16740   1.000000      0.8175000       1.338911      0.4562277      0.5443788    
       16760   1.000000      0.8619375       1.399834      0.4510495      0.5551509    
       16780   1.000000      0.8632500       1.160558      0.4536575      0.5353847    
       16800   1.000000      0.8951875       1.321488      0.4596296      0.5410157    
       16820   1.000000      0.8162500       1.184179      0.4428087      0.5353798    
       16840   1.000000      0.8430000       1.365582      0.4569988      0.5634755    
       16860   1.000000      0.7982500       1.322585      0.4351533      0.5312175    
       16880   1.000000      0.9315625       1.199329      0.4589796      0.5702768    
       16900   1.000000      0.8232500       1.315233      0.4520196      0.5363322    
       16920   1.000000      0.9208750       1.358475      0.4954390      0.6030273    
       16940   1.000000      0.8381875       1.134296      0.4519506      0.5458985    
       16960   1.000000      0.9275625       1.220604      0.4648044      0.5615244    
       16980   1.000000      0.8310000       1.223134      0.4522655      0.5429586    
       17000   1.000000      0.9263750       1.489178      0.4400131      0.5150368    
       17020   1.000000      0.9187500       1.109347      0.4471572      0.5493165    
       17040   1.000000      0.9301250       1.323955      0.4523261      0.5815067    
       17060   1.000000      0.8293750       1.271179      0.4749458      0.5945563    
       17080   1.000000      0.9097500       1.377584      0.4736543      0.5624349    
       17100   1.000000      0.8285000       1.349588      0.4524007      0.5437138    
       17120   1.000000      0.9210625       1.210043      0.4804747      0.5725436    
       17200   1.000000      0.9445000       1.364001      0.4616808      0.5933889    
       17400   1.000000      0.9501875       1.802170      0.4293884      0.5250692    
       17600   1.000000      0.9521875       1.868662      0.4186240      0.5260770    
       17800   1.000000      0.9449375       1.714202      0.4264262      0.5312499    
       18000   1.000000      0.9353750       1.466602      0.4418885      0.5529337    
       18200   1.000000      0.9223750       1.426752      0.4502094      0.5624820    
       18400   1.000000      0.9345625       1.467045      0.4457919      0.5729643    
       18600   1.000000      0.9275625       1.459409      0.4529244      0.5561619    
       18800   1.000000      0.9296875       1.443256      0.4453326      0.5440965    
       19000   1.000000      0.9298750       1.490756      0.4496095      0.5682276    
       19200   1.000000      0.9331250       1.459198      0.4441257      0.5725327    
       19400   1.000000      0.9275000       1.456714      0.4479559      0.5950412    
       19600   1.000000      0.9278125       1.427567      0.4507532      0.5624257    
       19800   1.000000      0.9231250       1.436707      0.4575110      0.5627518    
       20000   1.000000      0.9041875       1.182383      0.4672357      0.5902456    
       20200   1.000000      0.9103125       1.166432      0.4696838      0.5919067    
       20400   1.000000      0.9001250       1.122903      0.4762386      0.5982143    
       20600   1.000000      0.9027500       1.110666      0.4735100      0.6003306    
       20800   1.000000      0.8816875       1.106147      0.4764873      0.5988522    
       21000   1.000000      0.9079375       1.121287      0.4680924      0.5606422    
       21200   1.000000      0.9116875       1.107380      0.4789958      0.6312956    
       21400   1.000000      0.9109375       1.119787      0.4749877      0.5808676    
       21600   1.000000      0.9079375       1.121608      0.4765611      0.6077806    
       21800   1.000000      0.8968750       1.114486      0.4729735      0.6036363    
       22000   1.000000      0.8944375       1.119073      0.4724582      0.5751221    
       22200   1.000000      0.9010625       1.122210      0.4721500      0.5687904    
       22400   1.000000      0.8871250       1.125672      0.4750086      0.5785125    
       22600   1.000000      0.9076875       1.129032      0.4669098      0.5971069    
       22800   1.000000      0.9125000       1.115895      0.4726767      0.5963011    
       23000   1.000000      0.9056250       1.118147      0.4686113      0.5919068    
       23200   1.000000      0.9016875       1.114535      0.4705152      0.5719382    
       23400   1.000000      0.8919375       1.117671      0.4726935      0.5727779    
       23600   1.000000      0.8981875       1.122356      0.4722158      0.5665874    
       23800   1.000000      0.9111875       1.119919      0.4735789      0.6058674    
       24000   1.000000      0.8860000       1.119582      0.4737143      0.6044855    
       24200   1.000000      0.9121250       1.110655      0.4746367      0.6014158    
       24400   1.000000      0.8938125       1.117097      0.4743612      0.5963638    
       24600   1.000000      0.9034375       1.120426      0.4697021      0.5646137    
       24800   1.000000      0.8981250       1.143827      0.4712273      0.6020408    
       25000   1.000000      0.9081250       1.125501      0.4757537      0.5939358    
       25200   1.000000      0.8991250       1.112929      0.4727594      0.5884297    
       25400   1.000000      0.8931250       1.112154      0.4662230      0.5772889    
       25600   1.000000      0.9132500       1.107832      0.4717182      0.5665038    
       25800   1.000000      0.9074375       1.112570      0.4754635      0.5731576    
       26000   1.000000      0.9058125       1.120383      0.4736754      0.5737149    
       26200   1.000000      0.8940000       1.104087      0.4761089      0.6014158    
       26400   1.000000      0.8940000       1.117259      0.4779303      0.5983471    
       26600   1.000000      0.9075000       1.116514      0.4715167      0.5857850    
       26800   1.000000      0.9095625       1.111784      0.4732018      0.5706372    
       27000   1.000000      0.9124375       1.194724      0.4672394      0.5987639    
       27200   1.000000      0.8956250       1.129954      0.4742128      0.5797185    
       27400   1.000000      0.9085000       1.104153      0.4780430      0.6045920    
       27600   1.000000      0.8998750       1.120260      0.4711045      0.6020410    
       27800   1.000000      0.8952500       1.113137      0.4782877      0.5960763    
       28000   1.000000      0.9083125       1.117276      0.4755754      0.5774701    
       28200   1.000000      0.9143750       1.107226      0.4670003      0.5614034    
       28400   1.000000      0.8983750       1.122694      0.4675628      0.5676020    
       28600   1.000000      0.9151250       1.152701      0.4652779      0.5593387    
       28800   1.000000      0.8872500       1.112995      0.4723248      0.5695977    
       29000   1.000000      0.9200625       1.126094      0.4738499      0.5864462    
       29200   1.000000      0.9041875       1.107054      0.4733120      0.5917839    
       29400   1.000000      0.8953750       1.135387      0.4744692      0.5676529    
       29600   1.000000      0.9032500       1.116211      0.4706473      0.5854594    
       29800   1.000000      0.9026250       1.118869      0.4734109      0.5945176    
       30000   1.000000      0.9136875       1.127349      0.4712308      0.5952602    
       30200   1.000000      0.9043750       1.120249      0.4676827      0.5788537    
       30400   1.000000      0.8950000       1.119945      0.4743807      0.5751635    
       30600   1.000000      0.9083750       1.113990      0.4694134      0.5980777    
       30800   1.000000      0.9108125       1.117819      0.4771549      0.5977224    
       31000   1.000000      0.9010625       1.119057      0.4723629      0.5959417    
       31200   1.000000      0.9002500       1.114736      0.4692360      0.5752065    
       31400   1.000000      0.8980000       1.111961      0.4719228      0.5706370    
       31600   1.000000      0.8941250       1.109299      0.4735424      0.5976859    
       31800   1.000000      0.8955000       1.116029      0.4722737      0.6127999    
       32000   1.000000      0.9040625       1.111324      0.4743863      0.5856124    
       32200   1.000000      0.9026250       1.115617      0.4700997      0.5745456    
       32400   1.000000      0.8976250       1.117937      0.4759186      0.6023140    
       32600   1.000000      0.8876250       1.114691      0.4758339      0.6069560    
       32800   1.000000      0.8897500       1.110210      0.4760486      0.5791439    
       33000   1.000000      0.9058750       1.120827      0.4700320      0.5705258    
       33200   1.000000      0.8968125       1.112781      0.4772194      0.5758677    
       33400   1.000000      0.8890625       1.139056      0.4685670      0.6282579    
       33600   1.000000      0.8998125       1.116606      0.4739903      0.5743306    
       33800   1.000000      0.8997500       1.120713      0.4704468      0.5884775    
       34000   1.000000      0.8851875       1.109001      0.4717055      0.5737149    
       34200   1.000000      0.9035000       1.115882      0.4713581      0.5918367    
       34400   1.000000      0.8981875       1.138895      0.4724585      0.5838376    
       34600   1.000000      0.8969375       1.122857      0.4690645      0.5776627    
       34800   1.000000      0.9038125       1.116011      0.4657030      0.5695153    
       35000   1.000000      0.9064375       1.118445      0.4697021      0.5835797    
       35200   1.000000      0.8913125       1.113514      0.4752468      0.5905349    
       35400   1.000000      0.9001250       1.106380      0.4730247      0.6420438    
       35600   1.000000      0.8929375       1.115857      0.4749901      0.6106495    
       35800   1.000000      0.8926875       1.119918      0.4752171      0.5719008    
       36000   1.000000      0.8994375       1.121650      0.4721667      0.5854110    
       36200   1.000000      0.9021875       1.124212      0.4700401      0.6097394    
       36400   1.000000      0.9058750       1.115732      0.4715348      0.6159169    
       36600   1.000000      0.8875625       1.103810      0.4754690      0.5890909    
       36800   1.000000      0.8973750       1.122596      0.4722858      0.5644814    
       37000   1.000000      0.8903125       1.115794      0.4766942      0.6308532    
       37200   1.000000      0.8960000       1.149392      0.4674226      0.5809948    
       37400   1.000000      0.9108125       1.196740      0.4658488      0.5767928    
       37600   1.000000      0.8937500       1.173636      0.4727292      0.5975030    
       37800   1.000000      0.9041250       1.118530      0.4733483      0.6144537    
