          20  0.8125000      0.6448750       1.445349      0.4620452      0.6131117    
          40  0.8750000      0.8220000       1.564933      0.4457294      0.5497605    
          60  0.8750000      0.7453125       1.042710      0.4384578      0.5615234    
          80  0.8750000      0.8274375       1.593637      0.4338786      0.5266668    
         100  0.8750000      0.7182500       1.195527      0.4480819      0.5570944    
         120  0.8750000      0.8330625       1.717522      0.4457434      0.5364150    
         140  0.8750000      0.7195000       1.429163      0.4479328      0.5557647    
         160  0.8750000      0.8333750       1.775422      0.4392622      0.5588584    
         180  0.8750000      0.7251875       1.620621      0.4223183      0.5515088    
         200  0.9375000      0.8376875       1.518724      0.4330028      0.5578231    
         220  0.8750000      0.7721875       1.348006      0.4358756      0.5524259    
         240   1.000000      0.8234375       1.465326      0.4229725      0.5298439    
         260  0.8750000      0.7791250       1.245870      0.4375310      0.5320311    
         280  0.8750000      0.8222500       1.300834      0.4368959      0.5570945    
         300  0.8750000      0.7961250       1.321627      0.4210025      0.4964328    
         320  0.8750000      0.8170625       1.451103      0.4381740      0.5302734    
         340  0.8750000      0.7913750       1.232857      0.4413576      0.5426638    
         360   1.000000      0.8308125       1.482063      0.4463850      0.5754422    
         380  0.8750000      0.7906250       1.412953      0.4346652      0.5527777    
         400   1.000000      0.9150000       1.409927      0.4418592      0.5429587    
         420  0.8750000      0.8020625       1.149140      0.4419666      0.5301084    
         440   1.000000      0.8285000       1.404142      0.4419609      0.5455523    
         460  0.8750000      0.8026875       1.414649      0.4306522      0.5203288    
         480   1.000000      0.9324375       1.502078      0.4437715      0.5405917    
         500  0.8750000      0.8006250       1.340848      0.4499331      0.5386982    
         520   1.000000      0.8326250       1.496845      0.4572751      0.5874090    
         540  0.8750000      0.8086875       1.460451      0.4275459      0.5631378    
         560   1.000000      0.8920625       1.459661      0.4307055      0.5410651    
         580  0.8750000      0.8031250       1.275474      0.4451121      0.5366591    
         600   1.000000      0.9167500       1.564179      0.4617631      0.5346680    
         620  0.8750000      0.7922500      0.9794368      0.4516643      0.5320711    
         640   1.000000      0.8501250       1.462125      0.4581826      0.5595266    
         660  0.8750000      0.7960625      0.9652276      0.4427880      0.5502928    
         680   1.000000      0.8746875       1.710851      0.4343919      0.5455556    
         700  0.8750000      0.8051250       1.635360      0.4198063      0.5151384    
         720   1.000000      0.8784375       1.746636      0.4455582      0.5560259    
         740  0.8750000      0.7940625       1.464675      0.4520233      0.5703125    
         760   1.000000      0.8781875       1.690331      0.4569578      0.5516667    
         780  0.8750000      0.8041250       1.494211      0.4440957      0.5449954    
         800   1.000000      0.9253750       1.477172      0.4587036      0.5333046    
         820  0.8750000      0.8021875       1.346449      0.4414479      0.5330580    
         840   1.000000      0.8528125       1.403626      0.4442268      0.5444775    
         860  0.8750000      0.8163125       1.402861      0.4396579      0.5282841    
         880   1.000000      0.8201250       1.415951      0.4517874      0.5708143    
         900  0.8750000      0.8111250       1.412254      0.4361273      0.6326256    
         920  0.8750000      0.8230000       1.396546      0.4312001      0.5434321    
         940  0.8750000      0.8006250       1.440557      0.4368394      0.5303029    
         960   1.000000      0.8202500       1.383346      0.4432894      0.5386747    
         980  0.8750000      0.8021875       1.274899      0.4341908      0.5351474    
        1000   1.000000      0.8792500       1.451197      0.4443003      0.5320710    
        1020  0.8750000      0.7966875       1.349716      0.4516655      0.5353400    
        1040   1.000000      0.8205000       1.378144      0.4665360      0.5694129    
        1060  0.8750000      0.7985625       1.187401      0.4561797      0.5624350    
        1080   1.000000      0.8211875       1.418450      0.4576770      0.5981445    
        1100  0.8750000      0.7991875       1.411875      0.4374002      0.5421436    
        1120   1.000000      0.8311875       1.473287      0.4473770      0.5600644    
        1140  0.8750000      0.8093750       1.408255      0.4249462      0.5713518    
        1160   1.000000      0.8594375       1.483506      0.4355781      0.5168188    
        1180  0.8750000      0.7911250       1.381084      0.4273775      0.5239332    
        1200   1.000000      0.9039375       1.501316      0.4121364      0.5452255    
        1220  0.8750000      0.8068750       1.362403      0.3997123      0.5444773    
        1240   1.000000      0.9368125       1.434886      0.4233981      0.5116904    
        1260  0.8750000      0.8123125       1.431846      0.4093753      0.5107692    
        1280   1.000000      0.9170625       1.416924      0.4572229      0.5644444    
        1300  0.8750000      0.8021250      0.9790781      0.4612049      0.5555874    
        1320   1.000000      0.8229375       1.391543      0.4337559      0.5616769    
        1340  0.8750000      0.8077500       1.375187      0.4169117      0.5354783    
        1360   1.000000      0.8286250       1.417262      0.4356051      0.5780437    
        1380  0.8750000      0.8078125       1.283732      0.4238177      0.5168189    
        1400  0.8750000      0.8228125       1.446577      0.4397720      0.5361553    
        1420  0.8750000      0.7706875       1.385639      0.4128489      0.5065716    
        1440   1.000000      0.8309375       1.423801      0.4431906      0.6165280    
        1460  0.8750000      0.8001875      0.9202186      0.4565840      0.5459183    
        1480  0.8750000      0.8272500       1.218538      0.4632028      0.5868015    
        1500  0.8750000      0.7638125       1.372975      0.4478474      0.5457855    
        1520   1.000000      0.8490625       1.468608      0.4415329      0.5537983    
        1540  0.8750000      0.8088125       1.347642      0.4347032      0.5159990    
        1560   1.000000      0.9213125       1.371974      0.4584292      0.5530697    
        1580  0.8750000      0.7960625       1.106167      0.4497569      0.5601838    
        1600   1.000000      0.8790000       1.531048      0.4263547      0.5305555    
        1620  0.8750000      0.7988125       1.191364      0.4351070      0.5200196    
        1640   1.000000      0.8300625       1.412853      0.4378615      0.5434570    
        1660  0.8750000      0.8115625       1.346179      0.4334514      0.5226033    
        1680   1.000000      0.9143125       1.632214      0.4279641      0.5356444    
        1700  0.8750000      0.8118750       1.463749      0.4089204      0.5119377    
        1720   1.000000      0.9070000       1.772703      0.4401996      0.5185987    
        1740  0.8750000      0.7907500       1.199654      0.4292989      0.5437045    
        1760   1.000000      0.8316875       1.424809      0.4301042      0.5311161    
        1780  0.8750000      0.7741875       1.364186      0.4127729      0.4975586    
        1800   1.000000      0.8287500       1.491885      0.4306778      0.5563020    
        1820  0.8750000      0.7835000       1.322102      0.4073139      0.5197710    
        1840  0.8750000      0.8233125       1.419346      0.4333180      0.5356445    
        1860  0.8750000      0.8093750       1.256505      0.4408273      0.5176898    
        1880  0.8750000      0.8193750       1.212919      0.4490721      0.5516667    
        1900  0.8750000      0.7481250       1.411751      0.4188655      0.5249023    
        1920  0.8750000      0.8156250       1.333577      0.4652677      0.5471648    
        1940  0.8750000      0.7986875       1.343695      0.4725004      0.5822061    
        1960   1.000000      0.8571875       1.365896      0.4637396      0.6090561    
        1980  0.8750000      0.7988125       1.246301      0.4860801      0.5797185    
        2000   1.000000      0.9181250       1.461300      0.4672737      0.5628402    
        2020  0.8750000      0.7606875       1.308007      0.4394262      0.5292968    
        2040   1.000000      0.8195000       1.354081      0.4422617      0.5483334    
        2060  0.8750000      0.7943125       1.461668      0.4375346      0.5537919    
        2080  0.8750000      0.8230000       1.283449      0.4507443      0.5507811    
        2100  0.8750000      0.7916875       1.152788      0.4388924      0.5375977    
        2120  0.8750000      0.8194375       1.370319      0.4449557      0.5616770    
        2140  0.8750000      0.7704375       1.164916      0.4459492      0.5457856    
        2160  0.9375000      0.8308750       1.549819      0.4419205      0.5457295    
        2180  0.8750000      0.8038750      0.8918210      0.4591078      0.5677765    
        2200  0.8750000      0.8297500       1.402305      0.4603655      0.5719383    
        2220  0.8750000      0.8100000       1.470731      0.4185854      0.5493163    
        2240   1.000000      0.8316875       1.494208      0.4243214      0.5388889    
        2260  0.8750000      0.8125000       1.284062      0.4348756      0.5396826    
        2280   1.000000      0.8376875       1.406555      0.4529923      0.5381709    
        2300   1.000000      0.8170625       1.344429      0.4419737      0.5998811    
        2320  0.9375000      0.8241875       1.420286      0.4496687      0.5645161    
        2340  0.8750000      0.7872500       1.281878      0.4427568      0.5520160    
        2360  0.8750000      0.8256875       1.523611      0.4417561      0.5449827    
        2380  0.8750000      0.7866250       1.513655      0.4151559      0.5566405    
        2400   1.000000      0.8433750       1.421253      0.4404563      0.5659770    
        2420   1.000000      0.7999375       1.450411      0.4370440      0.5468262    
        2440  0.9375000      0.8281250       1.463068      0.4462264      0.5937499    
        2460  0.8750000      0.7996875       1.535901      0.4472637      0.5482094    
        2480  0.8750000      0.8145625       1.419441      0.4560074      0.5834960    
        2500  0.8750000      0.7978750       1.480111      0.4330072      0.5197429    
        2520   1.000000      0.8796875       1.761469      0.4376907      0.5369523    
        2540  0.8750000      0.8166250       1.395537      0.4274729      0.5270891    
        2560  0.9375000      0.8158750       1.370152      0.4404243      0.5606021    
        2580  0.8750000      0.7886250       1.476716      0.4244392      0.5654394    
        2600  0.9375000      0.8702500       1.574122      0.4558852      0.5437045    
        2620   1.000000      0.8124375       1.420900      0.4298108      0.5437138    
        2640  0.9375000      0.8746250       1.553185      0.4481378      0.5476922    
        2660   1.000000      0.8162500       1.493484      0.4484385      0.5493147    
        2680  0.8750000      0.8221875       1.383206      0.4491074      0.5454152    
        2700  0.8750000      0.8065000       1.075189      0.4417044      0.5525494    
        2720  0.8750000      0.8213125       1.452105      0.4661570      0.5754597    
        2740  0.8750000      0.8093125       1.288854      0.4458475      0.5353798    
        2760  0.9375000      0.8928750       1.865572      0.4536922      0.5367310    
        2780  0.8750000      0.7769375       1.607165      0.4325793      0.5334911    
        2800  0.9375000      0.8270000       1.464140      0.4321689      0.5491276    
        2820  0.8750000      0.8120625       1.481129      0.4370391      0.5405828    
        2840  0.9375000      0.8846875       1.832959      0.4424345      0.5272492    
        2860   1.000000      0.8019375       1.088455      0.4656241      0.5659770    
        2880  0.9375000      0.8828750       1.601347      0.4232109      0.5317383    
        2900  0.8750000      0.7688125       1.394298      0.4439349      0.5343391    
        2920  0.9375000      0.8902500       1.710612      0.4237770      0.4941406    
        2940  0.8750000      0.7380000       1.535926      0.4302113      0.5395422    
        2960  0.9375000      0.8873125       1.773680      0.4331927      0.5230536    
        2980  0.8750000      0.7338125       1.570811      0.4481114      0.5386748    
        3000  0.9375000      0.8976250       1.791497      0.4354545      0.5342650    
        3020  0.8750000      0.7996250       1.142910      0.4434232      0.5394444    
        3040   1.000000      0.8854375       1.767793      0.4500998      0.5528008    
        3060  0.8750000      0.7869375       1.403734      0.4338308      0.5255733    
        3080  0.9375000      0.8497500       1.634022      0.4353580      0.5327778    
        3100  0.8750000      0.7416250       1.575939      0.4407976      0.5444773    
        3120   1.000000      0.8955625       2.003528      0.4232879      0.5142736    
        3140  0.8750000      0.7841250       1.357966      0.4305339      0.5353798    
        3160  0.9375000      0.8314375       1.623316      0.4400677      0.5419922    
        3180  0.8750000      0.7936875       1.311852      0.4076651      0.4998740    
        3200   1.000000      0.8172500       1.358142      0.4399666      0.5489074    
        3220  0.8750000      0.7725000       1.343964      0.4332802      0.5650001    
        3240   1.000000      0.8141875       1.356011      0.4481926      0.5629882    
        3260  0.8750000      0.7952500       1.435207      0.4340169      0.5376670    
        3280   1.000000      0.8835625       1.530937      0.4372768      0.5377777    
        3300  0.8750000      0.7964375       1.449634      0.4398330      0.5119180    
        3320   1.000000      0.8951875       1.526345      0.4250062      0.5240614    
        3340  0.8750000      0.7651875       1.279744      0.4330411      0.5332031    
        3360  0.8750000      0.8210625       1.369659      0.4483616      0.5788889    
        3380  0.8750000      0.7813750       1.380911      0.4435050      0.5457857    
        3400   1.000000      0.8266875       1.393069      0.4630804      0.5860418    
        3420  0.8750000      0.8067500       1.389871      0.4354599      0.5188246    
        3440  0.8750000      0.8136250       1.434689      0.4509485      0.5558075    
        3460  0.8750000      0.8047500       1.520115      0.4325648      0.5847954    
        3480   1.000000      0.8317500       1.510804      0.4318610      0.5503897    
        3500  0.8750000      0.7975000       1.326187      0.4573074      0.5667187    
        3520  0.8750000      0.8141250       1.298423      0.4722093      0.5811654    
        3540  0.8750000      0.7916875       1.411908      0.4488932      0.5366211    
        3560   1.000000      0.9042500       1.353996      0.4577701      0.5528995    
        3580  0.8750000      0.8030000       1.165716      0.4643006      0.5684052    
        3600   1.000000      0.9138750       1.529426      0.4505370      0.5511112    
        3620  0.8750000      0.7667500       1.455765      0.4327588      0.5156250    
        3640  0.9375000      0.8224375       1.333234      0.4592859      0.5642605    
        3660  0.8750000      0.7930000       1.396426      0.4579495      0.5442178    
        3680  0.8750000      0.8054375       1.438670      0.4592804      0.5714287    
        3700  0.8750000      0.7969375       1.302507      0.4571983      0.6067222    
        3720  0.8750000      0.8230000       1.355247      0.4386656      0.5890652    
        3740  0.8750000      0.8058750       1.266262      0.4145318      0.5422405    
        3760  0.9375000      0.8270625       1.297832      0.4324509      0.5346403    
        3780  0.8750000      0.7900000      0.9131340      0.4472886      0.5450149    
        3800  0.8750000      0.8075000       1.239884      0.4309923      0.5410156    
        3820  0.8750000      0.7843125       1.086666      0.4321719      0.5327784    
        3840  0.9375000      0.8285000       1.329635      0.4372111      0.5600001    
        3860  0.8750000      0.7843125       1.380625      0.4066280      0.5283526    
        3880  0.8750000      0.8250000       1.322115      0.4225697      0.5595267    
        3900   1.000000      0.7901875       1.057345      0.4227190      0.5230538    
        3920  0.8750000      0.8095625       1.376204      0.4315646      0.5350345    
        3940   1.000000      0.8017500       1.105984      0.4387282      0.5412524    
        3960   1.000000      0.8293750       1.531068      0.4534968      0.5546307    
        3980  0.8750000      0.7950625       1.537034      0.4401254      0.5321151    
        4000  0.8750000      0.8235625       1.495182      0.4555548      0.5689092    
        4020   1.000000      0.7881875      0.9574848      0.4391913      0.5283525    
        4040   1.000000      0.8158125       1.297573      0.4357804      0.5286160    
        4060  0.8750000      0.8147500       1.343838      0.4377902      0.5649018    
        4080  0.9375000      0.8341875       1.516387      0.4314911      0.5291006    
        4100  0.8750000      0.7996250       1.111385      0.4373394      0.5322582    
        4120   1.000000      0.8263125       1.512483      0.4265988      0.5275483    
        4140  0.8750000      0.7903750       1.507084      0.4290185      0.5495859    
        4160   1.000000      0.9143750       1.548627      0.4307537      0.5315974    
        4180  0.8750000      0.7764375       1.342515      0.4233676      0.5348025    
        4200   1.000000      0.8304375       1.286137      0.4336362      0.5381709    
        4220  0.8750000      0.7937500       1.034376      0.4230196      0.5107421    
        4240   1.000000      0.8363750       1.432232      0.4257872      0.5283526    
        4260  0.8750000      0.7950000       1.340952      0.4180376      0.5240236    
        4280   1.000000      0.8278125       1.334968      0.4400832      0.5509887    
        4300  0.8750000      0.7975000       1.282123      0.4267372      0.5208117    
        4320   1.000000      0.8441875       1.405025      0.4379550      0.5519528    
        4340  0.8750000      0.7948750       1.348534      0.4394064      0.5311242    
        4360   1.000000      0.8390000       1.432323      0.4451627      0.5516666    
        4380  0.8750000      0.8045000       1.380531      0.4400862      0.5288086    
        4400  0.9375000      0.8071250       1.380085      0.4447838      0.5594445    
        4420  0.8750000      0.7766250       1.375531      0.4306380      0.5429585    
        4440   1.000000      0.8695625       1.501398      0.4287598      0.5165290    
        4460  0.8750000      0.7925000       1.342803      0.4421895      0.5288901    
        4480   1.000000      0.9301875       1.842081      0.4255151      0.5063155    
        4500  0.8750000      0.8051250       1.290093      0.4276676      0.5127777    
        4520   1.000000      0.9356250       1.449623      0.4497630      0.5381083    
        4540  0.8750000      0.7905000       1.155368      0.4566273      0.5427778    
        4560   1.000000      0.9234375       1.503197      0.4414986      0.5618544    
        4580  0.8750000      0.7896875       1.412973      0.4355460      0.5307617    
        4600   1.000000      0.9458750       1.506286      0.4469515      0.5364203    
        4620  0.8750000      0.8003125       1.035426      0.4488035      0.5427060    
        4640   1.000000      0.9381250       1.368895      0.4327843      0.5336356    
        4660  0.8750000      0.8033750       1.135468      0.4387614      0.5336356    
        4680   1.000000      0.8986250       1.544160      0.4536308      0.5759639    
        4700  0.8750000      0.8028750       1.447993      0.4277015      0.5306971    
        4720   1.000000      0.8283125       1.402987      0.4356709      0.5229493    
        4740  0.8750000      0.8019375       1.500668      0.4160344      0.5211146    
        4760   1.000000      0.9404375       1.635786      0.4264576      0.5335169    
        4780  0.8750000      0.7878750       1.388470      0.4249499      0.5004883    
        4800   1.000000      0.8440000       1.350640      0.4551243      0.5422021    
        4820  0.8750000      0.8045625      0.8677123      0.4712315      0.5636147    
        4840   1.000000      0.8256875       1.432475      0.4574625      0.5487772    
        4860  0.8750000      0.7849375       1.107890      0.4538665      0.5594531    
        4880   1.000000      0.8161875       1.277016      0.4661470      0.5884888    
        4900  0.8750000      0.7801875       1.349846      0.4457949      0.5330177    
        4920  0.8750000      0.8148750       1.321367      0.4496987      0.5437137    
        4940  0.8750000      0.8030625       1.156237      0.4355574      0.5450147    
        4960  0.8750000      0.8178125       1.420792      0.4387702      0.5772642    
        4980  0.8750000      0.7826875       1.386315      0.4407414      0.5301849    
        5000  0.9375000      0.8240000       1.369866      0.4568342      0.5509271    
        5020  0.8750000      0.7765625       1.186002      0.4277216      0.5283335    
        5040  0.9375000      0.9005000       1.692206      0.4117407      0.5074326    
        5060  0.8750000      0.7788125       1.505393      0.4365094      0.5077778    
        5080  0.9375000      0.8891875       1.892640      0.4378650      0.5297852    
        5100  0.8750000      0.7452500       1.576854      0.4384850      0.5569330    
        5120  0.9375000      0.8922500       1.793374      0.4304658      0.5221652    
        5140  0.8750000      0.7960000       1.293144      0.4316607      0.5226036    
        5160  0.8750000      0.8185000       1.558389      0.4373446      0.5670519    
        5180  0.8750000      0.7528750       1.474339      0.4331025      0.5170900    
        5200  0.9375000      0.8333125       1.619894      0.4391751      0.5512695    
        5220   1.000000      0.8081250       1.461963      0.4440583      0.5288087    
        5240   1.000000      0.8305000       1.452488      0.4624644      0.5599999    
        5260  0.8750000      0.8029375       1.565321      0.4374563      0.5492673    
        5280  0.8750000      0.8198125       1.541935      0.4307040      0.5579144    
        5300  0.8750000      0.7883125       1.359649      0.4046663      0.4987024    
        5320  0.8750000      0.8233750       1.291450      0.4239792      0.5220457    
        5340  0.8750000      0.7904375       1.259858      0.3964852      0.4897461    
        5360  0.8750000      0.8236875       1.336973      0.4202113      0.5301083    
        5380  0.8750000      0.8128125       1.246169      0.4232179      0.5151367    
        5400   1.000000      0.8121875       1.448680      0.4335166      0.5354782    
        5420  0.8750000      0.8103750       1.365408      0.4274743      0.5493147    
        5440   1.000000      0.8328125       1.496441      0.4301083      0.5552663    
        5460  0.8750000      0.7935625       1.557283      0.4201114      0.5159765    
        5480   1.000000      0.8270000       1.550007      0.4334353      0.5209962    
        5500  0.8750000      0.7878125       1.320059      0.4231750      0.5265809    
        5520   1.000000      0.9519375       1.518056      0.4218529      0.5028976    
        5540  0.8750000      0.7970625       1.054317      0.4265351      0.5185186    
        5560  0.8750000      0.8292500       1.503059      0.4383535      0.5373134    
        5580  0.9375000      0.7976875       1.397864      0.4354495      0.5183654    
        5600   1.000000      0.8238125       1.363473      0.4449757      0.5557396    
        5620  0.8750000      0.8048750       1.025323      0.4295152      0.5509272    
        5640  0.8750000      0.8228750       1.400998      0.4240807      0.5170068    
        5660  0.8750000      0.7908750       1.161458      0.4390686      0.5341396    
        5680  0.8750000      0.8271250       1.437080      0.4314188      0.5820106    
        5700  0.8750000      0.8003125       1.200845      0.4268691      0.5146924    
        5720   1.000000      0.8265625       1.362569      0.4385276      0.5694130    
        5740  0.8750000      0.8044375       1.245736      0.4338902      0.5281141    
        5760  0.8750000      0.8270625       1.325105      0.4383035      0.5488889    
        5780  0.8750000      0.7878750       1.118673      0.4177857      0.5168686    
        5800   1.000000      0.8355625       1.427313      0.4255705      0.5391787    
        5820  0.8750000      0.7938125       1.201012      0.4199171      0.5268639    
        5840   1.000000      0.8324375       1.331433      0.4425540      0.5395421    
        5860  0.8750000      0.8006250      0.9115162      0.4454562      0.5395421    
        5880   1.000000      0.8323125       1.404294      0.4701792      0.5875535    
        5900  0.8750000      0.8113750       1.212129      0.4542504      0.5422406    
        5920  0.9375000      0.8461875       1.535866      0.4502536      0.5697889    
        5940  0.9375000      0.8091875       1.395151      0.4397806      0.5346680    
        5960   1.000000      0.9105625       1.319099      0.4600746      0.5648779    
        5980   1.000000      0.8299375       1.184499      0.4520867      0.5605468    
        6000   1.000000      0.9100000       1.270698      0.4588973      0.5849610    
        6020   1.000000      0.8241875       1.345820      0.4538668      0.5670519    
        6040   1.000000      0.8559375       1.379733      0.4534540      0.5561112    
        6060   1.000000      0.8350625       1.168660      0.4617285      0.5642094    
        6080   1.000000      0.9136875       1.141912      0.4909963      0.5727540    
        6100   1.000000      0.9333750      0.8733536      0.4770368      0.5670340    
        6120   1.000000      0.9311875       1.575778      0.4665877      0.5675739    
        6140   1.000000      0.8071875       1.316960      0.4551356      0.5537192    
        6160   1.000000      0.9301250       1.242965      0.4837473      0.6046832    
        6180   1.000000      0.8540625       1.228942      0.4602095      0.5458985    
        6200   1.000000      0.8451875       1.541623      0.4577487      0.5764828    
        6220   1.000000      0.8094375       1.282302      0.4566100      0.5951121    
        6240  0.8750000      0.8136250       1.415698      0.4609988      0.5932617    
        6260  0.9375000      0.8054375       1.131240      0.4510189      0.5850000    
        6280  0.9375000      0.8318750       1.545687      0.4369313      0.5415385    
        6300   1.000000      0.8110625       1.390618      0.4473432      0.5494277    
        6320  0.9375000      0.8186250       1.413315      0.4527093      0.5633136    
        6340  0.8750000      0.7888125       1.405758      0.4590144      0.5756518    
        6360  0.8750000      0.8246250       1.422027      0.4444314      0.5541521    
        6380   1.000000      0.8096875       1.412343      0.4403866      0.5244536    
        6400  0.8750000      0.8204375       1.425126      0.4504612      0.5581067    
        6420   1.000000      0.8223750       1.417472      0.4554984      0.5391716    
        6440  0.9375000      0.8685000       1.744714      0.4250455      0.5319670    
        6460  0.8750000      0.7923750       1.492647      0.4295580      0.5221301    
        6480  0.9375000      0.8938125       1.657449      0.4210051      0.4995118    
        6500  0.8750000      0.7270000       1.516003      0.4276466      0.5124965    
        6520   1.000000      0.8525000       1.713661      0.4225104      0.5315776    
        6540  0.8750000      0.8033750       1.378701      0.4076990      0.4908876    
        6560   1.000000      0.8204375       1.491614      0.4198720      0.5529069    
        6580  0.8750000      0.7940625       1.448324      0.4175912      0.5016667    
        6600   1.000000      0.9365625       1.588567      0.4189952      0.4995674    
        6620  0.8750000      0.7982500       1.188615      0.4332587      0.5493165    
        6640   1.000000      0.8663750       1.678088      0.4472135      0.5322580    
        6660  0.8750000      0.8038750       1.274176      0.4429827      0.5717773    
        6680   1.000000      0.9152500       1.900465      0.4307975      0.5289258    
        6700  0.8750000      0.8003125       1.443478      0.4303378      0.5144874    
        6720   1.000000      0.8653750       1.773595      0.4432080      0.5615244    
        6740  0.8750000      0.7577500       1.601437      0.4277080      0.5221303    
        6760   1.000000      0.8554375       1.621253      0.4329635      0.5208287    
        6780  0.8750000      0.7461250       1.263217      0.4279759      0.5350000    
        6800   1.000000      0.8341250       1.927016      0.4393297      0.5391716    
        6820  0.8750000      0.7528750       1.326054      0.4259287      0.5650364    
        6840  0.9375000      0.8353125       1.766935      0.4445668      0.5608740    
        6860  0.8750000      0.7343750       1.356617      0.4405480      0.5305026    
        6880  0.9375000      0.8296875       1.587790      0.4355737      0.5291363    
        6900  0.8750000      0.7424375       1.223855      0.4380987      0.5322223    
        6920  0.8750000      0.8360000       1.753698      0.4391426      0.5364205    
        6940  0.8750000      0.7463125       1.253520      0.4306757      0.5316668    
        6960  0.8750000      0.8300625       1.740365      0.4287471      0.5249023    
        6980  0.8750000      0.7622500       1.423332      0.4171655      0.5405827    
        7000   1.000000      0.8592500       1.976918      0.3991892      0.4951172    
        7020  0.8750000      0.7602500       1.240363      0.4162779      0.5190248    
        7040   1.000000      0.8944375       2.051224      0.3957760      0.4951479    
        7060  0.8750000      0.8036250       1.267902      0.4040251      0.4875130    
        7080   1.000000      0.8281250       1.622912      0.4264317      0.5062434    
        7100  0.8750000      0.7373750       1.445185      0.4243884      0.5240615    
        7120  0.9375000      0.8279375       1.599059      0.4313748      0.5235575    
        7140  0.8750000      0.7293750       1.643407      0.4190040      0.5322580    
        7160   1.000000      0.9517500       2.021179      0.4044554      0.5095664    
        7180  0.8750000      0.7510000       1.482361      0.4132079      0.5327778    
        7200   1.000000      0.9592500       1.904953      0.3750143      0.4713745    
        7220  0.8750000      0.7376875       1.298603      0.3894888      0.4821284    
        7240   1.000000      0.8519375       1.675068      0.3973117      0.5133029    
        7260  0.8750000      0.7538125       1.076894      0.4073929      0.5227779    
        7280   1.000000      0.8326875       1.596928      0.4085778      0.4924592    
        7300  0.8750000      0.7433750       1.041299      0.4030682      0.4904875    
        7320   1.000000      0.9586875       1.694729      0.3861718      0.4824219    
        7340  0.8750000      0.7528750       1.531772      0.4164788      0.5265811    
        7360   1.000000      0.9540000       1.847678      0.4026338      0.4932362    
        7380  0.8750000      0.7394375       1.617193      0.4121158      0.4972453    
        7400   1.000000      0.9030000       1.921913      0.3857265      0.4706152    
        7420  0.8750000      0.7435625       1.371164      0.4011866      0.5343291    
        7440  0.8750000      0.8188750       1.540364      0.4051769      0.4885536    
        7460  0.8750000      0.7158125       1.415238      0.4092540      0.4972452    
        7480   1.000000      0.8341875       1.815543      0.4211161      0.5204082    
        7500  0.8750000      0.7242500       1.537726      0.4143872      0.5082644    
        7520  0.9375000      0.8389375       1.597701      0.4132103      0.5194445    
        7540  0.8750000      0.7663125       1.175664      0.4121369      0.5100001    
        7560  0.8750000      0.8374375       1.773242      0.4118064      0.5197711    
        7580  0.8125000      0.6806875       1.522745      0.4270471      0.5371631    
        7600  0.8750000      0.8315000       2.035291      0.4115755      0.5144873    
        7620  0.8750000      0.7311875       1.590037      0.3972376      0.5177778    
        7640  0.8750000      0.8362500       1.811894      0.4015156      0.5166492    
        7660  0.8750000      0.7413750       1.027411      0.4148507      0.5027778    
        7680  0.8750000      0.8311250       1.763085      0.4043572      0.5004882    
        7700  0.8750000      0.7388750       1.166674      0.4187440      0.5073243    
        7720  0.8750000      0.8221875       1.714972      0.4264695      0.5366665    
        7740  0.8125000      0.7278750       1.290341      0.4359328      0.5744444    
        7760  0.9375000      0.8885000       1.699904      0.4447691      0.5291362    
        7780  0.8750000      0.7421250       1.587458      0.4483572      0.5624350    
        7800  0.9375000      0.8435000       1.580896      0.4325062      0.5278150    
        7820  0.8750000      0.7556875       1.517906      0.4358647      0.5391717    
        7840   1.000000      0.8302500       1.622995      0.4311687      0.5274346    
        7860  0.8750000      0.7823125       1.547422      0.4421787      0.5273373    
        7880  0.8750000      0.8111875       1.416899      0.4398963      0.5288900    
        7900  0.8750000      0.7831250       1.539476      0.4291094      0.5310401    
        7920  0.8750000      0.8147500       1.427208      0.4433482      0.5509885    
        7940  0.8750000      0.7549375       1.452122      0.4390344      0.5205399    
        7960  0.8750000      0.8325000       1.629521      0.4482366      0.5450147    
        7980  0.8750000      0.7747500       1.495644      0.4328859      0.5477023    
        8000  0.9375000      0.8308750       1.586883      0.4253078      0.5406492    
        8020  0.8750000      0.7950625       1.016211      0.4298810      0.5371094    
        8040   1.000000      0.8178750       1.432378      0.4218918      0.5119218    
        8060  0.8750000      0.7928125       1.533971      0.4317877      0.5107692    
        8080   1.000000      0.9154375       1.404848      0.4429964      0.5372782    
        8100  0.8750000      0.7888125       1.139271      0.4293655      0.5272223    
        8120  0.8750000      0.8118125       1.334864      0.4301068      0.5160034    
        8140  0.8750000      0.7748125       1.470158      0.4298122      0.5122070    
        8160  0.8750000      0.8242500       1.329320      0.4410805      0.5732543    
        8180  0.8750000      0.7994375      0.9452828      0.4331685      0.5119677    
        8200  0.8750000      0.8276875       1.232988      0.4479067      0.5502930    
        8220  0.8750000      0.7873750       1.085620      0.4475908      0.5481184    
        8240  0.8750000      0.8106875       1.470447      0.4612955      0.5573191    
        8260  0.8750000      0.7852500       1.252491      0.4522148      0.5367805    
        8280   1.000000      0.8262500       1.387411      0.4671539      0.5713518    
        8300   1.000000      0.8210000       1.079350      0.4611795      0.5718683    
        8320   1.000000      0.8236875       1.452593      0.4540749      0.5658856    
        8340   1.000000      0.8096875       1.434705      0.4482748      0.5401864    
        8360   1.000000      0.8320000       1.446987      0.4477898      0.5998960    
        8380   1.000000      0.8153750       1.533044      0.4402697      0.5247933    
        8400  0.9375000      0.8262500       1.441091      0.4572448      0.5780436    
        8420   1.000000      0.8058750       1.469814      0.4494134      0.5339644    
        8440  0.8750000      0.8156875       1.375192      0.4611770      0.5590347    
        8460  0.8750000      0.8016250       1.350489      0.4295946      0.5299651    
        8480   1.000000      0.9375625       1.367784      0.4563276      0.5561522    
        8500   1.000000      0.8136250      0.9751427      0.4550475      0.5561523    
        8520   1.000000      0.9230000       1.100322      0.4850244      0.5779948    
        8540   1.000000      0.8533125       1.116268      0.4630310      0.5718002    
        8560   1.000000      0.9355625       1.212440      0.4820043      0.5998960    
        8580   1.000000      0.8548750       1.275190      0.4488079      0.5471647    
        8600   1.000000      0.9292500       1.212696      0.4761966      0.5772642    
        8620   1.000000      0.8873125       1.023863      0.4591762      0.5708008    
        8640   1.000000      0.9160000       1.357843      0.4595553      0.5596093    
        8660   1.000000      0.8065000       1.322332      0.4776389      0.6019771    
        8680   1.000000      0.9195625       1.235178      0.4891777      0.5815430    
        8700   1.000000      0.8067500       1.133100      0.4637418      0.6014512    
        8720   1.000000      0.8567500       1.387305      0.4621042      0.5877622    
        8740   1.000000      0.8211875       1.411198      0.4400751      0.5619146    
        8760   1.000000      0.8448125       1.482742      0.4393934      0.5551758    
        8780  0.8750000      0.8017500       1.410407      0.4277699      0.5297042    
        8800   1.000000      0.8876875       1.187407      0.4861344      0.5756836    
        8820   1.000000      0.8120625       1.447476      0.4542973      0.5476922    
        8840  0.8750000      0.8188750       1.436297      0.4612393      0.5739481    
        8860   1.000000      0.8373125       1.278503      0.4629575      0.5624350    
        8880   1.000000      0.8190000       1.412817      0.4595612      0.5668935    
        8900  0.8750000      0.8006250       1.486097      0.4254836      0.5221302    
        8920  0.8750000      0.8154375       1.446852      0.4216309      0.5190465    
        8940  0.8750000      0.7922500      0.9595994      0.4143782      0.5114639    
        8960  0.8750000      0.8300000       1.440696      0.4318439      0.5270551    
        8980  0.8750000      0.7940000       1.231448      0.4225228      0.5311111    
        9000   1.000000      0.8193125       1.410653      0.4398274      0.5481658    
        9020  0.8750000      0.7982500       1.398036      0.4343636      0.5359001    
        9040   1.000000      0.9060625       1.966660      0.4644369      0.5360529    
        9060  0.8750000      0.7958125       1.162242      0.4655786      0.5688021    
        9080   1.000000      0.9209375       1.879699      0.4780620      0.5643645    
        9100  0.8750000      0.7925625       1.357160      0.4536695      0.5642056    
        9120   1.000000      0.8793125       1.617629      0.4601755      0.5764828    
        9140  0.8750000      0.8058125       1.376435      0.4270293      0.5200194    
        9160   1.000000      0.9438750       1.565789      0.4454681      0.5376670    
        9180  0.8750000      0.7931875       1.311182      0.4364649      0.5578231    
        9200   1.000000      0.9280000       1.694783      0.4348995      0.5182102    
        9220  0.8750000      0.7900625       1.445286      0.4281576      0.5396450    
        9240   1.000000      0.9140000       1.383844      0.4622817      0.5385742    
        9260  0.8750000      0.7943125       1.507839      0.4579665      0.5384948    
        9280   1.000000      0.8377500       1.458083      0.4448069      0.5517763    
        9300  0.8750000      0.7954375       1.157297      0.4479616      0.5339761    
        9320   1.000000      0.8486875       1.500302      0.4393399      0.5411112    
        9340  0.8750000      0.7923750       1.135061      0.4388810      0.5332032    
        9360  0.8750000      0.8341250       1.413318      0.4426135      0.5413222    
        9380  0.8750000      0.7966250       1.373775      0.4209601      0.5327778    
        9400  0.8750000      0.8291875       1.412953      0.4447871      0.5642093    
        9420  0.8750000      0.7879375       1.403661      0.4462456      0.5291005    
        9440   1.000000      0.8460625       1.372055      0.4552689      0.5541782    
        9460  0.8750000      0.7969375       1.284856      0.4369904      0.5356446    
        9480   1.000000      0.8728750       1.436008      0.4334972      0.5391786    
        9500  0.8750000      0.8022500       1.319284      0.4173917      0.5141601    
        9520   1.000000      0.9115000       1.436827      0.4566869      0.5443786    
        9540  0.8750000      0.8008750       1.106483      0.4534714      0.5578232    
        9560   1.000000      0.8831250       1.434079      0.4392640      0.5532880    
        9580  0.8750000      0.7961250       1.375176      0.4271443      0.5280926    
        9600   1.000000      0.8303125       1.399373      0.4469307      0.5468262    
        9620  0.8750000      0.8070625       1.160623      0.4371870      0.5371630    
        9640   1.000000      0.8268750       1.484390      0.4338739      0.5840262    
        9660  0.8750000      0.7871875       1.362177      0.4116836      0.4988109    
        9680  0.8750000      0.8120625       1.296839      0.4337194      0.5509885    
        9700  0.8750000      0.8046875       1.359572      0.4132207      0.4895943    
        9720  0.8750000      0.8125000       1.388100      0.4325788      0.5665972    
        9740  0.8750000      0.7547500       1.453771      0.4230399      0.5332986    
        9760   1.000000      0.8478125       1.555319      0.4352403      0.5346680    
        9780  0.8750000      0.8003125       1.409833      0.4317181      0.5457856    
        9800  0.8750000      0.8239375       1.341012      0.4429280      0.5405827    
        9820  0.8750000      0.7862500       1.112736      0.4579589      0.5842871    
        9840   1.000000      0.8306875       1.235008      0.4787594      0.6147659    
        9860  0.9375000      0.8076875       1.325867      0.4169453      0.5360528    
        9880   1.000000      0.8211250       1.327745      0.4384407      0.5883332    
        9900  0.8750000      0.7709375       1.228792      0.4425239      0.5476924    
        9920  0.8750000      0.8237500       1.343262      0.4512901      0.5810546    
        9940  0.8750000      0.8006250       1.338600      0.4438938      0.5489074    
        9960  0.8750000      0.8184375       1.372467      0.4418244      0.5482489    
        9980  0.8750000      0.7736250       1.261747      0.4350168      0.5391023    
       10000  0.8750000      0.8255000       1.366875      0.4552319      0.5498522    
       10020  0.8750000      0.8063750       1.147550      0.4345698      0.5311161    
       10040   1.000000      0.8282500       1.399804      0.4362819      0.5454544    
       10060  0.8750000      0.8039375       1.156389      0.4173761      0.5659180    
       10080  0.8750000      0.8256250       1.414615      0.4351977      0.5760998    
       10100  0.8750000      0.7850000       1.272821      0.4354451      0.5229778    
       10120  0.8750000      0.8197500       1.406662      0.4368187      0.5957031    
       10140  0.8750000      0.7923125       1.009696      0.4476700      0.5336357    
       10160  0.8750000      0.8277500       1.395285      0.4323122      0.5218521    
       10180  0.8750000      0.8011875       1.192720      0.4371265      0.5542957    
       10200  0.8750000      0.8136250       1.275032      0.4257716      0.5468321    
       10220  0.8750000      0.7850000       1.314367      0.4291211      0.5395508    
       10240   1.000000      0.8246875       1.425079      0.4434475      0.5618313    
       10260  0.8750000      0.8020625       1.404599      0.4396373      0.5590348    
       10280  0.9375000      0.8241250       1.566151      0.4466189      0.5610350    
       10300  0.8750000      0.7926250       1.508645      0.4504836      0.5493163    
       10320  0.8750000      0.8098125       1.327661      0.4629800      0.5808675    
       10340   1.000000      0.8164375       1.463705      0.4336122      0.5223725    
       10360   1.000000      0.9320625       1.276289      0.4667386      0.5688477    
       10380   1.000000      0.9005625       1.109713      0.4553920      0.5487530    
       10400   1.000000      0.9067500       1.263796      0.4709192      0.5659769    
       10420   1.000000      0.9073750       1.392604      0.4469627      0.5315214    
       10440   1.000000      0.9245000       1.307482      0.4720374      0.5642603    
       10460   1.000000      0.8168750       1.369077      0.4413933      0.5229492    
       10480   1.000000      0.9350625       1.368735      0.4587667      0.5486391    
       10500   1.000000      0.8585000       1.101785      0.4490748      0.5488756    
       10520   1.000000      0.9361875       1.219686      0.4766704      0.5800781    
       10540   1.000000      0.8861250       1.151384      0.4516475      0.5284665    
       10560   1.000000      0.9281250       1.221703      0.4502361      0.5894901    
       10580   1.000000      0.8550625       1.215178      0.4485005      0.5366591    
       10600   1.000000      0.9389375       1.286712      0.4623113      0.5620117    
       10620   1.000000      0.8603125      0.9317993      0.4765063      0.5675893    
       10640   1.000000      0.9361875       1.258282      0.4844351      0.6040581    
       10660   1.000000      0.9111875       1.245469      0.4867793      0.5546874    
       10680   1.000000      0.9356250       1.281573      0.4846368      0.5832466    
       10700   1.000000      0.8050625       1.329176      0.4639134      0.5571288    
       10720   1.000000      0.9277500       1.436988      0.4690479      0.5800781    
       10740   1.000000      0.9203125       1.222119      0.4707574      0.5509641    
       10760   1.000000      0.9291875       1.192437      0.4796650      0.6123830    
       10780   1.000000      0.8186875       1.254250      0.4556292      0.5458984    
       10800   1.000000      0.9184375       1.302039      0.4683326      0.5428202    
       10820   1.000000      0.8080625       1.008259      0.4493625      0.5649415    
       10840   1.000000      0.8762500       1.404399      0.4287671      0.5509884    
       10860  0.8750000      0.8068125       1.486359      0.4380329      0.5699408    
       10880   1.000000      0.9088125       1.143013      0.4854548      0.5681269    
       10900   1.000000      0.8193125       1.472497      0.4399666      0.5571598    
       10920   1.000000      0.9248125       1.270334      0.4815420      0.5991212    
       10940   1.000000      0.8215000       1.463981      0.4375201      0.5381707    
       10960   1.000000      0.9274375       1.231517      0.4591995      0.5555803    
       10980   1.000000      0.8887500      0.9827252      0.4359671      0.5424852    
       11000   1.000000      0.9046875       1.173553      0.4561713      0.5527841    
       11020   1.000000      0.8343125       1.225749      0.4592820      0.5883788    
       11040   1.000000      0.9308750       1.148474      0.4639541      0.5779881    
       11060   1.000000      0.8341875       1.378242      0.4319566      0.5420119    
       11080   1.000000      0.9178750       1.228788      0.4592035      0.5624427    
       11100   1.000000      0.8215625       1.378796      0.4468703      0.5542438    
       11120   1.000000      0.9191875       1.259425      0.4833343      0.5732545    
       11140   1.000000      0.9084375       1.211282      0.4753659      0.5727777    
       11160   1.000000      0.9254375       1.071220      0.4983354      0.5803549    
       11180   1.000000      0.7978750       1.245355      0.4579938      0.5533527    
       11200   1.000000      0.9258125       1.432558      0.4877975      0.5581055    
       11220   1.000000      0.9080625      0.9238075      0.4418417      0.5502930    
       11240   1.000000      0.9154375       1.209867      0.4654925      0.5697189    
       11260   1.000000      0.8090625       1.387867      0.4489242      0.5341796    
       11280   1.000000      0.8230000       1.405159      0.4503352      0.5686784    
       11300  0.8750000      0.8136875       1.535235      0.4294600      0.5394858    
       11320  0.8750000      0.8090625       1.426164      0.4440505      0.5404322    
       11340   1.000000      0.8148750       1.273060      0.4344013      0.5280074    
       11360  0.8750000      0.8256250       1.465043      0.4536733      0.5794445    
       11380  0.8750000      0.8178125       1.483822      0.4500088      0.5532880    
       11400  0.9375000      0.8795625       1.796253      0.4081634      0.5150297    
       11420  0.8750000      0.7474375       1.439988      0.4200278      0.5166667    
       11440  0.9375000      0.8891250       1.780190      0.4097552      0.4869682    
       11460   1.000000      0.7973750       1.133650      0.4557048      0.5718002    
       11480   1.000000      0.8602500       1.678120      0.4380073      0.5543195    
       11500   1.000000      0.7626250       1.365073      0.4486168      0.6274714    
       11520  0.9375000      0.8963750       1.816975      0.4226340      0.5092774    
       11540  0.8750000      0.7511875       1.669924      0.4417756      0.5591446    
       11560   1.000000      0.8986250       1.783015      0.4367093      0.5213318    
       11580  0.8750000      0.7533125       1.440062      0.4743657      0.5732421    
       11600  0.8750000      0.8121875       1.570659      0.4736728      0.5742012    
       11620  0.8750000      0.7971875       1.598224      0.4426946      0.5452256    
       11640   1.000000      0.8858750       1.342294      0.4711651      0.5613944    
       11660   1.000000      0.8336250       1.336060      0.4502043      0.5487773    
       11680   1.000000      0.9375625       1.491568      0.4501200      0.5659768    
       11700   1.000000      0.8076250       1.480853      0.4493437      0.5601723    
       11720   1.000000      0.9117500       1.307614      0.4556656      0.5429586    
       11740   1.000000      0.8253125       1.363367      0.4471126      0.5522460    
       11760   1.000000      0.9225000       1.275829      0.4674845      0.5717775    
       11780   1.000000      0.8661875       1.245763      0.4715774      0.5509270    
       11800   1.000000      0.9393125       1.414257      0.4957732      0.5950296    
       11820   1.000000      0.8032500       1.283573      0.4711556      0.5593348    
       11840   1.000000      0.9300000       1.284812      0.4804341      0.6238889    
       11860   1.000000      0.8551875       1.403969      0.4415914      0.5634755    
       11880   1.000000      0.9352500       1.255447      0.4582143      0.5752984    
       11900   1.000000      0.8263125       1.472650      0.4371100      0.5462803    
       11920   1.000000      0.9259375       1.172237      0.4750735      0.5679011    
       11940   1.000000      0.8286875       1.122494      0.4717222      0.5860418    
       11960   1.000000      0.9308750       1.305131      0.4733978      0.5671006    
       11980   1.000000      0.8953750       1.290707      0.4552210      0.5440771    
       12000   1.000000      0.9376250       1.298195      0.4552314      0.5515656    
       12020   1.000000      0.8171875       1.345684      0.4460050      0.5229567    
       12040   1.000000      0.9352500       1.262889      0.4687054      0.5582727    
       12060   1.000000      0.8328125       1.273096      0.4561935      0.5578512    
       12080   1.000000      0.9273125       1.373468      0.4634674      0.5561523    
       12100   1.000000      0.8656875       1.300498      0.4553671      0.5653817    
       12120   1.000000      0.9408750       1.187694      0.4790471      0.5775941    
       12140   1.000000      0.8576250       1.313886      0.4610482      0.5547929    
       12160   1.000000      0.9398125       1.223837      0.4673413      0.5751480    
       12180   1.000000      0.8366875       1.351746      0.4626434      0.5718343    
       12200   1.000000      0.9314375       1.206361      0.4694033      0.5837141    
       12220   1.000000      0.8166875       1.390708      0.4482672      0.5791438    
       12240   1.000000      0.9343750       1.258239      0.4551004      0.5463868    
       12400   1.000000      0.9510625       1.685807      0.4321666      0.5230771    
       12600   1.000000      0.9450625       1.802764      0.4269403      0.5376668    
       12800   1.000000      0.9358125       1.649489      0.4354662      0.5779793    
       13000   1.000000      0.9383750       1.465794      0.4435918      0.5540496    
       13200   1.000000      0.9278125       1.479380      0.4444914      0.5418299    
       13400   1.000000      0.9376250       1.473579      0.4394074      0.5561224    
       13600   1.000000      0.9283750       1.470305      0.4406964      0.5579146    
       13800   1.000000      0.9260625       1.539148      0.4448806      0.5530771    
       14000   1.000000      0.9162500       1.453422      0.4467437      0.5538889    
       14200   1.000000      0.9122500       1.327530      0.4555468      0.5653984    
       14400   1.000000      0.9124375       1.254505      0.4613656      0.5995691    
       14600   1.000000      0.9163750       1.240485      0.4652529      0.5767928    
       14800   1.000000      0.9050625       1.182476      0.4689496      0.5903686    
       15000   1.000000      0.8989375       1.157452      0.4720850      0.5706371    
       15200   1.000000      0.9070625       1.134667      0.4795212      0.5950255    
       15400   1.000000      0.9048125       1.136216      0.4711862      0.5761000    
       15600   1.000000      0.9014375       1.146315      0.4726371      0.5989536    
       15800   1.000000      0.8990000       1.142994      0.4749330      0.5731273    
       16000   1.000000      0.8966250       1.153370      0.4709541      0.5745475    
       16200   1.000000      0.9034375       1.162706      0.4699340      0.5899235    
       16400   1.000000      0.8936875       1.148810      0.4727982      0.5899234    
       16600   1.000000      0.9077500       1.158454      0.4761460      0.6279815    
       16800   1.000000      0.9000000       1.158040      0.4731484      0.6312956    
       17000   1.000000      0.8981875       1.153910      0.4735300      0.5707908    
       17200   1.000000      0.8856250       1.128402      0.4755790      0.5950257    
       17400   1.000000      0.9005000       1.155760      0.4684701      0.6307397    
       17600   1.000000      0.8949375       1.169312      0.4715664      0.5968935    
       17800   1.000000      0.8921250       1.142301      0.4729344      0.5832342    
       18000   1.000000      0.9036250       1.138116      0.4778863      0.5930579    
       18200   1.000000      0.9037500       1.135618      0.4694555      0.5631378    
       18400   1.000000      0.9041875       1.139565      0.4722416      0.6198980    
       18600   1.000000      0.8981875       1.161316      0.4723126      0.5856123    
       18800   1.000000      0.9021250       1.144228      0.4758269      0.5676529    
       19000   1.000000      0.9011250       1.136151      0.4709215      0.5613329    
       19200   1.000000      0.8856875       1.140796      0.4703932      0.5752066    
       19400   1.000000      0.8946875       1.142071      0.4719320      0.5751221    
       19600   1.000000      0.8752500       1.156345      0.4734899      0.5754460    
       19800   1.000000      0.8990625       1.143797      0.4719552      0.5788537    
       20000   1.000000      0.9065625       1.151955      0.4659641      0.5897199    
       20200   1.000000      0.8952500       1.144232      0.4769964      0.6010702    
       20400   1.000000      0.9036250       1.137165      0.4756522      0.5939350    
       20600   1.000000      0.8998125       1.154338      0.4709232      0.5739729    
       20800   1.000000      0.9061250       1.145734      0.4712192      0.6057248    
       21000   1.000000      0.9122500       1.157682      0.4724803      0.5903685    
       21200   1.000000      0.8908750       1.144106      0.4743970      0.5956633    
       21400   1.000000      0.9097500       1.147960      0.4715288      0.5558633    
       21600   1.000000      0.8952500       1.150539      0.4686749      0.5838376    
       21800   1.000000      0.8950625       1.132292      0.4687387      0.5939359    
       22000   1.000000      0.8966875       1.150523      0.4710757      0.5902457    
       22200   1.000000      0.8885625       1.137746      0.4737062      0.6145403    
       22400   1.000000      0.9091250       1.157656      0.4694640      0.5963637    
       22600   1.000000      0.8973125       1.138049      0.4738539      0.5760998    
       22800   1.000000      0.8985000       1.146463      0.4705632      0.5724457    
       23000   1.000000      0.8939375       1.136960      0.4731701      0.6023496    
       23200   1.000000      0.9066875       1.143443      0.4686742      0.5747600    
       23400   1.000000      0.9071875       1.150771      0.4661271      0.6065052    
       23600   1.000000      0.8924375       1.145840      0.4754403      0.5878732    
       23800   1.000000      0.8968750       1.139654      0.4797976      0.6013315    
       24000   1.000000      0.8975625       1.137877      0.4732369      0.5963635    
       24200   1.000000      0.9042500       1.150188      0.4689948      0.5804861    
       24400   1.000000      0.9054375       1.176103      0.4697419      0.5660378    
       24600   1.000000      0.9035625       1.162577      0.4711305      0.5689656    
       24800   1.000000      0.8953750       1.147043      0.4681684      0.6036363    
       25000   1.000000      0.9156250       1.148956      0.4715958      0.5964912    
       25200   1.000000      0.8873125       1.127857      0.4756225      0.6256377    
       25400   1.000000      0.9117500       1.147125      0.4729408      0.5829081    
       25600   1.000000      0.9049375       1.131615      0.4734126      0.6051093    
       25800   1.000000      0.9036250       1.154140      0.4761110      0.6297324    
       26000   1.000000      0.8903750       1.143416      0.4725316      0.5946566    
       26200   1.000000      0.9050000       1.150709      0.4747033      0.6010700    
       26400   1.000000      0.9038125       1.141176      0.4722282      0.5957025    
       26600   1.000000      0.8981875       1.131945      0.4726904      0.5758929    
       26800   1.000000      0.9057500       1.139064      0.4746478      0.5952296    
       27000   1.000000      0.8952500       1.152491      0.4676104      0.5791440    
       27200   1.000000      0.9050000       1.139451      0.4740142      0.5784439    
       27400   1.000000      0.9075625       1.131848      0.4672998      0.5809898    
       27600   1.000000      0.9021250       1.147470      0.4690108      0.6051519    
       27800   1.000000      0.8990000       1.169278      0.4739405      0.5874663    
       28000   1.000000      0.9003125       1.141500      0.4747946      0.5864463    
       28200   1.000000      0.8980625       1.144034      0.4716575      0.5848214    
       28400   1.000000      0.8824375       1.140412      0.4710242      0.5969085    
       28600   1.000000      0.9013750       1.154832      0.4720919      0.5860264    
       28800   1.000000      0.9055000       1.138080      0.4713622      0.5850593    
       29000   1.000000      0.8985000       1.143356      0.4742177      0.5898491    
       29200   1.000000      0.8943125       1.138775      0.4707003      0.5898491    
       29400   1.000000      0.9120625       1.162127      0.4693417      0.5727025    
       29600   1.000000      0.8918750       1.134797      0.4745195      0.6135537    
       29800   1.000000      0.9151875       1.149443      0.4706697      0.5676020    
       30000   1.000000      0.8989375       1.136518      0.4714982      0.5850178    
       30200   1.000000      0.9048125       1.136412      0.4737924      0.5718682    
       30400   1.000000      0.9027500       1.140753      0.4693848      0.5917357    
       30600   1.000000      0.9022500       1.173402      0.4753563      0.6020409    
       30800   1.000000      0.9123125       1.152526      0.4714287      0.5795611    
       31000   1.000000      0.9089375       1.157202      0.4744627      0.6168594    
       31200   1.000000      0.8910000       1.143577      0.4726450      0.6032625    
       31400   1.000000      0.9051250       1.133961      0.4734398      0.5727023    
       31600   1.000000      0.9033750       1.149269      0.4704299      0.5811019    
       31800   1.000000      0.8833750       1.145708      0.4732786      0.5774085    
       32000   1.000000      0.9073125       1.143567      0.4766634      0.5679013    
       32200   1.000000      0.8910000       1.147188      0.4731610      0.5682397    
       32400   1.000000      0.9036250       1.138217      0.4720008      0.5856124    
       32600   1.000000      0.9036250       1.164322      0.4711220      0.5785123    
       32800   1.000000      0.8980625       1.136508      0.4701220      0.5663281    
       33000   1.000000      0.8901250       1.159026      0.4754618      0.5927977    
