         200  0.8750000      0.6995625       1.521976      0.4365534      0.5395421    
         400  0.8750000      0.6856250       1.158895      0.4499155      0.5912390    
         600  0.8750000      0.6933750       1.195597      0.4483768      0.5535900    
         800  0.8750000      0.7168750       1.216204      0.4429890      0.5718001    
        1000  0.8750000      0.6989375       1.205663      0.4419535      0.5361552    
        1200  0.8750000      0.7119375       1.174166      0.4418776      0.5473633    
        1400  0.8750000      0.6885000       1.173033      0.4435185      0.5735017    
        1600  0.8750000      0.7038125       1.171476      0.4416453      0.5659769    
        1800  0.8750000      0.6966250       1.156619      0.4441624      0.5768458    
        2000  0.8750000      0.7052500       1.152035      0.4457379      0.5527146    
        2200  0.8750000      0.7101875       1.152286      0.4447115      0.5627776    
        2400  0.8750000      0.6790625       1.156673      0.4481895      0.5718682    
        2600  0.8750000      0.7132500       1.177480      0.4444720      0.5650001    
        2800  0.8750000      0.7146250       1.190111      0.4438224      0.5522802    
        3000  0.8750000      0.7226875       1.147338      0.4432970      0.5472413    
        3200  0.8750000      0.7025625       1.126094      0.4494910      0.6258503    
        3400  0.8750000      0.7015625       1.156649      0.4459850      0.5716666    
        3600  0.8750000      0.6905000       1.133702      0.4447625      0.5589412    
        3800  0.8750000      0.6914375       1.190486      0.4458086      0.5783333    
        4000  0.8750000      0.7073750       1.166506      0.4470609      0.5683333    
        4200  0.8750000      0.6992500       1.128977      0.4492347      0.5386273    
        4400  0.8750000      0.7100625       1.199398      0.4477537      0.5467372    
        4600  0.8750000      0.6969375       1.172046      0.4492797      0.5555875    
        4800  0.8750000      0.6870625       1.168667      0.4404608      0.5728408    
        5000  0.8750000      0.6880625       1.151038      0.4447317      0.5692018    
        5200  0.8750000      0.7036250       1.161442      0.4483612      0.5649018    
        5400  0.8750000      0.6913125       1.169746      0.4443563      0.5472223    
        5600  0.8750000      0.7163750       1.210656      0.4447120      0.5497075    
        5800  0.8750000      0.7071875       1.145647      0.4452985      0.5786396    
        6000  0.8750000      0.6635625       1.165232      0.4529412      0.5557396    
        6200  0.8750000      0.6988125       1.185481      0.4425909      0.5489073    
        6400  0.8750000      0.7008750       1.192954      0.4410082      0.5489073    
        6600  0.8750000      0.6833125       1.152090      0.4440984      0.5457857    
        6800  0.9375000      0.6993125       1.178778      0.4426352      0.5711002    
        7000  0.9375000      0.7486875       1.361379      0.3987304      0.4850000    
        7200  0.9375000      0.7615625       1.340524      0.4035594      0.4906347    
        7400  0.9375000      0.7627500       1.371861      0.4041226      0.4894399    
        7600  0.9375000      0.7587500       1.341679      0.4019671      0.4880408    
        7800  0.9375000      0.7643125       1.383504      0.3993807      0.4781477    
        8000  0.9375000      0.7728125       1.329120      0.4009242      0.4947970    
        8200  0.9375000      0.7694375       1.336892      0.4031196      0.4823101    
        8400  0.9375000      0.7553125       1.327031      0.3973467      0.4906347    
        8600  0.9375000      0.7457500       1.321899      0.3980190      0.4771981    
        8800  0.9375000      0.7574375       1.325888      0.4007612      0.4837409    
        9000  0.9375000      0.7633750       1.364658      0.3988826      0.4961031    
        9200  0.9375000      0.7490625       1.339949      0.4028388      0.4943311    
        9400  0.9375000      0.7489375       1.358114      0.4016638      0.4783334    
        9600  0.9375000      0.7630000       1.367707      0.4003112      0.4875130    
        9800  0.9375000      0.7623125       1.358149      0.3977730      0.5197528    
       10000  0.9375000      0.7810625       1.330644      0.3982368      0.4892920    
       10200  0.9375000      0.7673750       1.353108      0.4079081      0.4953389    
       10400  0.9375000      0.7498125       1.328161      0.4032397      0.5094482    
       10600  0.9375000      0.7530625       1.339146      0.3983677      0.4687824    
       10800  0.9375000      0.7547500       1.327973      0.4042637      0.5161111    
       11000  0.9375000      0.7557500       1.348316      0.4021672      0.4869926    
       11200  0.9375000      0.7626875       1.346710      0.4021215      0.4869927    
       11400  0.9375000      0.7436250       1.319613      0.4051364      0.4956213    
       11600  0.9375000      0.7722500       1.356690      0.3993375      0.4747475    
       11800  0.9375000      0.7591875       1.322890      0.3981391      0.4895942    
       12000  0.9375000      0.7735000       1.356328      0.3990826      0.4988109    
       12200  0.9375000      0.7602500       1.341052      0.4006495      0.4823101    
       12400  0.9375000      0.7642500       1.333241      0.3996612      0.4890739    
       12600  0.9375000      0.7453125       1.314569      0.4043443      0.5128558    
       12800  0.9375000      0.7625000       1.301175      0.3996380      0.4827779    
       13000  0.9375000      0.7626875       1.337435      0.3990029      0.4936524    
       13200  0.9375000      0.7569375       1.356459      0.3997297      0.4916752    
       13400  0.9375000      0.7681250       1.344489      0.4024248      0.5166668    
       13600  0.9375000      0.7558750       1.365159      0.3992215      0.4916668    
       13800  0.9375000      0.7670000       1.322477      0.4024213      0.4859521    
       14000  0.9375000      0.7567500       1.345822      0.4031281      0.4998656    
       14200  0.9375000      0.7643125       1.346681      0.3974520      0.4756866    
       14400  0.9375000      0.7510000       1.342742      0.4050039      0.4929617    
       14600  0.9375000      0.7562500       1.332814      0.4001870      0.4821284    
       14800  0.9375000      0.7543125       1.346343      0.4063413      0.4980468    
       15000  0.9375000      0.7351250       1.376236      0.4004088      0.4969836    
       15200  0.9375000      0.7656875       1.346283      0.3990042      0.5029727    
       15400  0.9375000      0.7550000       1.350251      0.3998599      0.5349339    
       15600  0.9375000      0.7500000       1.353440      0.4005226      0.5044093    
       15800  0.9375000      0.7520625       1.329036      0.4007642      0.4790532    
       16000  0.9375000      0.7651250       1.327065      0.3993689      0.5050001    
       16200  0.9375000      0.7553125       1.416040      0.4010608      0.4955556    
       16400  0.9375000      0.7522500       1.337041      0.4017224      0.4994445    
       16600  0.9375000      0.7629375       1.360964      0.4015804      0.4948349    
       16800  0.9375000      0.7503125       1.345811      0.3998162      0.5047030    
       17000   1.000000      0.8246250       1.710472      0.3905018      0.4857647    
       17200   1.000000      0.7939375       1.680147      0.3921562      0.4700592    
       17400   1.000000      0.7953125       1.679395      0.3929172      0.4765869    
       17600   1.000000      0.8090000       1.690779      0.3904491      0.4651370    
       17800   1.000000      0.8093125       1.683931      0.3896037      0.4800000    
       18000   1.000000      0.7930000       1.679837      0.3862932      0.4653320    
       18200   1.000000      0.8181875       1.698540      0.3892657      0.4731446    
       18400   1.000000      0.7974375       1.671295      0.3901826      0.4681281    
       18600   1.000000      0.7821250       1.670888      0.3875188      0.4756658    
       18800   1.000000      0.8226250       1.702321      0.3922507      0.4771071    
       19000   1.000000      0.7925000       1.680892      0.3913099      0.4721592    
       19200   1.000000      0.8016250       1.679217      0.3875782      0.4711914    
       19400   1.000000      0.7944375       1.683350      0.3874519      0.4632690    
       19600   1.000000      0.7984375       1.682515      0.3847356      0.4706153    
       19800   1.000000      0.8018750       1.684406      0.3913879      0.4653321    
       20000   1.000000      0.7932500       1.680517      0.3873990      0.4653254    
       20200  0.9890000      0.7965841       1.635543      0.4018859      0.4731445    
       20400  0.9890000      0.8016288       1.642399      0.4036515      0.4792139    
       20600  0.9890000      0.7947044       1.638291      0.4045530      0.4880409    
       20800  0.9890000      0.7997159       1.638461      0.4080575      0.4862686    
       21000  0.9890000      0.8021198       1.633833      0.4041154      0.4854319    
       21200  0.9890000      0.7869484       1.632262      0.3979252      0.4765868    
       21400  0.9890000      0.7952481       1.631308      0.4043701      0.4928193    
       21600  0.9890000      0.8189807       1.652086      0.4001785      0.4946289    
       21800  0.9890000      0.7992003       1.641948      0.4064783      0.4750259    
       22000  0.9890000      0.8024297       1.643251      0.4029607      0.4880408    
       22200  0.9890000      0.8079924       1.646213      0.4059628      0.4867725    
       22400  0.9890000      0.7949698       1.634833      0.4040613      0.4794922    
       22600  0.9890000      0.8113172       1.650243      0.4052506      0.4832452    
       22800  0.9890000      0.7982430       1.634113      0.4062877      0.4847570    
       23000  0.9890000      0.8065473       1.638427      0.4057581      0.5205557    
       23200   1.000000      0.8065625       1.665676      0.4003710      0.4892920    
       23400   1.000000      0.8204375       1.693414      0.3907463      0.4741749    
       23600   1.000000      0.8066250       1.690369      0.3927578      0.4657989    
       23800   1.000000      0.8036875       1.673170      0.3939858      0.5041623    
       24000   1.000000      0.8271875       1.694788      0.3954502      0.4653319    
       24200   1.000000      0.7876250       1.671966      0.3947352      0.4728995    
       24400   1.000000      0.8058125       1.680599      0.3936531      0.5028975    
       24600   1.000000      0.7938750       1.670829      0.3916811      0.4677735    
       24800   1.000000      0.7936250       1.669984      0.3954876      0.4719526    
       25000   1.000000      0.7991250       1.665918      0.3946892      0.4833333    
       25200   1.000000      0.7981250       1.680583      0.3942121      0.4864725    
       25400   1.000000      0.8103750       1.681708      0.3896838      0.4728994    
       25600   1.000000      0.8010625       1.671236      0.3918250      0.4707032    
       25800   1.000000      0.7992500       1.670907      0.3928448      0.4965820    
       26000   1.000000      0.7947500       1.687487      0.3869154      0.4706152    
       26200   1.000000      0.8133750       1.682310      0.3942218      0.4831945    
       26400   1.000000      0.8030625       1.685439      0.3888048      0.4866272    
       26600   1.000000      0.8235625       1.692463      0.3952999      0.4802218    
       26800   1.000000      0.8047500       1.683932      0.3948152      0.4711514    
       27000   1.000000      0.8113750       1.695106      0.3912471      0.4716553    
       27200   1.000000      0.8100000       1.675619      0.3956260      0.4882813    
       27400   1.000000      0.8026250       1.671799      0.3930856      0.4653254    
       27600   1.000000      0.8171875       1.691314      0.3947192      0.4900890    
       27800   1.000000      0.8138125       1.695297      0.3934714      0.4802289    
       28000   1.000000      0.8000625       1.681629      0.3905190      0.4950000    
       28200   1.000000      0.8010625       1.677715      0.3891319      0.4815910    
       28400   1.000000      0.8102500       1.686461      0.3928609      0.4975148    
       28600   1.000000      0.8015000       1.684588      0.3892843      0.4736329    
       28800   1.000000      0.7801875       1.658019      0.3907237      0.4721680    
       29000   1.000000      0.8040000       1.676303      0.3887676      0.4794922    
       29200   1.000000      0.7991250       1.673072      0.3928612      0.4816667    
       29400   1.000000      0.7918125       1.670590      0.3896455      0.4629586    
       29600   1.000000      0.7969375       1.679720      0.3930193      0.4724261    
       29800   1.000000      0.8168125       1.685192      0.3906058      0.4742883    
       30000   1.000000      0.7956250       1.671385      0.3932184      0.4663086    
       30200   1.000000      0.8190000       1.692724      0.3911696      0.4950282    
       30400   1.000000      0.8035000       1.671276      0.3942310      0.4795266    
       30600   1.000000      0.7928125       1.674813      0.3925237      0.4729448    
       30800   1.000000      0.8032500       1.674787      0.3916066      0.4771071    
       31000   1.000000      0.7981875       1.669063      0.3953993      0.4728995    
       31200   1.000000      0.7904375       1.669074      0.3912691      0.4747475    
       31400   1.000000      0.8002500       1.679335      0.3888879      0.4727111    
       31600   1.000000      0.7950000       1.668147      0.3895113      0.4746094    
       31800   1.000000      0.8032500       1.680535      0.3922475      0.4804734    
       32000   1.000000      0.8015625       1.673506      0.3939025      0.4934157    
       32200   1.000000      0.7986875       1.674910      0.3924726      0.4799786    
       32400   1.000000      0.7960625       1.668502      0.3940890      0.4821286    
       32600   1.000000      0.8040625       1.689276      0.3914250      0.4790039    
       32800   1.000000      0.7910625       1.665667      0.3955237      0.4800000    
       33000   1.000000      0.8056250       1.681829      0.3903684      0.4761249    
       33200   1.000000      0.7828750       1.663292      0.3926643      0.4742884    
       33400   1.000000      0.7985625       1.670768      0.3901129      0.4823101    
       33600   1.000000      0.7935625       1.664708      0.3947690      0.4700592    
       33800   1.000000      0.8091875       1.688540      0.3921695      0.4968782    
       34000   1.000000      0.7803750       1.661968      0.3970483      0.5098854    
       34200   1.000000      0.7836250       1.656892      0.3998449      0.4902344    
       34400   1.000000      0.8096875       1.675433      0.3950778      0.4889807    
       34600   1.000000      0.8073750       1.675643      0.3956667      0.4827412    
       34800   1.000000      0.8078125       1.682748      0.3967414      0.4853533    
