         200  0.7500000      0.6075625       1.277586      0.4360377      0.5416170    
         400  0.8750000      0.7040625       1.023383      0.4438135      0.5665972    
         600  0.8750000      0.7031875       1.097489      0.4496693      0.5816668    
         800  0.8750000      0.6961250       1.097376      0.4502003      0.5713518    
        1000  0.9375000      0.7428125       1.315036      0.3928324      0.4918116    
        1200  0.9375000      0.7361250       1.310699      0.3986775      0.4907226    
        1400  0.9375000      0.7377500       1.360956      0.4015388      0.5004030    
        1600  0.9375000      0.7618750       1.343104      0.4013089      0.4935720    
        1800  0.9375000      0.7338125       1.327413      0.3994396      0.4872764    
        2000  0.9375000      0.7431250       1.309111      0.4015731      0.4913076    
        2200  0.9375000      0.7683125       1.384907      0.3971803      0.5041552    
        2400  0.9375000      0.7481875       1.360670      0.4042797      0.4938273    
        2600  0.9375000      0.7563125       1.298424      0.3993255      0.4948350    
        2800  0.9375000      0.7533750       1.382203      0.4023568      0.5028973    
        3000  0.9375000      0.7565000       1.341913      0.4026117      0.5073904    
        3200  0.9375000      0.7741250       1.345552      0.4009644      0.4963579    
        3400  0.9375000      0.7594375       1.357463      0.3968689      0.4968507    
        3600  0.9375000      0.7633750       1.335073      0.4034771      0.5182418    
        3800  0.9375000      0.7458750       1.314401      0.3977334      0.4833983    
        4000  0.9375000      0.7563125       1.309550      0.3982969      0.4921875    
        4200  0.9375000      0.7513125       1.339661      0.4026571      0.5065398    
        4400  0.9375000      0.7549375       1.350540      0.3995382      0.4938271    
        4600  0.9375000      0.7515625       1.332801      0.4014146      0.5151516    
        4800  0.9375000      0.7601875       1.351249      0.3986064      0.4923075    
        5000  0.9375000      0.7585000       1.366010      0.4013273      0.5061112    
        5200  0.9375000      0.7640000       1.374240      0.4000068      0.4823101    
        5400  0.9375000      0.7500625       1.323899      0.3976295      0.5068529    
        5600  0.9375000      0.7613750       1.360190      0.4033346      0.4928657    
        5800  0.9375000      0.7596875       1.348890      0.4036300      0.5154529    
        6000   1.000000      0.7972500       1.687925      0.3971246      0.4933232    
        6200   1.000000      0.8123125       1.710196      0.3931586      0.4677779    
        6400   1.000000      0.7905000       1.688706      0.3910886      0.4844444    
        6600   1.000000      0.8078125       1.728750      0.3886781      0.4787100    
        6800   1.000000      0.8265000       1.703758      0.3899283      0.4765869    
        7000   1.000000      0.7900625       1.700241      0.3845593      0.4880624    
        7200   1.000000      0.8015625       1.729400      0.3896521      0.4819337    
        7400   1.000000      0.7950625       1.682966      0.3923768      0.4785157    
        7600   1.000000      0.8195625       1.722942      0.3856007      0.4926758    
        7800   1.000000      0.8120625       1.707046      0.3908736      0.4797980    
        8000   1.000000      0.8033750       1.710315      0.3905941      0.4726563    
        8200   1.000000      0.7881250       1.690331      0.3938940      0.5014781    
        8400   1.000000      0.8133125       1.706205      0.3894269      0.4767210    
        8600   1.000000      0.7761250       1.678579      0.3936633      0.4807163    
        8800   1.000000      0.7912500       1.675939      0.3934435      0.4687825    
        9000   1.000000      0.7768125       1.653745      0.3908937      0.4861538    
        9200  0.9898499      0.7879076       1.520781      0.4148206      0.5205401    
        9400  0.9898499      0.7710373       1.511024      0.4118978      0.4760742    
        9600  0.9898499      0.7866147       1.524642      0.4135950      0.5041623    
        9800  0.9898499      0.7680862       1.513214      0.4158518      0.5054171    
       10000  0.9898499      0.7742471       1.511473      0.4119079      0.4906347    
       10200  0.9898499      0.7731880       1.511921      0.4129994      0.5059454    
       10400  0.9898499      0.7910067       1.521924      0.4140503      0.5041623    
       10600  0.9898499      0.7861084       1.520656      0.4129885      0.4812696    
       10800  0.9898499      0.7761738       1.514184      0.4102672      0.4867725    
       11000  0.9898499      0.7697084       1.504654      0.4120567      0.5005556    
       11200  0.9898499      0.7695793       1.504310      0.4133500      0.4885783    
       11400  0.9898499      0.7816055       1.514115      0.4159092      0.4985352    
       11600  0.9898499      0.8038231       1.530305      0.4134808      0.4988662    
       11800  0.9898499      0.7641415       1.507360      0.4157457      0.4955658    
       12000  0.9898499      0.7593870       1.500084      0.4130576      0.4916667    
       12200   1.000000      0.8005625       1.673934      0.4012539      0.4797179    
       12400   1.000000      0.8064375       1.695794      0.3945221      0.4906347    
       12600   1.000000      0.7888750       1.711699      0.4011366      0.4770431    
       12800   1.000000      0.8069375       1.690499      0.3980809      0.5004885    
       13000   1.000000      0.7833750       1.643934      0.3965374      0.4719042    
       13200   1.000000      0.8071875       1.706476      0.3937067      0.4848633    
       13400   1.000000      0.8011875       1.684008      0.3944879      0.5095404    
       13600   1.000000      0.7836875       1.650355      0.3999127      0.4807257    
       13800   1.000000      0.7930000       1.683509      0.3958628      0.4802218    
       14000   1.000000      0.7851875       1.729891      0.3902860      0.4760743    
       14200   1.000000      0.7840625       1.729333      0.3979104      0.4854319    
       14400   1.000000      0.7894375       1.660876      0.3962243      0.4913077    
       14600   1.000000      0.7961875       1.650379      0.3968587      0.4790040    
       14800   1.000000      0.7966875       1.701859      0.3991644      0.4833507    
       15000   1.000000      0.8019375       1.714724      0.3903055      0.5019531    
       15200   1.000000      0.7858125       1.701169      0.3889072      0.4710060    
       15400   1.000000      0.7961875       1.695899      0.3987001      0.4887695    
       15600   1.000000      0.7913125       1.694908      0.3962013      0.4938271    
       15800   1.000000      0.7818125       1.698324      0.3998801      0.4771983    
       16000   1.000000      0.8110625       1.687271      0.4000185      0.4658204    
       16200   1.000000      0.7961250       1.725570      0.3987910      0.4890739    
       16400   1.000000      0.7912500       1.671244      0.4016398      0.4741750    
       16600   1.000000      0.8025000       1.740861      0.4030530      0.5010405    
       16800   1.000000      0.7773125       1.665586      0.3983400      0.4916753    
       17000   1.000000      0.8018125       1.712413      0.3924468      0.4719042    
       17200   1.000000      0.8014375       1.699159      0.3989658      0.4785156    
       17400   1.000000      0.7933750       1.704892      0.3945912      0.4715335    
       17600   1.000000      0.8103750       1.709315      0.3891001      0.4877930    
       17800   1.000000      0.8139375       1.664392      0.3968476      0.4804733    
       18000   1.000000      0.8049375       1.693380      0.3983122      0.4908172    
       18200   1.000000      0.8066875       1.703541      0.3977585      0.4965821    
       18400   1.000000      0.7911250       1.665776      0.3932358      0.4770508    
       18600   1.000000      0.7905000       1.653714      0.3955843      0.4721592    
       18800   1.000000      0.7919375       1.651215      0.3929338      0.4946289    
       19000   1.000000      0.8093125       1.664710      0.3971165      0.4780273    
       19200   1.000000      0.8135000       1.695854      0.3882832      0.4786680    
       19400   1.000000      0.8070625       1.688958      0.3960121      0.4710059    
       19600   1.000000      0.8065625       1.679291      0.3902886      0.4731445    
       19800   1.000000      0.7900625       1.679865      0.3986564      0.4780274    
       20000   1.000000      0.8165625       1.646417      0.3978842      0.4906346    
       20200   1.000000      0.7857500       1.683534      0.3971874      0.4897959    
       20400   1.000000      0.7960625       1.701796      0.3933498      0.4731445    
       20600   1.000000      0.8043125       1.685846      0.3953420      0.4895942    
       20800   1.000000      0.7849375       1.695384      0.3954358      0.4816667    
       21000   1.000000      0.7877500       1.693493      0.3973540      0.5038889    
       21200   1.000000      0.8023125       1.672685      0.4033900      0.4864284    
       21400   1.000000      0.7991250       1.708198      0.3943264      0.4738889    
       21600   1.000000      0.8028125       1.696668      0.3974913      0.4714793    
       21800   1.000000      0.8032500       1.707624      0.3946290      0.4843913    
       22000   1.000000      0.7893750       1.683285      0.3919249      0.4815910    
       22200   1.000000      0.8143125       1.681887      0.3967662      0.4716554    
       22400   1.000000      0.7905625       1.666666      0.3967886      0.4937566    
       22600   1.000000      0.7890000       1.710228      0.3946209      0.4771983    
       22800   1.000000      0.8109375       1.718074      0.3964536      0.4901145    
       23000   1.000000      0.8053750       1.689474      0.3958174      0.4897461    
       23200   1.000000      0.7850625       1.670895      0.3977578      0.4863281    
       23400   1.000000      0.7781875       1.675295      0.3980580      0.4765625    
       23600   1.000000      0.7953750       1.705158      0.4000209      0.4868165    
       23800   1.000000      0.7838125       1.689870      0.3933143      0.4741748    
