          20   1.000000      0.8121250       1.838126      0.4118220      0.4983624    
          40   1.000000      0.9101500       1.619357      0.4146972      0.5036732    
          60   1.000000      0.9026875       1.604786      0.4194123      0.5279573    
          80   1.000000      0.9174500       1.606904      0.4190153      0.5144445    
         100   1.000000      0.9071000       1.598310      0.4227891      0.5175781    
         120   1.000000      0.9092000       1.592767      0.4222857      0.5444336    
         140   1.000000      0.9087750       1.567935      0.4251398      0.5330176    
         160   1.000000      0.8955625       1.571941      0.4241112      0.5618312    
         180   1.000000      0.9044875       1.592417      0.4310251      0.5929331    
         200   1.000000      0.9102375       1.598158      0.4270116      0.5449219    
         220   1.000000      0.9145875       1.590043      0.4278218      0.5492567    
         240   1.000000      0.9105750       1.608282      0.4222048      0.5374609    
         260   1.000000      0.9123625       1.597826      0.4258376      0.5326056    
         280   1.000000      0.8972125       1.597741      0.4268887      0.5551509    
         300   1.000000      0.8897000       1.554597      0.4275823      0.5522462    
         320   1.000000      0.9180875       1.574212      0.4285669      0.5643644    
         340  0.9930945      0.8668772       1.302647      0.4277855      0.5016667    
         360  0.9930945      0.8775266       1.120752      0.4651680      0.5777777    
         380  0.9930945      0.8796899       1.125617      0.4610086      0.6160250    
         400  0.9930945      0.8877109       1.128260      0.4652667      0.5659294    
         420  0.9930945      0.8775708       1.117674      0.4699715      0.5797185    
         440  0.9930945      0.8750640       1.119762      0.4666767      0.5707908    
         460  0.9930945      0.8779609       1.130266      0.4595550      0.5832466    
         480  0.9930945      0.8879307       1.121093      0.4649510      0.5706371    
         500  0.9930945      0.8923093       1.128513      0.4639884      0.5836763    
         520  0.9930945      0.8772933       1.124076      0.4611979      0.5827779    
         540  0.9930945      0.8752328       1.123755      0.4650893      0.5712526    
         560  0.9930945      0.8871932       1.127093      0.4666457      0.5738813    
         580  0.9930945      0.8713760       1.121833      0.4653409      0.5879905    
         600  0.9930945      0.8885136       1.117827      0.4643792      0.5727777    
         620  0.9930945      0.8867403       1.125563      0.4682650      0.5805556    
         621  0.7500000      0.4820625       1.125442      0.4691990      0.5718893    
         622  0.7500000      0.5063500       1.146268      0.4681152      0.5716667    
         623  0.7500000      0.5504125       1.182451      0.4663446      0.5682399    
         624  0.7500000      0.6007625       1.214658      0.4653800      0.5682399    
         625  0.8750000      0.6662000       1.242499      0.4644549      0.5655556    
         626  0.8750000      0.6789625       1.257482      0.4621800      0.5702394    
         627  0.8750000      0.6859125       1.257488      0.4610618      0.5922222    
         628  0.8750000      0.6968500       1.267622      0.4596590      0.5922222    
         629  0.8750000      0.6952750       1.265480      0.4581103      0.5922222    
         630  0.8750000      0.6984125       1.271956      0.4559866      0.5922222    
         631  0.8750000      0.7006125       1.282117      0.4541889      0.5778835    
         632  0.8750000      0.7180500       1.285113      0.4513998      0.5778835    
         633  0.8750000      0.7419500       1.294551      0.4468018      0.5650002    
         634  0.8750000      0.7726375       1.313572      0.4378021      0.5572224    
         635  0.8750000      0.7922875       1.314415      0.4313276      0.5478318    
         636  0.8750000      0.8172625       1.305668      0.4285724      0.5364205    
         637  0.8750000      0.8203000       1.307433      0.4293379      0.5437045    
         638  0.8750000      0.8074250       1.297361      0.4280797      0.5364205    
         639  0.8750000      0.8080875       1.287354      0.4287620      0.5364205    
         640  0.8750000      0.8150250       1.296390      0.4255921      0.5405273    
         641  0.8750000      0.8133125       1.289040      0.4250197      0.5337275    
         642  0.8750000      0.8174500       1.281992      0.4243664      0.5364203    
         643  0.8750000      0.7992500       1.271926      0.4238397      0.5649018    
         644  0.8750000      0.8096125       1.277153      0.4238093      0.5410156    
         645  0.8750000      0.8142125       1.291267      0.4221788      0.5410156    
         646  0.8750000      0.8110500       1.289677      0.4207033      0.5461110    
         647  0.8750000      0.8069250       1.275304      0.4207966      0.5461110    
         648  0.8750000      0.7989375       1.258109      0.4205640      0.5410156    
         649  0.8750000      0.8096375       1.260224      0.4215615      0.5683596    
         650  0.8750000      0.8067875       1.259192      0.4207377      0.5410156    
         651  0.8750000      0.8076750       1.258775      0.4201616      0.5410156    
         652  0.8750000      0.8118000       1.260813      0.4200140      0.5239259    
         653  0.8750000      0.8143250       1.239780      0.4199603      0.5078125    
         654  0.8750000      0.8124250       1.236340      0.4189986      0.5127778    
         655  0.8750000      0.8127375       1.255384      0.4186075      0.5195445    
         656  0.8750000      0.8103125       1.242748      0.4196811      0.5251365    
         657   1.000000      0.8171500       1.242659      0.4196322      0.5251365    
         658   1.000000      0.8075125       1.247406      0.4186928      0.5267402    
         659   1.000000      0.8115625       1.247209      0.4181807      0.5593132    
         660   1.000000      0.8150375       1.246566      0.4186859      0.5267402    
         661   1.000000      0.8034875       1.234561      0.4182534      0.5450148    
         662   1.000000      0.8131125       1.227923      0.4197604      0.5450148    
         663   1.000000      0.8109500       1.221945      0.4201511      0.5457989    
         664   1.000000      0.8179250       1.213429      0.4185174      0.5457989    
         665   1.000000      0.8145125       1.221480      0.4178294      0.5348024    
         666   1.000000      0.8266500       1.238063      0.4150459      0.5336915    
         667   1.000000      0.8309375       1.254772      0.4163718      0.5315775    
         668   1.000000      0.8358250       1.270484      0.4170475      0.5634754    
         669   1.000000      0.8641750       1.305287      0.4174924      0.5905308    
         670   1.000000      0.8864500       1.354027      0.4157122      0.5416171    
         671   1.000000      0.8994125       1.406293      0.4163936      0.5338889    
         672   1.000000      0.8773625       1.418220      0.4183839      0.5133029    
         673   1.000000      0.9093125       1.441666      0.4207339      0.5224402    
         674   1.000000      0.8952000       1.429983      0.4225827      0.5183334    
         675   1.000000      0.9083750       1.436153      0.4235939      0.5094445    
         676   1.000000      0.9003625       1.432543      0.4251318      0.5208116    
         677   1.000000      0.9070750       1.433946      0.4262490      0.5318559    
         678   1.000000      0.9050875       1.439161      0.4272323      0.5127654    
         679   1.000000      0.9250875       1.450742      0.4290010      0.5166493    
