          20  0.8750000      0.6814375       1.757722      0.4388584      0.5385649    
          40  0.8125000      0.7501875       1.630363      0.4392004      0.5605555    
          60  0.8750000      0.7350000       1.599346      0.3975849      0.4711913    
          80  0.8750000      0.8137500       1.585308      0.4154634      0.5190465    
         100  0.8750000      0.7631875       1.525239      0.4251763      0.5371902    
         120  0.9375000      0.8326250       1.524307      0.4332448      0.5482490    
         140  0.8750000      0.7735000       1.475872      0.4335234      0.5185547    
         160  0.8750000      0.8293750       1.459991      0.4477492      0.5458984    
         180  0.8750000      0.7557500       1.464118      0.4327466      0.5442247    
         200  0.9375000      0.8337500       1.462231      0.4509067      0.5717774    
         220   1.000000      0.7793125       1.258627      0.4403209      0.5240235    
         240   1.000000      0.8297500       1.389863      0.4462354      0.5453330    
         260   1.000000      0.8001875       1.178919      0.4315240      0.5159764    
         280   1.000000      0.9126875       1.414655      0.4660435      0.5542958    
         300  0.8750000      0.7840000       1.500016      0.4396400      0.5280958    
         320   1.000000      0.8238750       1.464424      0.4434610      0.5399449    
         340  0.8750000      0.7755000       1.172798      0.4382047      0.5487515    
         360  0.8750000      0.8235000       1.271944      0.4600973      0.5663896    
         380  0.8750000      0.7730625      0.9588971      0.4505905      0.5463729    
         400   1.000000      0.8251250       1.604411      0.4808408      0.5797184    
         420  0.8750000      0.7920000       1.101841      0.4502696      0.5415039    
         440   1.000000      0.8096875       1.448652      0.4421039      0.5520291    
         460  0.8750000      0.8119375       1.266850      0.4314062      0.5395421    
         480   1.000000      0.8181875       1.392858      0.4444930      0.5516667    
         500  0.8750000      0.8070625       1.057716      0.4180207      0.5306123    
         520  0.8750000      0.8264375       1.379828      0.4339847      0.5749462    
         540  0.8750000      0.7883750       1.212082      0.4367271      0.5307617    
         560  0.8750000      0.8155625       1.373631      0.4507283      0.5939359    
         580  0.8750000      0.7886250       1.151561      0.4211412      0.5321150    
         600  0.8750000      0.8158125       1.400761      0.4367438      0.5516669    
         620  0.8750000      0.8003750       1.239719      0.4330068      0.5211112    
         640  0.8750000      0.8130000       1.298137      0.4404785      0.5530697    
         660  0.8750000      0.7936875       1.334636      0.4501235      0.5411029    
         680   1.000000      0.8267500       1.462646      0.4524641      0.5509885    
         700  0.8750000      0.7961250       1.185365      0.4268932      0.5244537    
         720   1.000000      0.8229375       1.300293      0.4371260      0.5416667    
         740  0.8750000      0.7963750       1.404239      0.4237703      0.5467769    
         760   1.000000      0.9221250       1.384586      0.4540571      0.5440772    
         780  0.8750000      0.7947500      0.9811231      0.4514920      0.5733418    
         800  0.9375000      0.8276250       1.438583      0.4295348      0.5566406    
         820  0.8750000      0.7966875       1.013973      0.4354063      0.5332987    
         840  0.8750000      0.8203125       1.246626      0.4362202      0.5499480    
         860  0.8750000      0.8016875       1.171413      0.4156628      0.5069823    
         880   1.000000      0.8208750       1.378696      0.4299686      0.5411943    
         900   1.000000      0.8023750       1.085092      0.4323348      0.5497606    
         920  0.8750000      0.8285000       1.355565      0.4544730      0.5704143    
         940  0.8750000      0.8015000      0.9198529      0.4592166      0.5898224    
         960  0.8750000      0.8071875       1.464157      0.4525174      0.5676379    
         980   1.000000      0.7937500       1.225473      0.4447108      0.5541103    
        1000  0.9375000      0.8286875       1.506472      0.4442621      0.5527344    
        1020   1.000000      0.8130000       1.442050      0.4624217      0.5467371    
        1040  0.8750000      0.8168125       1.457862      0.4563855      0.5784833    
        1060   1.000000      0.8280000       1.206781      0.4537206      0.5502930    
        1080  0.9375000      0.8472500       1.499977      0.4541419      0.5661157    
        1100  0.8750000      0.7939375       1.503090      0.4542205      0.5517578    
        1120  0.9375000      0.8436875       1.491116      0.4621894      0.5872576    
        1140   1.000000      0.7964375       1.381701      0.4507370      0.5497608    
        1160  0.8750000      0.8259375       1.510974      0.4545801      0.5581054    
        1180   1.000000      0.8122500       1.534263      0.4572276      0.5472189    
        1200   1.000000      0.8757500       1.841662      0.4555924      0.5708007    
        1220   1.000000      0.7393125       1.553151      0.4469905      0.5396399    
        1240  0.9375000      0.8928750       1.768607      0.4384085      0.5288086    
        1260  0.8750000      0.7980000      0.9232271      0.4555237      0.5494444    
        1280  0.9375000      0.8277500       1.337928      0.4675772      0.5811654    
        1300  0.8750000      0.7795625       1.251050      0.4436882      0.5257116    
        1320   1.000000      0.8990000       1.510645      0.4319775      0.5413222    
        1340  0.8750000      0.7876875       1.016156      0.4362707      0.5619146    
        1360   1.000000      0.8504375       1.455638      0.4115088      0.5376669    
        1380  0.8750000      0.7931875       1.290954      0.4083341      0.5197528    
        1400   1.000000      0.9151250       1.529800      0.4020347      0.5190430    
        1420  0.8750000      0.8002500       1.329624      0.4178023      0.5083536    
        1440   1.000000      0.9334375       1.695390      0.4145152      0.5312176    
        1460  0.8750000      0.7931250       1.123862      0.4279939      0.5083246    
        1480   1.000000      0.8913750       1.438612      0.4459854      0.5458983    
        1500  0.8750000      0.7895000       1.125419      0.4340286      0.5306510    
        1520   1.000000      0.8395000       1.426735      0.4370339      0.5751143    
        1540  0.8750000      0.7637500       1.302219      0.4254054      0.5168188    
        1560  0.9375000      0.8178750       1.496724      0.4418271      0.5648038    
        1580  0.8750000      0.7936250       1.459523      0.4386849      0.5395507    
        1600   1.000000      0.8722500       1.317297      0.4834856      0.5973964    
        1620   1.000000      0.8060625       1.306118      0.4535781      0.5817752    
        1640   1.000000      0.8451875       1.327904      0.4713812      0.5647339    
        1660   1.000000      0.8146875       1.288620      0.4729326      0.5704208    
        1680   1.000000      0.9178125       1.181089      0.5010937      0.6020509    
        1700   1.000000      0.8218750       1.130647      0.4503568      0.5437139    
        1720   1.000000      0.9228750       1.155728      0.4829128      0.5750000    
        1740   1.000000      0.8708750       1.079146      0.4637242      0.5697393    
        1760   1.000000      0.9036875       1.386362      0.4713912      0.5831038    
        1780   1.000000      0.7811250       1.430147      0.4460750      0.5270892    
        1800   1.000000      0.9240625       1.253947      0.4719809      0.5817753    
        1820   1.000000      0.8154375       1.418712      0.4494435      0.5413222    
        1840   1.000000      0.9093750       1.341913      0.4682020      0.5512723    
        1860   1.000000      0.8165625       1.456564      0.4425929      0.5421486    
        1880   1.000000      0.8252500       1.390762      0.4603941      0.5880139    
        1900   1.000000      0.8372500       1.274660      0.4495049      0.5371096    
        1920   1.000000      0.8364375       1.390966      0.4462153      0.5704208    
        1940   1.000000      0.8243750       1.302465      0.4303124      0.5665144    
        1960   1.000000      0.8145000       1.394802      0.4433054      0.5576332    
        1980  0.8750000      0.7661250       1.415313      0.4365106      0.5444773    
        2000   1.000000      0.8105625       1.398761      0.4682797      0.6260388    
        2020  0.8750000      0.7977500       1.286464      0.4413858      0.5239257    
        2040   1.000000      0.8329375       1.364855      0.4633936      0.5547929    
        2060  0.8750000      0.8036250       1.129356      0.4699273      0.5724269    
        2080   1.000000      0.8443125       1.396345      0.4858526      0.6218787    
        2100  0.8750000      0.7995625       1.302151      0.4635116      0.5594445    
        2120   1.000000      0.8420000       1.330531      0.4649723      0.5781251    
        2140  0.8750000      0.8002500       1.159229      0.4614831      0.5694445    
        2160   1.000000      0.8888125       1.430264      0.4593267      0.5544444    
        2180  0.8750000      0.8038750       1.364169      0.4206035      0.5487529    
        2200   1.000000      0.9270000       1.574744      0.4221190      0.5159763    
        2220  0.8750000      0.7945625       1.486772      0.4106880      0.5230537    
        2240   1.000000      0.8190000       1.369123      0.4349468      0.5668945    
        2260  0.8750000      0.8016250      0.9816135      0.4341891      0.5405273    
        2280   1.000000      0.8062500       1.339565      0.4382849      0.5376670    
        2300  0.8750000      0.7974375       1.389599      0.4302376      0.5317384    
        2320   1.000000      0.9375000       1.519200      0.4757911      0.5507684    
        2340  0.8750000      0.8049375       1.243742      0.4356788      0.5063475    
        2360   1.000000      0.9134375       1.390559      0.4217964      0.5333044    
        2380  0.8750000      0.7990000      0.9792342      0.4520602      0.5512695    
        2400   1.000000      0.9080000       1.406917      0.4521758      0.5298439    
        2420  0.8750000      0.8008750       1.264431      0.4464860      0.5571288    
        2440   1.000000      0.8311250       1.427272      0.4612459      0.5729402    
        2460  0.8750000      0.8040625       1.437986      0.4504197      0.5482490    
        2480   1.000000      0.8787500       1.470857      0.4389584      0.5532599    
        2500  0.8750000      0.8005625       1.205774      0.4397905      0.5428647    
        2520   1.000000      0.8847500       1.610193      0.4331615      0.5401866    
        2540  0.8750000      0.7995000       1.396697      0.4370386      0.5401774    
        2560   1.000000      0.8444375       1.399783      0.4429452      0.5499479    
        2580  0.8750000      0.8110625       1.377506      0.4437025      0.5361553    
        2600   1.000000      0.8466250       1.404644      0.4522786      0.5629018    
        2620  0.8750000      0.8088750       1.320565      0.4580218      0.5627519    
        2640   1.000000      0.8876875       1.590172      0.4492682      0.5390626    
        2660  0.8750000      0.7983750       1.067652      0.4580310      0.5573770    
        2680   1.000000      0.9248750       1.665605      0.4651844      0.5376668    
        2700  0.8750000      0.7995625       1.451752      0.4420668      0.5275482    
        2720   1.000000      0.9418125       1.545671      0.4579201      0.5436851    
        2740  0.8750000      0.7866250       1.279474      0.4307659      0.5298438    
        2760   1.000000      0.8403125       1.414886      0.4445303      0.5359769    
        2780  0.8750000      0.7938750       1.579659      0.4372570      0.5353847    
        2800  0.8750000      0.8136875       1.398809      0.4501583      0.5815430    
        2820  0.8750000      0.7955625       1.198526      0.4371872      0.5348024    
        2840  0.8750000      0.8208125       1.378980      0.4493416      0.5647802    
        2860  0.8750000      0.7484375       1.448705      0.4398278      0.5333334    
        2880  0.8750000      0.8295000       1.309676      0.4627824      0.5607880    
        2900  0.8750000      0.8068125       1.536035      0.4072463      0.5166492    
        2920  0.8750000      0.8150000       1.502560      0.4224257      0.5452256    
        2940  0.8750000      0.8031250       1.551111      0.4224326      0.5171695    
        2960  0.8750000      0.8210000       1.460616      0.4259920      0.5525396    
        2980  0.8750000      0.8062500       1.558522      0.4095557      0.4972155    
        3000  0.8750000      0.8251875       1.440045      0.4354692      0.5413225    
        3020  0.8750000      0.8145000       1.562766      0.4343229      0.5522460    
        3040   1.000000      0.8278750       1.513471      0.4372936      0.5440772    
        3060  0.8750000      0.8061875       1.543099      0.4181002      0.5151385    
        3080  0.8750000      0.8216250       1.489232      0.4373722      0.5377778    
        3100  0.8750000      0.8075000       1.547636      0.4200888      0.5034529    
        3120  0.9375000      0.8223750       1.388051      0.4432309      0.5527840    
        3140  0.8750000      0.7950000       1.564070      0.4155775      0.5406903    
        3160  0.9375000      0.8218125       1.460106      0.4366293      0.5401183    
        3180  0.8750000      0.8040625       1.512242      0.4274665      0.5044092    
        3200  0.8750000      0.8143750       1.409131      0.4330296      0.5482491    
        3220  0.8750000      0.8078125       1.454993      0.4390307      0.5297850    
        3240  0.8750000      0.8258750       1.378939      0.4484897      0.5883366    
        3260   1.000000      0.8227500       1.424673      0.4301309      0.5327148    
        3280  0.9375000      0.8223125       1.364126      0.4529025      0.5722657    
        3300   1.000000      0.8043750       1.484461      0.4592845      0.5622146    
        3320   1.000000      0.8334375       1.395604      0.4632566      0.5694444    
        3340   1.000000      0.8138125       1.257292      0.4542237      0.5761112    
        3360  0.8750000      0.8239375       1.415743      0.4668475      0.5661110    
        3380  0.8750000      0.8060000       1.470684      0.4569645      0.5476923    
        3400   1.000000      0.8435000       1.425931      0.4584821      0.5998960    
        3420  0.8750000      0.7981250       1.223704      0.4505394      0.5427777    
        3440  0.8750000      0.8393125       1.314649      0.4639276      0.5905769    
        3460  0.8750000      0.7868125       1.679409      0.4488506      0.5603426    
        3480   1.000000      0.8152500       1.528723      0.4455051      0.5628622    
        3500  0.8750000      0.7782500       1.393929      0.4502678      0.5761892    
        3520   1.000000      0.8267500       1.406770      0.4495994      0.5524260    
        3540  0.8750000      0.7927500       1.573961      0.4248884      0.5504682    
        3560   1.000000      0.8688125       1.371420      0.4418233      0.5350000    
        3580  0.8750000      0.7987500       1.388654      0.4504918      0.5355556    
        3600   1.000000      0.8611875       1.328578      0.4467582      0.5727539    
        3620  0.8750000      0.7953750       1.135951      0.4597023      0.5583333    
        3640   1.000000      0.9295625       1.412749      0.4604673      0.5643644    
        3660  0.8750000      0.7881875       1.347480      0.4401340      0.5249739    
        3680   1.000000      0.9213125       1.291055      0.4597453      0.5693358    
        3700  0.8750000      0.8009375       1.785181      0.4709375      0.5600585    
        3720   1.000000      0.8204375       1.465466      0.4511135      0.5795898    
        3740  0.8750000      0.7831250       1.541690      0.4334202      0.5327778    
        3760   1.000000      0.8224375       1.532032      0.4326117      0.5312174    
        3780  0.8750000      0.8050625       1.296821      0.4313535      0.5238752    
        3800  0.8750000      0.8274375       1.357848      0.4414542      0.5505326    
        3820  0.8750000      0.7987500       1.336690      0.4266824      0.5344379    
        3840   1.000000      0.8210000       1.320484      0.4336843      0.5650001    
        3860  0.8750000      0.7996875       1.295669      0.4485160      0.5473465    
        3880  0.9375000      0.8701250       1.712747      0.4431458      0.5507812    
        3900  0.8750000      0.7555000       1.582726      0.4207028      0.5218522    
        3920  0.9375000      0.8831250       1.695681      0.4388592      0.5396824    
        3940   1.000000      0.8040000       1.452692      0.4488955      0.5363314    
        3960  0.9375000      0.8870000       1.568536      0.4494685      0.5327778    
        3980  0.8750000      0.7333750       1.512476      0.4636349      0.5606021    
        4000  0.9375000      0.8910625       1.656014      0.4510518      0.5188247    
        4020  0.8750000      0.7735000       1.283462      0.4594176      0.5461111    
        4040  0.9375000      0.8237500       1.465010      0.4519305      0.5808563    
        4060  0.8750000      0.7968125       1.256968      0.4425951      0.5332986    
        4080   1.000000      0.8213125       1.429847      0.4553131      0.5601469    
        4100  0.8750000      0.8030625       1.228084      0.4305966      0.5268554    
        4120  0.8750000      0.8175625       1.486215      0.4518166      0.5572224    
        4140  0.8750000      0.7976250       1.358320      0.4384970      0.5240615    
        4160   1.000000      0.8547500       1.299649      0.4573245      0.5480105    
        4180   1.000000      0.8773125       1.294078      0.4624551      0.5381709    
        4200   1.000000      0.9260625       1.268620      0.4836549      0.6011835    
        4220   1.000000      0.8095000       1.331117      0.4677726      0.5702480    
        4240   1.000000      0.9269375       1.320841      0.4749841      0.5698243    
        4260   1.000000      0.8495000       1.180419      0.4564529      0.5444337    
        4280   1.000000      0.9255000       1.570127      0.4552743      0.5376493    
        4300   1.000000      0.9138750       1.105764      0.4613308      0.5536146    
        4320   1.000000      0.9126250       1.172860      0.5179020      0.5941231    
        4340   1.000000      0.8121875       1.047842      0.4794648      0.5694131    
        4360   1.000000      0.8935000       1.363564      0.4791895      0.5616770    
        4380   1.000000      0.8066250       1.310094      0.4357777      0.5311241    
        4400   1.000000      0.8343750       1.447110      0.4502048      0.5324125    
        4420   1.000000      0.8065625       1.309887      0.4496448      0.5399449    
        4440   1.000000      0.8350000       1.412147      0.4612472      0.5991209    
        4460  0.8750000      0.7765625       1.008175      0.4587728      0.5689090    
        4480  0.8750000      0.8172500       1.443914      0.4476803      0.5707597    
        4500  0.8750000      0.7860000       1.211981      0.4454452      0.5622144    
        4520  0.8750000      0.8161250       1.412058      0.4336422      0.5385675    
        4540  0.8750000      0.6878125       1.456993      0.4270635      0.5183433    
        4560  0.8750000      0.8109375       1.371603      0.4367399      0.5497884    
        4580  0.8750000      0.7388125       1.510414      0.4221484      0.5358581    
        4600  0.8750000      0.8199375       1.291941      0.4403842      0.5595268    
        4620  0.8750000      0.7686250       1.186852      0.4326781      0.5220387    
        4640   1.000000      0.8272500       1.447985      0.4317468      0.5291006    
        4660  0.8750000      0.7485000       1.490585      0.4291304      0.5361328    
        4680   1.000000      0.8088125       1.374004      0.4394090      0.5444772    
        4700  0.8750000      0.7993750       1.073999      0.4473754      0.5468261    
        4720  0.8750000      0.8156875       1.389443      0.4510050      0.5578079    
        4740  0.8750000      0.7813125      0.9040554      0.4628014      0.5655566    
        4760  0.8750000      0.8095625       1.259971      0.4571827      0.5516668    
        4780  0.8750000      0.7898750       1.149859      0.4207384      0.5527146    
        4800   1.000000      0.8204375       1.379694      0.4555293      0.5691987    
        4820  0.8750000      0.8007500       1.134938      0.4421067      0.5522802    
        4840   1.000000      0.9150000       1.413413      0.4448882      0.5215420    
        4860  0.8750000      0.7960000       1.408658      0.4350012      0.5344445    
        4880   1.000000      0.8850625       1.602049      0.4428439      0.5182101    
        4900  0.8750000      0.8046875       1.213321      0.4459596      0.5472223    
        4920   1.000000      0.9366875       1.853479      0.4460458      0.5517763    
        4940  0.8750000      0.8018750       1.106691      0.4372490      0.5154529    
        4960   1.000000      0.9310000       1.826742      0.4339626      0.5178698    
        4980  0.8750000      0.8051875       1.346376      0.4338408      0.5079081    
        5000   1.000000      0.8463125       1.644499      0.4611823      0.5747071    
        5020  0.8750000      0.7785625       1.492447      0.4492484      0.5454102    
        5040   1.000000      0.9390625       1.874605      0.4482533      0.5336914    
        5060  0.8750000      0.7981250       1.140120      0.4367603      0.5249740    
        5080   1.000000      0.8208750       1.374314      0.4429460      0.5437139    
        5100  0.8750000      0.7894375       1.304293      0.4474972      0.5405557    
        5120  0.8750000      0.8173750       1.406690      0.4568097      0.5431840    
        5140  0.8750000      0.7948750       1.287609      0.4576676      0.5749218    
        5160   1.000000      0.8617500       1.396340      0.4531715      0.5600645    
        5180  0.8750000      0.7935000       1.308173      0.4373477      0.5475624    
        5200   1.000000      0.8792500       1.413030      0.4598709      0.5327148    
        5220  0.8750000      0.8007500       1.133271      0.4443879      0.5190225    
        5240   1.000000      0.8288125       1.251645      0.4500682      0.5389256    
        5260  0.8750000      0.7952500       1.431463      0.4342977      0.5764828    
        5280   1.000000      0.9222500       1.452773      0.4181592      0.5249024    
        5300  0.8750000      0.8005625       1.388802      0.4270630      0.5258789    
        5320   1.000000      0.9211875       1.378151      0.4600745      0.5555555    
        5340  0.8750000      0.7981250       1.398274      0.4202291      0.4918344    
        5360   1.000000      0.9123125       1.436153      0.4378240      0.5724267    
        5380   1.000000      0.8177500       1.204023      0.4362008      0.5385742    
        5400   1.000000      0.9234375       1.214224      0.4612629      0.5437137    
        5420   1.000000      0.9024375      0.9971638      0.4510214      0.5406493    
        5440   1.000000      0.8665000       1.277392      0.4490193      0.5497605    
        5460   1.000000      0.8411875       1.271494      0.4458543      0.5268554    
        5480   1.000000      0.9310625       1.215339      0.4595579      0.5524616    
        5500   1.000000      0.8068750       1.156594      0.4434562      0.5386983    
        5520   1.000000      0.9285000       1.313541      0.4668230      0.5644531    
        5540   1.000000      0.7723125       1.415563      0.4510130      0.5324127    
        5560   1.000000      0.8873125       1.334232      0.4652925      0.5661157    
        5580   1.000000      0.8141875       1.377416      0.4524972      0.5467457    
        5600   1.000000      0.9116250       1.287095      0.4916146      0.5874555    
        5620   1.000000      0.8228125       1.423591      0.4575207      0.5655566    
        5640   1.000000      0.9244375       1.317303      0.4775945      0.5850339    
        5660   1.000000      0.8693750       1.256569      0.4621003      0.5670519    
        5680   1.000000      0.9015625       1.047743      0.4603868      0.5434320    
        5700   1.000000      0.8179375       1.240473      0.4574228      0.5438890    
        5720   1.000000      0.8612500       1.463749      0.4555615      0.5751838    
        5740   1.000000      0.8213750       1.404955      0.4490806      0.5330579    
        5760   1.000000      0.9243750       1.419836      0.4677988      0.5537190    
        5780   1.000000      0.8011250       1.363996      0.4434571      0.5578232    
        5800  0.8750000      0.8225625       1.404465      0.4474000      0.5724364    
        5820   1.000000      0.8136250       1.352622      0.4323260      0.5149912    
        5840  0.9375000      0.8858125       1.820616      0.4349191      0.5317377    
        5860   1.000000      0.7733125       1.519266      0.4433857      0.5280958    
        5880  0.9375000      0.8878125       2.057559      0.4571134      0.5444337    
        5900  0.8750000      0.8008750       1.324149      0.4621823      0.5512723    
        5920  0.9375000      0.8888750       1.893210      0.4414013      0.5317383    
        5940   1.000000      0.7763750       1.069980      0.4649006      0.5541103    
        5960   1.000000      0.8570625       1.475573      0.4575337      0.5595266    
        5980   1.000000      0.7781875      0.9645158      0.4518535      0.5310401    
        6000   1.000000      0.8586875       1.511868      0.4634473      0.5903322    
        6020   1.000000      0.7958750       1.338856      0.4557053      0.5789871    
        6040   1.000000      0.8631875       1.442719      0.4408466      0.5405828    
        6060  0.8750000      0.7978125       1.399260      0.4150345      0.5208117    
        6080   1.000000      0.8246875       1.442090      0.4434427      0.5917764    
        6100   1.000000      0.8123750       1.441004      0.4230512      0.5151384    
        6120   1.000000      0.8863125       1.618064      0.4198750      0.5185986    
        6140   1.000000      0.8726250       1.302920      0.4448794      0.5325987    
        6160   1.000000      0.9281875       1.390972      0.4362528      0.5557398    
        6180   1.000000      0.9401250      0.8625832      0.4545826      0.5477450    
        6200   1.000000      0.9033750       1.285491      0.4520380      0.5467128    
        6220   1.000000      0.8282500       1.363412      0.4521415      0.5428200    
        6240   1.000000      0.9176250       1.319769      0.4705754      0.5713609    
        6260   1.000000      0.9143125       1.158723      0.4473008      0.5452254    
        6280   1.000000      0.9265625       1.340418      0.4395677      0.5647338    
        6300   1.000000      0.9282500      0.8670229      0.4390634      0.5317383    
        6320   1.000000      0.8723125       1.377793      0.4207828      0.5292969    
        6340   1.000000      0.8894375       1.072895      0.4235695      0.5142733    
        6360   1.000000      0.8573750       1.482080      0.4411168      0.5676379    
        6380  0.8750000      0.8114375       1.306339      0.4248616      0.5121107    
        6400  0.8750000      0.8143750       1.376612      0.4464970      0.5546896    
        6420   1.000000      0.8104375       1.235856      0.4454231      0.5489074    
        6440   1.000000      0.8230000       1.394364      0.4471231      0.5325443    
        6460   1.000000      0.8121875       1.470690      0.4463972      0.5278151    
        6480  0.9375000      0.8893750       1.540339      0.4438731      0.5288087    
        6500  0.8750000      0.7600000       1.493745      0.4491491      0.5473633    
        6520  0.9375000      0.8866875       1.625283      0.4350691      0.5376492    
        6540  0.8750000      0.7985625       1.450231      0.4485506      0.5355557    
        6560   1.000000      0.8767500       1.527648      0.4529772      0.5429586    
        6580   1.000000      0.7985625       1.258513      0.4494416      0.5514647    
        6600   1.000000      0.8503750       1.399594      0.4404530      0.5391716    
        6620   1.000000      0.8123125       1.348152      0.4452542      0.5581066    
        6640   1.000000      0.9292500       1.358904      0.4599134      0.5747070    
        6660   1.000000      0.8238125       1.267094      0.4504839      0.5780437    
        6680   1.000000      0.9068125       1.223151      0.4709046      0.5732545    
        6700   1.000000      0.8855000       1.381060      0.4403309      0.5346434    
        6720   1.000000      0.9314375       1.174063      0.4616897      0.5684052    
        6740   1.000000      0.8354375       1.206937      0.4594612      0.5582727    
        6760   1.000000      0.9230000       1.307938      0.4991158      0.5795897    
        6780   1.000000      0.8191875       1.362292      0.4679695      0.5699169    
        6800   1.000000      0.9091250       1.246188      0.5198436      0.6050988    
        6820   1.000000      0.8077500       1.222833      0.4726736      0.5734016    
        6840   1.000000      0.9211875       1.257986      0.4833837      0.5987638    
        6860   1.000000      0.8183750       1.267587      0.4632641      0.5727777    
        6880   1.000000      0.9218125       1.191207      0.4963851      0.5759625    
        6900   1.000000      0.8352500       1.399186      0.4730746      0.5629018    
        6920   1.000000      0.8490625       1.434599      0.4655256      0.5699170    
        6940   1.000000      0.8074375       1.351519      0.4572543      0.5560257    
        6960  0.8750000      0.8285000       1.445912      0.4549190      0.5679013    
        6980   1.000000      0.8164375       1.282325      0.4449376      0.5522462    
        7000   1.000000      0.8322500       1.352385      0.4498239      0.5733984    
        7020  0.8750000      0.8062500       1.449784      0.4493049      0.5530697    
        7040  0.9375000      0.8280625       1.434660      0.4529662      0.5552663    
        7060  0.8750000      0.8056875       1.509487      0.4193059      0.5219026    
        7080  0.8750000      0.8213750       1.442005      0.4367903      0.5648777    
        7100   1.000000      0.8195625       1.362799      0.4394581      0.5402249    
        7120   1.000000      0.9048750       1.471561      0.4714079      0.5860354    
        7140  0.8750000      0.7958750       1.480996      0.4474385      0.5449955    
        7160   1.000000      0.9309375       1.268986      0.4892775      0.5786133    
        7180   1.000000      0.8741875       1.000077      0.4482904      0.5395411    
        7200   1.000000      0.9122500       1.206099      0.4609383      0.5725436    
        7220   1.000000      0.8293750       1.394457      0.4406887      0.5249024    
        7240   1.000000      0.8606250       1.343774      0.4552994      0.5642793    
        7260   1.000000      0.8158750       1.427053      0.4341779      0.5371094    
        7280   1.000000      0.8293750       1.477568      0.4531068      0.5610352    
        7300   1.000000      0.8149375       1.511985      0.4382835      0.5440772    
        7320   1.000000      0.8985625       1.520396      0.4499781      0.5243930    
        7340   1.000000      0.7970625       1.394009      0.4403346      0.5476922    
        7360   1.000000      0.8945625       1.614385      0.4356306      0.5169881    
        7380  0.9375000      0.7705625       1.372812      0.4324162      0.5105603    
        7400  0.9375000      0.8560625       1.720699      0.4333913      0.5346434    
        7420   1.000000      0.8038750       1.428112      0.4347858      0.5284663    
        7440  0.8750000      0.8272500       1.463062      0.4424305      0.5615243    
        7460   1.000000      0.8100000       1.318492      0.4457596      0.5278320    
        7480  0.8750000      0.8239375       1.468185      0.4458920      0.5604734    
        7500  0.8750000      0.8148750       1.416636      0.4297533      0.5229568    
        7520  0.9375000      0.8303125       1.503913      0.4429175      0.5566406    
        7540  0.8750000      0.8088750       1.406888      0.4318329      0.5471647    
        7560  0.8750000      0.8271875       1.399115      0.4467848      0.5477450    
        7580   1.000000      0.8166250       1.459695      0.4696934      0.5649019    
        7600  0.8750000      0.8250625       1.415662      0.4701037      0.5957336    
        7620   1.000000      0.8032500       1.325831      0.4520366      0.5395422    
        7640  0.8750000      0.8230000       1.404631      0.4557001      0.5655567    
        7660   1.000000      0.8214375       1.431292      0.4509386      0.5592287    
        7680  0.8750000      0.8263125       1.423456      0.4604789      0.5961111    
        7700  0.8750000      0.8075000       1.460040      0.4792425      0.5676379    
        7720  0.9375000      0.8391250       1.546152      0.4551553      0.5859375    
        7740  0.8750000      0.7881875       1.376612      0.3923507      0.5339646    
        7760  0.8750000      0.8265000       1.375256      0.4291939      0.5336356    
        7780  0.8750000      0.7503750       1.488528      0.4309041      0.5209961    
        7800  0.8750000      0.8250000       1.518944      0.4491852      0.5603427    
        7820   1.000000      0.8081250       1.394772      0.4365309      0.5249740    
        7840  0.8750000      0.8186250       1.447853      0.4409640      0.5507684    
        7860   1.000000      0.8006875       1.244792      0.4385417      0.5542958    
        7880   1.000000      0.8178750       1.395802      0.4421992      0.5644531    
        7900   1.000000      0.8038125       1.437884      0.4596421      0.5670518    
        7920   1.000000      0.8216250       1.393735      0.4542497      0.5522462    
        7940  0.8750000      0.7961875       1.311013      0.4309462      0.5346678    
        7960  0.8750000      0.8168750       1.399300      0.4439141      0.5737278    
        7980   1.000000      0.8024375       1.433358      0.4448553      0.5405273    
        8000   1.000000      0.8930625       1.263094      0.4748738      0.5528995    
        8020   1.000000      0.8800000       1.177749      0.4515893      0.5334912    
        8040   1.000000      0.9421250       1.254903      0.4613820      0.5670341    
        8060   1.000000      0.8426250       1.301165      0.4782756      0.5670339    
        8080   1.000000      0.8751250       1.376769      0.4644327      0.5815430    
        8100   1.000000      0.8285000       1.312975      0.4693909      0.5468263    
        8120   1.000000      0.9150625       1.159660      0.4935435      0.5749559    
        8140   1.000000      0.8500625       1.043324      0.4537680      0.5686786    
        8160   1.000000      0.9250000       1.070369      0.4726736      0.5883334    
        8180   1.000000      0.8240625       1.359787      0.4541704      0.5528994    
        8200   1.000000      0.9184375       1.328875      0.4727576      0.5652071    
        8220   1.000000      0.8553125       1.070355      0.4667985      0.5542958    
        8240  0.8750000      0.8286875       1.447563      0.4651503      0.5497606    
        8260   1.000000      0.8384375       1.318569      0.4407248      0.5349113    
        8280  0.8750000      0.8276875       1.422770      0.4472034      0.5780436    
        8300   1.000000      0.8053750       1.448806      0.4259180      0.5285468    
        8320   1.000000      0.8483750       1.381335      0.4594379      0.5784833    
        8340  0.8750000      0.7920000       1.387920      0.4306074      0.5224401    
        8360   1.000000      0.8253750       1.417058      0.4317114      0.5561523    
        8380  0.8750000      0.8125625       1.541144      0.4206576      0.5346680    
        8400  0.8750000      0.8253750       1.422228      0.4404287      0.5618934    
        8420  0.8750000      0.7981875       1.354298      0.4225818      0.5083247    
        8440  0.9375000      0.8615625       1.992422      0.4375544      0.5396450    
        8460  0.8750000      0.7433125       1.615509      0.4524333      0.5442177    
        8480  0.9375000      0.8261875       1.511849      0.4471662      0.5512695    
        8500   1.000000      0.7869375       1.373406      0.4426388      0.5391786    
        8520  0.8750000      0.8252500       1.461158      0.4524356      0.5667186    
        8540  0.8750000      0.8151250       1.429890      0.4650513      0.5724363    
        8560  0.8750000      0.8236875       1.417149      0.4653761      0.5931322    
        8580  0.8750000      0.8131250       1.416196      0.4566017      0.5483871    
        8600  0.8750000      0.8145000       1.417632      0.4591967      0.5869823    
        8620   1.000000      0.8236250       1.402793      0.4673149      0.5561914    
        8640  0.8750000      0.8191875       1.406932      0.4673741      0.5794444    
        8660  0.8750000      0.8231875       1.435873      0.4529633      0.5685207    
        8680  0.9375000      0.8155000       1.379072      0.4536608      0.5951121    
        8700  0.8750000      0.7770625       1.302206      0.4346195      0.5219727    
        8720  0.8750000      0.8236250       1.449367      0.4482894      0.5659294    
        8740  0.8750000      0.8097500       1.563561      0.4281722      0.5493147    
        8760   1.000000      0.8244375       1.409176      0.4337339      0.5382046    
        8780  0.8750000      0.8035625       1.461009      0.4199469      0.5009183    
        8800  0.8750000      0.8090000       1.346942      0.4316078      0.5380274    
        8820  0.8750000      0.7929375       1.355487      0.4165744      0.5249024    
        8840  0.8750000      0.8211250       1.341521      0.4383798      0.5330579    
        8860  0.8750000      0.7529375       1.321702      0.4452515      0.5305026    
        8880   1.000000      0.8190625       1.362203      0.4537789      0.5468262    
        8900  0.8750000      0.7815625       1.265389      0.4448322      0.5582726    
        8920   1.000000      0.8406875       1.434997      0.4474601      0.5468263    
        8940  0.8750000      0.7940625       1.337999      0.4192195      0.5331900    
        8960  0.8750000      0.8211875       1.346721      0.4376188      0.5426639    
        8980  0.8750000      0.7941875       1.383841      0.4321020      0.5249740    
        9000  0.8750000      0.8226875       1.551426      0.4578758      0.5558076    
        9020  0.8750000      0.7971875       1.399810      0.4340815      0.5306122    
        9040  0.8750000      0.8191250       1.213334      0.4368570      0.5469693    
        9060  0.8750000      0.8063750       1.183672      0.4211263      0.5354785    
        9080  0.8750000      0.8278125       1.350917      0.4426958      0.5454102    
        9100  0.8750000      0.8026875       1.208730      0.4284498      0.5221654    
        9120   1.000000      0.9405625       1.274179      0.4208248      0.5079280    
        9140   1.000000      0.8083750       1.253095      0.4293809      0.5165029    
        9160   1.000000      0.9270000       1.209224      0.4736188      0.5581056    
        9180   1.000000      0.8993750       1.186631      0.4455573      0.5331318    
        9200   1.000000      0.9306875       1.220347      0.4544538      0.5815431    
        9220   1.000000      0.8956250       1.211080      0.4448721      0.5206611    
        9240   1.000000      0.9236250       1.303844      0.4716862      0.5725436    
        9260   1.000000      0.9038125       1.122397      0.4756553      0.5718893    
        9280   1.000000      0.9293750       1.302296      0.4884428      0.5922851    
        9300   1.000000      0.8217500       1.331298      0.4378225      0.5502930    
        9320   1.000000      0.9351875       1.398986      0.4557343      0.5560257    
        9340   1.000000      0.8396250       1.180485      0.4321226      0.5258788    
        9360   1.000000      0.8943750       1.199768      0.4632440      0.5688477    
        9380   1.000000      0.9271250       1.111597      0.4578474      0.5367309    
        9400   1.000000      0.9335000       1.161201      0.4720925      0.5800782    
        9420   1.000000      0.8276250       1.376262      0.4386260      0.5211834    
        9440   1.000000      0.9348750       1.229478      0.4625950      0.5537190    
        9460   1.000000      0.8230625       1.249784      0.4373970      0.5459136    
        9480   1.000000      0.8885000       1.265528      0.4535966      0.5371973    
        9500   1.000000      0.8333125       1.406013      0.4337709      0.5133150    
        9520   1.000000      0.9298125       1.297612      0.4284775      0.5133150    
        9540   1.000000      0.8891875       1.198154      0.4280491      0.5368679    
        9560   1.000000      0.9310625       1.240947      0.4416632      0.5284027    
        9580   1.000000      0.8070000       1.381480      0.4298926      0.5226108    
        9600   1.000000      0.9296250       1.346121      0.4431186      0.5618935    
        9620  0.8750000      0.8041250       1.151654      0.4350601      0.5405827    
        9640   1.000000      0.9419375       1.598552      0.4246076      0.5399448    
        9660  0.8750000      0.7963750       1.042210      0.4358052      0.5226035    
        9680   1.000000      0.8336875       1.439664      0.4373450      0.5609467    
        9700  0.8750000      0.7802500       1.345366      0.4390138      0.5334911    
        9720   1.000000      0.9301875       1.474039      0.4543177      0.5336356    
        9740  0.8750000      0.8019375       1.166897      0.4582050      0.5420119    
        9760   1.000000      0.8440625       1.405906      0.4467995      0.5618312    
        9780  0.8750000      0.7976250       1.505026      0.4179092      0.5552270    
        9800  0.8750000      0.8347500       1.548924      0.4378856      0.5502930    
        9820  0.8750000      0.8073750       1.377812      0.4515501      0.5532881    
        9840  0.8750000      0.8169375       1.418733      0.4576451      0.5555555    
        9860   1.000000      0.8180625       1.498565      0.4416202      0.5311243    
        9880   1.000000      0.8082500       1.397352      0.4479679      0.5400748    
        9900   1.000000      0.8112500       1.427869      0.4499989      0.5363314    
        9920  0.9375000      0.8918125       1.610270      0.4736328      0.5459137    
        9940  0.8750000      0.7438125       1.494312      0.4534431      0.5374609    
        9960  0.9375000      0.8941875       1.609086      0.4319252      0.5221653    
        9980  0.8750000      0.7235625       1.488980      0.4384096      0.5381708    
       10000  0.9375000      0.8936250       1.633968      0.4287255      0.5064880    
       10020  0.8750000      0.7327500       1.465647      0.4395916      0.5563020    
       10040  0.9375000      0.8725625       1.593819      0.4317374      0.5169230    
       10060  0.8750000      0.7934375      0.9340448      0.4663305      0.5578856    
       10080   1.000000      0.8328750       1.397084      0.4460845      0.5372783    
       10100  0.8750000      0.7825625       1.553584      0.4243873      0.5185186    
       10120   1.000000      0.8357500       1.495682      0.4468517      0.5431589    
       10140  0.8750000      0.7785000       1.392301      0.4404950      0.5381709    
       10160  0.9375000      0.8206250       1.380366      0.4408539      0.5350858    
       10180   1.000000      0.7945000       1.509234      0.4521804      0.5912389    
       10200   1.000000      0.8255625       1.404916      0.4602252      0.5582726    
       10220   1.000000      0.7980000       1.215533      0.4332170      0.5397924    
       10240   1.000000      0.8591875       1.261067      0.4669623      0.5561523    
       10260   1.000000      0.8709375       1.209652      0.4677304      0.5671006    
       10280   1.000000      0.9203125       1.128161      0.4815817      0.5676096    
       10300   1.000000      0.8633750       1.193844      0.4542454      0.5665144    
       10320   1.000000      0.9282500       1.275305      0.4689939      0.5437044    
       10340   1.000000      0.8174375       1.395418      0.4542897      0.5358127    
       10360   1.000000      0.9446250       1.349599      0.4561584      0.5588310    
       10380   1.000000      0.8312500       1.244200      0.4490119      0.5657125    
       10400   1.000000      0.9399375       1.270951      0.4541228      0.5384948    
       10420   1.000000      0.7748125       1.240298      0.4435805      0.5190225    
       10440  0.9375000      0.8156875       1.285410      0.4629345      0.5981358    
       10460  0.8750000      0.7723750       1.069170      0.4598555      0.5478668    
       10480  0.8750000      0.8177500       1.297131      0.4709971      0.5576172    
       10500  0.8750000      0.7481875       1.372840      0.4392972      0.5874090    
       10520  0.8750000      0.8136250       1.323204      0.4382363      0.5689091    
       10540  0.8750000      0.7921250       1.339742      0.3990164      0.5154527    
       10560   1.000000      0.8385000       1.402685      0.4319547      0.5494444    
       10580  0.8750000      0.7999375       1.025571      0.4454987      0.5503896    
       10600  0.8750000      0.8300000       1.468415      0.4447436      0.5488280    
       10620  0.8750000      0.7970000       1.444002      0.4182408      0.5285967    
       10640   1.000000      0.8406250       1.405435      0.4357198      0.5601470    
       10660  0.8750000      0.8055000       1.387897      0.4317552      0.5220386    
       10680   1.000000      0.8914375       1.454672      0.4295005      0.5395508    
       10700  0.8750000      0.8063750       1.021036      0.4452926      0.5458984    
       10720   1.000000      0.8094375       1.378749      0.4616492      0.5670340    
       10740  0.8750000      0.8140625       1.155427      0.4428258      0.5419921    
       10760   1.000000      0.8242500       1.364863      0.4418489      0.5582725    
       10780  0.8750000      0.7955625       1.219530      0.4369957      0.5342149    
       10800  0.8750000      0.8203750       1.277072      0.4476145      0.5582640    
       10820  0.8750000      0.8131875       1.260386      0.4340975      0.5791439    
       10840   1.000000      0.8273125       1.529591      0.4409952      0.5515088    
       10860  0.8750000      0.7980000       1.391489      0.4387043      0.5439398    
       10880  0.9375000      0.8151250       1.181685      0.4368803      0.5327148    
       10900  0.8750000      0.7813125       1.337014      0.4207464      0.5159764    
       10920  0.8750000      0.8240000       1.349468      0.4543412      0.5596093    
       10940  0.8750000      0.7662500       1.365279      0.4409895      0.5489075    
       10960   1.000000      0.8144375       1.369112      0.4482734      0.5535900    
       10980  0.8750000      0.8084375       1.284638      0.4407686      0.5332986    
       11000   1.000000      0.8532500       1.310606      0.4450455      0.5361111    
       11020  0.8750000      0.7766875       1.244994      0.4365260      0.5618312    
       11040   1.000000      0.8411875       1.349006      0.4603657      0.5998959    
       11060  0.8750000      0.7990000       1.325440      0.4508137      0.5756966    
       11080   1.000000      0.8832500       1.453740      0.4238182      0.5778016    
       11100  0.8750000      0.8072500       1.268477      0.4348583      0.5595703    
       11120   1.000000      0.9169375       1.584915      0.4603617      0.5442178    
       11140  0.8750000      0.8016250       1.395582      0.4169260      0.5361553    
       11160   1.000000      0.8675000       1.467720      0.4148732      0.5375977    
       11180  0.8750000      0.8055000       1.494902      0.4143313      0.5238751    
       11200   1.000000      0.8879375       1.469563      0.4365526      0.5300001    
       11220  0.9375000      0.7981875       1.339967      0.4413425      0.5344378    
       11240   1.000000      0.8778750       1.592174      0.4511622      0.5395422    
       11260  0.8750000      0.7996250       1.400672      0.4417809      0.5562131    
       11280   1.000000      0.8641250       1.452958      0.4278671      0.5360529    
       11300  0.8750000      0.8096250       1.472868      0.4196560      0.5346680    
       11320   1.000000      0.8445000       1.485206      0.4275467      0.5351475    
       11340  0.8750000      0.8089375       1.345065      0.4234006      0.5243929    
       11360  0.9375000      0.8178750       1.403753      0.4326518      0.5225498    
       11380  0.8750000      0.7965625       1.389452      0.4278737      0.5101359    
       11400  0.8750000      0.8316250       1.440473      0.4309472      0.5599999    
       11420  0.8750000      0.8116250       1.487918      0.4053769      0.5255733    
       11440  0.8750000      0.8217500       1.543324      0.4276924      0.5472412    
       11460  0.8750000      0.8016250       1.149550      0.4023292      0.5031217    
       11480  0.8750000      0.8286875       1.522710      0.4281509      0.5527843    
       11500  0.8750000      0.7643125       1.375634      0.4153955      0.5130798    
       11520   1.000000      0.8360625       1.415347      0.4367486      0.5394445    
       11540  0.8750000      0.7932500       1.385546      0.4399062      0.5551758    
       11560   1.000000      0.9271250       1.733985      0.4444544      0.5732545    
       11580   1.000000      0.8114375       1.318642      0.4442904      0.5422406    
       11600   1.000000      0.9380625       1.237090      0.4663352      0.5530696    
       11620   1.000000      0.8513750       1.134438      0.4540255      0.5516667    
       11640   1.000000      0.9324375       1.336477      0.4409668      0.5310400    
       11660   1.000000      0.8817500       1.059235      0.4465874      0.5339761    
       11680   1.000000      0.9052500       1.315891      0.4618786      0.5509885    
       11700   1.000000      0.8981875      0.9571725      0.4392409      0.5675741    
       11720   1.000000      0.8313750       1.412234      0.4504593      0.5590820    
       11740   1.000000      0.8526875       1.247883      0.4714941      0.5634754    
       11760   1.000000      0.9143750       1.429081      0.4566051      0.5436179    
       11780   1.000000      0.8175625       1.268810      0.4507994      0.5493163    
       11800   1.000000      0.9210625       1.207089      0.4783882      0.5991210    
       11820   1.000000      0.8743125       1.167712      0.4626728      0.5618935    
       11840   1.000000      0.9275625       1.136782      0.4733800      0.6186523    
       11860   1.000000      0.8531875       1.299862      0.4464501      0.5789872    
       11880   1.000000      0.9230625       1.357481      0.4383122      0.5221653    
       11900   1.000000      0.8088125       1.413138      0.4367446      0.5630566    
       11920   1.000000      0.9223750       1.197510      0.4721567      0.5707596    
       11940   1.000000      0.8203750       1.375899      0.4642148      0.5442177    
       11960   1.000000      0.8967500       1.225619      0.4676300      0.5884886    
       11980   1.000000      0.8131250       1.323207      0.4618800      0.5600586    
       12000   1.000000      0.9130625       1.305242      0.4832526      0.5582726    
       12020   1.000000      0.8611250       1.277427      0.4646334      0.5466696    
       12040   1.000000      0.9257500       1.266642      0.4648069      0.5694129    
       12060   1.000000      0.9250625      0.9028456      0.4609965      0.5449954    
       12080   1.000000      0.9108750       1.236341      0.4642548      0.5530697    
       12100   1.000000      0.8097500       1.278501      0.4515154      0.5483399    
       12120   1.000000      0.9323750       1.209291      0.4663130      0.5633135    
       12140   1.000000      0.8198750       1.271329      0.4572712      0.5600587    
       12160   1.000000      0.9198750       1.303366      0.4494358      0.5390956    
       12200   1.000000      0.9326875       1.277565      0.4555348      0.5589895    
       12400   1.000000      0.9443750       1.647739      0.4333889      0.5644532    
       12600   1.000000      0.9258750       1.611573      0.4439840      0.5603538    
       12800   1.000000      0.9248750       1.424845      0.4497243      0.5647802    
       13000   1.000000      0.9035000       1.233388      0.4621680      0.5816187    
       13200   1.000000      0.9128125       1.121078      0.4682224      0.6088027    
       13400   1.000000      0.8900625       1.118148      0.4671996      0.5953361    
       13600   1.000000      0.8909375       1.105558      0.4753083      0.5776627    
       13800   1.000000      0.8972500       1.109440      0.4749722      0.5996695    
       14000   1.000000      0.9004375       1.119692      0.4722558      0.6165981    
       14200   1.000000      0.8990625       1.116646      0.4774016      0.5945178    
       14400   1.000000      0.9026250       1.111050      0.4740803      0.5923817    
       14600   1.000000      0.8943125       1.107399      0.4783847      0.5937189    
       14800   1.000000      0.8924375       1.109239      0.4832827      0.5963635    
       15000   1.000000      0.8960625       1.105836      0.4706462      0.5900604    
       15200   1.000000      0.8908750       1.115631      0.4746695      0.5960219    
       15400   1.000000      0.9027500       1.112733      0.4673313      0.5712397    
       15600   1.000000      0.8903125       1.123680      0.4684414      0.5848215    
       15800   1.000000      0.9016250       1.120642      0.4680611      0.5767176    
       16000   1.000000      0.8985625       1.119616      0.4661260      0.6179847    
       16200   1.000000      0.8906250       1.116392      0.4727343      0.5739797    
       16400   1.000000      0.8981875       1.113564      0.4703233      0.5843621    
       16600   1.000000      0.9038750       1.118010      0.4746004      0.5879903    
       16800   1.000000      0.8985625       1.134766      0.4721273      0.6168053    
       17000   1.000000      0.9092500       1.120064      0.4735577      0.6008002    
       17200   1.000000      0.8996250       1.118965      0.4739384      0.5760999    
       17400   1.000000      0.9153125       1.129341      0.4706770      0.5733418    
       17600   1.000000      0.9031250       1.114897      0.4703331      0.5790817    
       17800   1.000000      0.9013125       1.118225      0.4694397      0.5728567    
       18000   1.000000      0.8993750       1.107155      0.4718935      0.5844234    
       18200   1.000000      0.9037500       1.105304      0.4752083      0.5679339    
       18400   1.000000      0.8999375       1.116814      0.4709393      0.6227812    
       18600   1.000000      0.9056250       1.106423      0.4701965      0.6220412    
       18800   1.000000      0.9004375       1.113930      0.4762235      0.5880176    
       19000   1.000000      0.8901250       1.116188      0.4692494      0.5852616    
       19200   1.000000      0.8826875       1.104304      0.4732673      0.6044936    
       19400   1.000000      0.9036250       1.111454      0.4750541      0.5895337    
       19600   1.000000      0.9036250       1.108137      0.4704795      0.5865386    
       19800   1.000000      0.8968750       1.116612      0.4688505      0.5954142    
       20000   1.000000      0.8925000       1.119621      0.4702757      0.6264792    
       20200   1.000000      0.9013750       1.122737      0.4693503      0.5848215    
       20400   1.000000      0.9095625       1.107664      0.4742581      0.5823045    
       20600   1.000000      0.9056250       1.119469      0.4715211      0.5810266    
       20800   1.000000      0.8913125       1.111239      0.4701261      0.5772223    
       21000   1.000000      0.8953125       1.114845      0.4754193      0.6371742    
       21200   1.000000      0.9081875       1.134101      0.4758739      0.5877915    
       21400   1.000000      0.9014375       1.135379      0.4708624      0.5767013    
       21600   1.000000      0.8968125       1.106178      0.4745734      0.5939349    
       21800   1.000000      0.8847500       1.105837      0.4716319      0.5970247    
       22000   1.000000      0.8923750       1.103503      0.4776754      0.6023140    
       22200   1.000000      0.8944375       1.113845      0.4734194      0.5996693    
       22400   1.000000      0.9099375       1.111527      0.4702213      0.5653984    
       22600   1.000000      0.9051250       1.114284      0.4734803      0.5760058    
       22800   1.000000      0.8816250       1.116282      0.4727775      0.5904133    
       23000   1.000000      0.8961250       1.116886      0.4703997      0.5829485    
       23200   1.000000      0.9041875       1.116621      0.4735768      0.5683334    
       23400   1.000000      0.9047500       1.111701      0.4762904      0.5835458    
       23600   1.000000      0.9016250       1.106755      0.4748021      0.5975030    
       23800   1.000000      0.9050000       1.104692      0.4719491      0.5826396    
       24000   1.000000      0.9026250       1.104983      0.4675581      0.5644133    
       24200   1.000000      0.9068750       1.113724      0.4720144      0.5681749    
       24400   1.000000      0.8950000       1.123341      0.4718346      0.5836762    
       24600   1.000000      0.8988750       1.103423      0.4698516      0.5895337    
       24800   1.000000      0.9020625       1.127311      0.4735913      0.6021948    
       25000   1.000000      0.9002500       1.105345      0.4783136      0.6111111    
       25200   1.000000      0.8990625       1.105923      0.4717038      0.5820166    
       25400   1.000000      0.9123750       1.107514      0.4724808      0.5924745    
       25600   1.000000      0.9021250       1.118449      0.4743145      0.5817018    
       25800   1.000000      0.9035625       1.110018      0.4789459      0.5956632    
       26000   1.000000      0.9006875       1.138455      0.4678621      0.5725327    
       26200   1.000000      0.8990000       1.111029      0.4739949      0.6038494    
       26400   1.000000      0.8983750       1.112150      0.4673269      0.5924557    
       26600   1.000000      0.9013750       1.131469      0.4729723      0.5891632    
       26800   1.000000      0.8947500       1.104495      0.4746130      0.5916696    
       27000   1.000000      0.8843750       1.108590      0.4707032      0.6023141    
       27200   1.000000      0.8916250       1.109815      0.4739646      0.5749108    
       27400   1.000000      0.8966875       1.102297      0.4695823      0.5995691    
       27600   1.000000      0.8920000       1.104048      0.4714054      0.5946503    
       27800   1.000000      0.8975625       1.110565      0.4776097      0.6280991    
       28000   1.000000      0.8971875       1.114933      0.4735039      0.5765288    
       28200   1.000000      0.8943125       1.118648      0.4732137      0.5881097    
       28400   1.000000      0.8945625       1.121298      0.4696648      0.5880178    
       28600   1.000000      0.8965625       1.110215      0.4724445      0.5866420    
       28800   1.000000      0.8983125       1.111424      0.4698811      0.5822704    
       29000   1.000000      0.8913125       1.105264      0.4709937      0.5899234    
       29200   1.000000      0.9012500       1.115115      0.4732597      0.5905350    
       29400   1.000000      0.9070625       1.122840      0.4696060      0.5886480    
       29600   1.000000      0.8912500       1.103795      0.4747932      0.5724838    
       29800   1.000000      0.9009375       1.106671      0.4745151      0.6066897    
       30000   1.000000      0.8915625       1.103218      0.4719894      0.5919066    
       30200   1.000000      0.8897500       1.102443      0.4716772      0.5945177    
       30400   1.000000      0.9036875       1.119253      0.4780518      0.5747600    
       30600   1.000000      0.9021875       1.108605      0.4780578      0.5791736    
       30800   1.000000      0.9048125       1.119620      0.4743578      0.5847954    
       31000   1.000000      0.9099375       1.121796      0.4747725      0.5823329    
       31200   1.000000      0.8926875       1.113039      0.4727434      0.5743306    
       31400   1.000000      0.9036250       1.110863      0.4713277      0.5679339    
       31600   1.000000      0.8941250       1.107985      0.4722671      0.5835459    
       31800   1.000000      0.9061250       1.114029      0.4750055      0.6180363    
       32000   1.000000      0.9113125       1.109926      0.4724633      0.6632374    
       32200   1.000000      0.9070625       1.114260      0.4757746      0.6128826    
       32400   1.000000      0.8925625       1.108987      0.4780930      0.5871074    
       32600   1.000000      0.9025000       1.108619      0.4726088      0.5792552    
       32800   1.000000      0.8960625       1.116085      0.4703125      0.5969084    
