          20   1.000000      0.8311750       1.750799      0.4123612      0.5517579    
          40   1.000000      0.9213125       1.678053      0.3984908      0.4980469    
          60   1.000000      0.9218125       1.698800      0.4000240      0.4968781    
          80   1.000000      0.9226375       1.695242      0.3993668      0.4985521    
         100   1.000000      0.9123625       1.692348      0.4006644      0.5079291    
         120   1.000000      0.9161000       1.728229      0.4027330      0.5027220    
         140   1.000000      0.9248500       1.771038      0.4022884      0.5208287    
         160   1.000000      0.9257250       1.733930      0.4041854      0.5291364    
         180   1.000000      0.9192000       1.729297      0.4039056      0.4985351    
         200   1.000000      0.9149375       1.729697      0.4033137      0.5031217    
         220   1.000000      0.9184500       1.735640      0.4061201      0.5082644    
         240   1.000000      0.9250750       1.755082      0.4068118      0.5065398    
         260   1.000000      0.9214000       1.753806      0.4064094      0.5150884    
         280   1.000000      0.9120000       1.753842      0.4052477      0.5384088    
         300   1.000000      0.9277500       1.748926      0.4054591      0.5150000    
         320   1.000000      0.9153250       1.738649      0.4073677      0.5102538    
         340   1.000000      0.9308875       1.752162      0.4075738      0.5078124    
         360   1.000000      0.9134500       1.726781      0.4056404      0.4944904    
         380   1.000000      0.9258625       1.741352      0.4093827      0.5056806    
         400   1.000000      0.9240750       1.751706      0.4103307      0.5190224    
         420   1.000000      0.9297250       1.760331      0.4110090      0.5371093    
         440   1.000000      0.9121875       1.734573      0.4059207      0.5041623    
         460   1.000000      0.9179750       1.723879      0.4125353      0.5400625    
         480   1.000000      0.9213375       1.746310      0.4083767      0.5046152    
         500   1.000000      0.9194875       1.753917      0.4099374      0.5155557    
         520   1.000000      0.9145375       1.753402      0.4072606      0.5516581    
         540   1.000000      0.9157875       1.732296      0.4090395      0.5603536    
         560   1.000000      0.9163625       1.766563      0.4059228      0.5098855    
         580   1.000000      0.9184125       1.712021      0.4039732      0.5106153    
         600   1.000000      0.9130375       1.707687      0.4040202      0.5088757    
         620   1.000000      0.9325875       1.763245      0.4058121      0.5020812    
         621  0.7500000      0.4905750       1.749181      0.4056618      0.4988662    
         622  0.7500000      0.5119625       1.741162      0.4073286      0.5235502    
         623  0.7500000      0.5725000       1.765999      0.4091963      0.5149153    
         624  0.7500000      0.6058750       1.734080      0.4117275      0.5074326    
         625  0.7500000      0.6588500       1.722523      0.4138222      0.5229777    
         626  0.7500000      0.6836500       1.683879      0.4140816      0.5369407    
         627  0.8750000      0.6888625       1.636966      0.4154665      0.5478668    
         628  0.8750000      0.7057250       1.647015      0.4169291      0.5525495    
         629  0.8750000      0.7038875       1.649220      0.4170057      0.5385649    
         630  0.8750000      0.7032375       1.644798      0.4173139      0.5197710    
         631  0.8750000      0.7094500       1.655492      0.4167878      0.5423728    
         632  0.8750000      0.7198000       1.662102      0.4160992      0.5423728    
         633  0.8750000      0.7248375       1.655571      0.4136872      0.5423728    
         634  0.8750000      0.7492500       1.659550      0.4124404      0.5423728    
         635  0.8750000      0.7792875       1.658924      0.4076506      0.5187304    
         636  0.8750000      0.7972750       1.671640      0.4060054      0.5192508    
         637  0.8750000      0.7945125       1.657602      0.4073061      0.5192508    
         638  0.8750000      0.7873000       1.652433      0.4083332      0.5407148    
         639  0.8750000      0.8076625       1.670690      0.4095995      0.5208116    
         640  0.8750000      0.7913000       1.643579      0.4106955      0.5260771    
         641   1.000000      0.8066750       1.659190      0.4116765      0.5260771    
         642   1.000000      0.8146500       1.658357      0.4120711      0.5287575    
         643   1.000000      0.8056875       1.647968      0.4125360      0.5166493    
         644   1.000000      0.8056625       1.648144      0.4121584      0.5166493    
         645   1.000000      0.8139125       1.648535      0.4125581      0.5133028    
         646   1.000000      0.8167875       1.646556      0.4143544      0.5255647    
         647   1.000000      0.8097125       1.637811      0.4150596      0.5253906    
         648   1.000000      0.8204375       1.649931      0.4146017      0.5143780    
         649   1.000000      0.8270500       1.649361      0.4161381      0.5140828    
         650   1.000000      0.8329500       1.646206      0.4172391      0.5124717    
         651   1.000000      0.8309500       1.629448      0.4185343      0.5380501    
         652   1.000000      0.8404375       1.618930      0.4180807      0.5205342    
         653   1.000000      0.8705625       1.626181      0.4171097      0.5170068    
         654   1.000000      0.8941875       1.631825      0.4152529      0.5155029    
         655   1.000000      0.9308125       1.642986      0.4137180      0.5009183    
         656   1.000000      0.9320750       1.639034      0.4119405      0.5009183    
         657   1.000000      0.9251750       1.646387      0.4129047      0.4822663    
         658   1.000000      0.9357000       1.651084      0.4136092      0.4847405    
         659   1.000000      0.9157875       1.635061      0.4142357      0.5221303    
         660   1.000000      0.9305375       1.649181      0.4145431      0.5159990    
         661   1.000000      0.9286250       1.658472      0.4127034      0.4951479    
         662   1.000000      0.9217625       1.651849      0.4136687      0.5004883    
         663   1.000000      0.9120875       1.645856      0.4149046      0.5107422    
         664   1.000000      0.9282625       1.668910      0.4142697      0.4984616    
         665   1.000000      0.9216875       1.662867      0.4135687      0.5009183    
         666   1.000000      0.9315000       1.676744      0.4132426      0.5103806    
         667   1.000000      0.9253375       1.675381      0.4125919      0.4946746    
         668   1.000000      0.9249125       1.681411      0.4138888      0.4946746    
         669   1.000000      0.9219750       1.682352      0.4129973      0.4956055    
         670   1.000000      0.9302875       1.690255      0.4126474      0.4989350    
         671   1.000000      0.9344250       1.696346      0.4117849      0.5230538    
         672   1.000000      0.9279500       1.699347      0.4114429      0.5230538    
         673   1.000000      0.9213375       1.694792      0.4100856      0.5230538    
         674   1.000000      0.9199125       1.686894      0.4113261      0.5230538    
         675   1.000000      0.9295625       1.693799      0.4103037      0.5230538    
         676   1.000000      0.9349375       1.705604      0.4109283      0.5230538    
         677   1.000000      0.9289750       1.701604      0.4118614      0.5245654    
         678   1.000000      0.9226375       1.698299      0.4112569      0.5542959    
         679   1.000000      0.9230875       1.701798      0.4103392      0.4994797    
