          20  0.8125000      0.6728750       1.247934      0.4308577      0.5291583    
          40  0.8750000      0.7396250       1.516872      0.4312373      0.5794444    
          60  0.8125000      0.6674375       1.654755      0.4150579      0.5239335    
          80  0.8750000      0.8287500       1.514372      0.4080915      0.5332987    
         100  0.8125000      0.6716250       1.611451      0.4194999      0.5018897    
         120  0.8750000      0.8221250       1.508104      0.4097453      0.5270551    
         140  0.8125000      0.6691875       1.471867      0.4189856      0.5107016    
         160  0.8750000      0.8148125       1.469657      0.4221669      0.5215420    
         180  0.8750000      0.6862500       1.406126      0.4332844      0.5447217    
         200  0.9375000      0.8280000       1.500098      0.4296433      0.5291362    
         220  0.8750000      0.7916875       1.440405      0.4129339      0.4918033    
         240   1.000000      0.8652500       1.935541      0.4012752      0.5200195    
         260  0.8750000      0.7701250       1.373751      0.4212146      0.5035395    
         280   1.000000      0.9259375       1.748397      0.4629830      0.5411030    
         300  0.8750000      0.7401250       1.277947      0.4272314      0.5374610    
         320   1.000000      0.8536250       1.930297      0.4196499      0.5261111    
         340  0.8750000      0.7569375       1.555871      0.4220377      0.5274346    
         360   1.000000      0.9380000       1.659847      0.4156816      0.5101010    
         380  0.8750000      0.7218750       1.497570      0.4192713      0.5145681    
         400   1.000000      0.9450625       2.327480      0.4149268      0.4790039    
         420  0.8750000      0.7609375       1.501360      0.4108155      0.5316200    
         440   1.000000      0.9479375       2.064850      0.4015628      0.4834711    
         460  0.8750000      0.7888750       1.717942      0.3972574      0.5053712    
         480   1.000000      0.9494375       1.900221      0.4014297      0.5069823    
         500  0.8750000      0.7568125       1.743342      0.4115255      0.5059208    
         520   1.000000      0.8675625       1.720839      0.4133077      0.5093652    
         540  0.8750000      0.8078125       1.621280      0.3952054      0.4828304    
         560   1.000000      0.9507500       1.685479      0.3940735      0.4711914    
         580  0.8750000      0.7566250       1.361638      0.4062526      0.5218523    
         600   1.000000      0.8430000       1.657413      0.4081381      0.5261111    
         620  0.8750000      0.7591875       1.267788      0.3955222      0.5149153    
         640   1.000000      0.9298750       1.831827      0.3705285      0.4604493    
         660  0.8750000      0.7700625       1.204860      0.3860986      0.4771071    
         680   1.000000      0.9403750       1.836655      0.3779057      0.4651369    
         700  0.8750000      0.7635625       1.384999      0.3976063      0.4792138    
         720   1.000000      0.9573125       1.951363      0.3846482      0.4678604    
         740  0.8125000      0.7355000       1.278881      0.4000630      0.5122279    
         760   1.000000      0.9556875       1.779765      0.3979090      0.4921875    
         780  0.8750000      0.7573750       1.225894      0.4053212      0.5052406    
         800   1.000000      0.9552500       1.753950      0.4047884      0.4981634    
         820  0.8750000      0.7547500       1.446664      0.4138308      0.4989349    
         840   1.000000      0.9541250       1.731991      0.4281380      0.5145563    
         860  0.8750000      0.7570000       1.330980      0.4339910      0.5161290    
         880   1.000000      0.9558125       1.588448      0.4213148      0.5311243    
         900  0.8125000      0.6776875       1.276029      0.4506133      0.5975295    
         920   1.000000      0.9495000       2.101554      0.4534189      0.5344445    
         940  0.8750000      0.7411875       1.543633      0.4358762      0.5515656    
         960   1.000000      0.8700000       1.735355      0.4270085      0.5369407    
         980  0.8750000      0.7809375       1.149980      0.4385999      0.5281624    
        1000   1.000000      0.8717500       1.710186      0.4183177      0.5114639    
        1020  0.8750000      0.7542500       1.305452      0.4253743      0.5468262    
        1040   1.000000      0.9520000       1.816317      0.4061026      0.4975149    
        1060  0.8750000      0.7128125       1.184317      0.4282903      0.5386982    
        1080   1.000000      0.8398125       1.689718      0.4282326      0.5376669    
        1100  0.8750000      0.7505000       1.270010      0.4387770      0.5249023    
        1120   1.000000      0.8982500       1.964403      0.4190689      0.5297042    
        1140  0.8750000      0.8251250       1.130899      0.4201741      0.5044093    
        1160   1.000000      0.8361875       1.618641      0.4213030      0.5095124    
        1180  0.8750000      0.7284375       1.404078      0.4316630      0.5380861    
        1200   1.000000      0.8472500       1.944237      0.4094019      0.4971781    
        1220  0.8750000      0.7577500       1.543290      0.4198999      0.5023936    
        1240   1.000000      0.9197500       1.653200      0.4287817      0.5437045    
        1260  0.8750000      0.7673125       1.182216      0.4229433      0.5127779    
        1280   1.000000      0.9444375       1.777534      0.4099901      0.5009182    
        1300  0.8750000      0.7758125       1.521805      0.4064574      0.5364149    
        1320   1.000000      0.9350625       1.781038      0.4230714      0.5186010    
        1340  0.8750000      0.7822500       1.379532      0.4065607      0.5116667    
        1360   1.000000      0.9475625       1.746788      0.4112442      0.4905324    
        1380  0.8750000      0.7458125       1.443331      0.4179494      0.5079000    
        1400   1.000000      0.9325000       1.651855      0.4243340      0.5102539    
        1420  0.8750000      0.7965625       1.655067      0.3863398      0.5100780    
        1440   1.000000      0.9482500       1.701975      0.4058690      0.4852607    
        1460  0.8750000      0.7502500       1.521033      0.4058597      0.4960947    
        1480   1.000000      0.9475000       1.752148      0.3885567      0.4807307    
        1500  0.8750000      0.7670000       1.430665      0.3994474      0.5094445    
        1520   1.000000      0.9466250       1.895674      0.4053026      0.5090491    
        1540  0.8750000      0.8116875       1.181498      0.3903601      0.4726516    
        1560   1.000000      0.8285000       1.664034      0.4031118      0.4918691    
        1580  0.9375000      0.8046875       1.283032      0.4034415      0.5004030    
        1600   1.000000      0.9466250       1.741360      0.3902538      0.5213654    
        1620  0.8750000      0.7669375       1.486785      0.4204851      0.5100779    
        1640   1.000000      0.9306250       1.727695      0.4238155      0.5065089    
        1660  0.8750000      0.7379375       1.451322      0.4214748      0.5201600    
        1680   1.000000      0.9610625       1.762829      0.3987573      0.4853534    
        1700  0.8750000      0.7417500       1.421817      0.4234098      0.5209961    
        1720   1.000000      0.8405625       1.754596      0.4220853      0.5119678    
        1740  0.8750000      0.7611250       1.119451      0.4121567      0.5331900    
        1760   1.000000      0.8230625       1.742980      0.4186003      0.5382249    
        1780  0.8750000      0.6986875       1.389971      0.4301521      0.5707908    
        1800   1.000000      0.9263750       1.834499      0.4157009      0.5130709    
        1820  0.8750000      0.7596875       1.354294      0.4340622      0.5532879    
        1840   1.000000      0.9265625       1.764619      0.4049748      0.5127654    
        1860  0.8750000      0.7492500       1.202198      0.4172941      0.5180147    
        1880   1.000000      0.9387500       1.668442      0.4179778      0.4951172    
        1900  0.8750000      0.7585625       1.221975      0.4174102      0.5119677    
        1920   1.000000      0.9377500       1.661269      0.4243315      0.5538462    
        1940  0.8750000      0.7475625       1.059562      0.4384601      0.5325444    
        1960   1.000000      0.8768750       1.653565      0.4207384      0.5131835    
        1980  0.8750000      0.7940000       1.033579      0.4179466      0.5215420    
        2000   1.000000      0.9385000       1.763237      0.4243878      0.5034603    
        2020  0.8750000      0.7703750       1.172275      0.3946820      0.5227778    
        2040   1.000000      0.8552500       1.977666      0.4026592      0.5472223    
        2060  0.8750000      0.7470000       1.440423      0.4141693      0.5220386    
        2080   1.000000      0.9357500       2.110264      0.4206915      0.4944904    
        2100  0.8750000      0.7695000       1.353391      0.4058870      0.5000001    
        2120   1.000000      0.9484375       2.136775      0.4349502      0.5176027    
        2140  0.8750000      0.7432500       1.734299      0.4196948      0.5146924    
        2160   1.000000      0.9247500       1.821363      0.4115216      0.5164497    
        2180  0.8750000      0.7436875       1.237123      0.4069385      0.4894674    
        2200   1.000000      0.9415000       1.950177      0.4206803      0.5240238    
        2220  0.8750000      0.7486250       1.273392      0.4153994      0.4961031    
        2240   1.000000      0.8590625       1.739480      0.4106291      0.5181403    
        2260  0.8750000      0.7437500       1.334666      0.4207086      0.5497606    
        2280   1.000000      0.8887500       1.815191      0.4209942      0.5336357    
        2300  0.8750000      0.7995625       1.530212      0.4425221      0.5454102    
        2320   1.000000      0.9104375       1.575603      0.4505788      0.5373134    
        2340  0.8750000      0.7496875      0.9585467      0.4349421      0.5579145    
        2360   1.000000      0.8392500       1.537275      0.4526099      0.5502930    
        2380  0.8750000      0.7420625      0.9312956      0.4839657      0.5847890    
        2400   1.000000      0.9413750       1.717521      0.4931797      0.5844814    
        2420  0.8750000      0.7868125       1.465924      0.4565351      0.5422406    
        2440   1.000000      0.8246250       1.391078      0.4638164      0.5756517    
        2460  0.8750000      0.7730625       1.199927      0.4494641      0.5607879    
        2480  0.9375000      0.8190000       1.504557      0.4504845      0.5768457    
        2500  0.8750000      0.8053125       1.303359      0.4315622      0.5119678    
        2520   1.000000      0.8161250       1.406095      0.4471132      0.5712526    
        2540  0.8750000      0.7826250       1.361376      0.4123349      0.5072840    
        2560  0.9375000      0.8176250       1.361954      0.4422097      0.5489074    
        2580  0.8750000      0.7955000       1.086435      0.4404886      0.5385675    
        2600  0.8750000      0.8290625       1.531523      0.4533623      0.5576331    
        2620   1.000000      0.8198750       1.458336      0.4518820      0.5321395    
        2640   1.000000      0.8285000       1.567972      0.4463673      0.5754599    
        2660  0.8750000      0.8060625       1.500533      0.4547406      0.5541103    
        2680   1.000000      0.8967500       1.555843      0.4498809      0.5477502    
        2700  0.8750000      0.7923125       1.060904      0.4331138      0.5211834    
        2720   1.000000      0.8428750       1.500669      0.4410828      0.5676378    
        2740   1.000000      0.8020000       1.461842      0.4268602      0.5229492    
        2760   1.000000      0.8181250       1.496859      0.4558629      0.5588311    
        2780   1.000000      0.8282500       1.311269      0.4472435      0.5561915    
        2800  0.9375000      0.8872500       1.564381      0.4460751      0.5790842    
        2820  0.8750000      0.7555625       1.422252      0.4485592      0.5342649    
        2840  0.9375000      0.8921250       1.728656      0.4473544      0.5367311    
        2860  0.8750000      0.7647500       1.510603      0.4399061      0.5509886    
        2880  0.9375000      0.8928125       1.651589      0.4697243      0.5493164    
        2900  0.8750000      0.7925625       1.408920      0.4610494      0.5611393    
        2920  0.9375000      0.8965625       1.919603      0.4374852      0.5117187    
        2940  0.8750000      0.7481250       1.674070      0.4482359      0.5343392    
        2960   1.000000      0.8949375       1.898736      0.4362789      0.5209960    
        2980   1.000000      0.8099375       1.470372      0.4171817      0.5136094    
        3000  0.9375000      0.8894375       1.627995      0.4284509      0.5064279    
        3020   1.000000      0.7688750       1.571599      0.4313180      0.5170068    
        3040  0.9375000      0.8931875       1.947943      0.4360728      0.5279572    
        3060   1.000000      0.7831875       1.800586      0.4261243      0.5239335    
        3080   1.000000      0.8248125       1.468536      0.4405983      0.5436180    
        3100   1.000000      0.7710625       1.257315      0.4564326      0.5561915    
        3120   1.000000      0.8211875       1.398104      0.4582797      0.5648039    
        3140  0.8750000      0.7919375       1.424513      0.4512779      0.5463867    
        3160  0.9375000      0.8224375       1.436326      0.4513213      0.5634755    
        3180   1.000000      0.8404375       1.048673      0.4374115      0.5401773    
        3200   1.000000      0.8376250       1.474138      0.4329904      0.5489074    
        3220   1.000000      0.8068125       1.170588      0.4474349      0.5471647    
        3240  0.9375000      0.8704375       1.542961      0.4434979      0.5779794    
        3260  0.8750000      0.7635625       1.373871      0.4487952      0.6016667    
        3280  0.9375000      0.8920625       1.593954      0.4790502      0.5537919    
        3300   1.000000      0.7970000       1.167449      0.4763137      0.5842872    
        3320  0.9375000      0.8916250       1.632871      0.4371355      0.5391716    
        3340  0.8750000      0.7829375       1.562024      0.4387295      0.5369406    
        3360   1.000000      0.8738125       1.579612      0.4417718      0.5483399    
        3380  0.8750000      0.7428750       1.524074      0.4416705      0.5599999    
        3400  0.9375000      0.8945000       2.137593      0.4276131      0.5229492    
        3420  0.8750000      0.7551875       1.518495      0.4352811      0.5386747    
        3440   1.000000      0.8904375       1.821072      0.4068626      0.4819335    
        3460  0.8750000      0.7760625       1.444478      0.4203265      0.5144872    
        3480   1.000000      0.8888125       1.731615      0.4160305      0.5105555    
        3500  0.8750000      0.7825625       1.021959      0.4211456      0.5305024    
        3520   1.000000      0.8363750       1.462834      0.4334556      0.5127777    
        3540  0.8750000      0.8011250      0.9653259      0.4269697      0.5258789    
        3560   1.000000      0.8236250       1.448937      0.4397596      0.5437045    
        3580  0.8750000      0.8063750      0.9400892      0.4321510      0.5229492    
        3600  0.9375000      0.8253125       1.504614      0.4291251      0.5164497    
        3620  0.8750000      0.7422500       1.362332      0.4130779      0.5527147    
        3640   1.000000      0.8476250       1.564682      0.4480341      0.5584602    
        3660  0.8750000      0.8003750      0.9952925      0.4496006      0.5441675    
        3680  0.8750000      0.8166875       1.320571      0.4473684      0.5455557    
        3700  0.8750000      0.7910000       1.198778      0.4295394      0.5227777    
        3720  0.8750000      0.8212500       1.345462      0.4456512      0.5708144    
        3740  0.8750000      0.7955625      0.9293969      0.4332664      0.5143778    
        3760  0.8750000      0.8215625       1.405634      0.4341330      0.5396399    
        3780  0.8750000      0.7023125       1.196079      0.4374173      0.5275889    
        3800  0.8750000      0.8122500       1.441412      0.4379584      0.5311162    
        3820  0.8750000      0.7942500      0.9251201      0.4212039      0.5031952    
        3840  0.8750000      0.8171250       1.266808      0.4240374      0.5377514    
        3860  0.8750000      0.7863750       1.277761      0.4278302      0.5288085    
        3880  0.8750000      0.8381250       1.531991      0.4035106      0.5200301    
        3900  0.8750000      0.7929375       1.438406      0.4146128      0.5092773    
        3920  0.8750000      0.8200625       1.386066      0.4203794      0.5369524    
        3940  0.8750000      0.7821250       1.345611      0.4008690      0.4958678    
        3960  0.8750000      0.8235625       1.383085      0.4322187      0.5615242    
        3980  0.8750000      0.7790625       1.117982      0.4328346      0.5258789    
        4000  0.8750000      0.8203750       1.643576      0.4260477      0.5154952    
        4020  0.8750000      0.7945000       1.290415      0.4231327      0.5455524    
        4040   1.000000      0.8878750       1.550339      0.4069830      0.5294445    
        4060  0.8750000      0.7933125       1.266253      0.4106199      0.5029297    
        4080   1.000000      0.8883750       1.504069      0.4304831      0.5825195    
        4100  0.8750000      0.8008750       1.126339      0.4280502      0.5336914    
        4120  0.8750000      0.8187500       1.317798      0.4342864      0.5185986    
        4140  0.8750000      0.7937500       1.160930      0.4418519      0.5543196    
        4160   1.000000      0.8307500       1.409648      0.4479794      0.5668935    
        4180  0.8750000      0.8127500       1.472934      0.4324087      0.5447451    
        4200  0.8750000      0.8218750       1.456805      0.4421892      0.5699167    
        4220  0.8750000      0.8064375       1.475703      0.4306792      0.5355555    
        4240   1.000000      0.9039375       1.565171      0.4134627      0.5060356    
        4260  0.8750000      0.8008125       1.356736      0.4320259      0.5429474    
        4280   1.000000      0.9016250       1.598923      0.4304470      0.5467373    
        4300  0.8750000      0.7890625       1.417827      0.4267955      0.5186776    
        4320   1.000000      0.8245625       1.389379      0.4501753      0.5467372    
        4340  0.8750000      0.7962500       1.099724      0.4337381      0.5239334    
        4360  0.8750000      0.8287500       1.303004      0.4429623      0.5458204    
        4380  0.8750000      0.7753125       1.162568      0.4430842      0.5408776    
        4400  0.8750000      0.8170625       1.322050      0.4162371      0.5217198    
        4420  0.8750000      0.7847500       1.406386      0.4173732      0.5220385    
        4440   1.000000      0.8225000       1.384238      0.4417579      0.5558077    
        4460  0.8750000      0.8056875       1.439851      0.4304459      0.5547999    
        4480   1.000000      0.8307500       1.452782      0.4330016      0.5784780    
        4500  0.8750000      0.8065000       1.306180      0.4189710      0.5159990    
        4520   1.000000      0.9113750       1.467322      0.4476197      0.5629019    
        4540   1.000000      0.8067500       1.267289      0.4478354      0.5440772    
        4560   1.000000      0.8990000       1.252323      0.4726349      0.5596878    
        4580   1.000000      0.9050000      0.9557172      0.4635834      0.5532599    
        4600  0.9375000      0.8227500       1.379391      0.4607131      0.5762167    
        4620   1.000000      0.8003750       1.464113      0.4596911      0.5541781    
        4640  0.9375000      0.8312500       1.423975      0.4550262      0.5816858    
        4660   1.000000      0.8220000       1.282324      0.4637378      0.5512694    
        4680   1.000000      0.8938750       1.262772      0.4670891      0.5605469    
        4700   1.000000      0.8090625       1.472749      0.4453442      0.5391024    
        4720   1.000000      0.9244375       1.271216      0.4700642      0.5790842    
        4740   1.000000      0.9018750      0.9231612      0.4895432      0.5598388    
        4760  0.9375000      0.8126875       1.487407      0.4711193      0.5780437    
        4780   1.000000      0.8150625       1.395074      0.4404700      0.5356444    
        4800   1.000000      0.9439375       1.326264      0.4609772      0.5542437    
        4820   1.000000      0.8150625       1.042617      0.4322480      0.5170652    
        4840   1.000000      0.8568750       1.372638      0.4537793      0.5472412    
        4860   1.000000      0.8401875       1.306675      0.4538273      0.5699168    
        4880   1.000000      0.9066250       1.392462      0.4916383      0.5779882    
        4900   1.000000      0.8188750       1.204124      0.4527799      0.5694129    
        4920   1.000000      0.8978125       1.338327      0.4680067      0.5671005    
        4940   1.000000      0.8170625       1.178105      0.4518141      0.5624349    
        4960   1.000000      0.9169375       1.313199      0.4602601      0.5722656    
        4980   1.000000      0.8405625       1.362120      0.4594565      0.5346435    
        5000   1.000000      0.9282500       1.406479      0.4603090      0.5684114    
        5020   1.000000      0.8233125       1.317095      0.4426423      0.5265348    
        5040  0.9375000      0.8943750       1.615298      0.4315072      0.5473633    
        5060   1.000000      0.7777500       1.402552      0.4441943      0.5502646    
        5080  0.9375000      0.8841875       1.663107      0.4681104      0.5698373    
        5100  0.8750000      0.7597500       1.567200      0.4454683      0.5401183    
        5120   1.000000      0.8945625       1.678767      0.4184788      0.5424851    
        5140  0.8750000      0.8107500       1.367380      0.4182137      0.5017753    
        5160  0.9375000      0.8554375       1.552499      0.4353892      0.5250694    
        5180   1.000000      0.7995625       1.008112      0.4537732      0.5415039    
        5200  0.9375000      0.8256250       1.448911      0.4581154      0.5675741    
        5220   1.000000      0.8145000       1.431924      0.4496590      0.5406903    
        5240   1.000000      0.8140625       1.436601      0.4528708      0.5799950    
        5260   1.000000      0.8139375       1.362432      0.4217088      0.5288085    
        5280   1.000000      0.8657500       1.358271      0.4257449      0.5327148    
        5300   1.000000      0.8083750       1.449306      0.4266654      0.5137742    
        5320   1.000000      0.9267500       1.337984      0.4703469      0.5467455    
        5340   1.000000      0.8456250       1.345481      0.4411173      0.5317382    
        5360   1.000000      0.8978125       1.417711      0.4665224      0.5359768    
        5380   1.000000      0.8090625       1.349366      0.4488567      0.5334911    
        5400   1.000000      0.8696875       1.415840      0.4688519      0.5642792    
        5420  0.8750000      0.8051875       1.442714      0.4462745      0.5197633    
        5440   1.000000      0.9404375       1.518830      0.4517760      0.5353846    
        5460   1.000000      0.8028750       1.170485      0.4633330      0.5533728    
        5480   1.000000      0.9390000       1.544505      0.4732005      0.5480104    
        5500  0.8750000      0.8203125       1.210772      0.4465292      0.5447451    
        5520   1.000000      0.8195000       1.473869      0.4416131      0.5512695    
        5540  0.8750000      0.8003125       1.328667      0.4414105      0.5527343    
        5560   1.000000      0.9223750       1.439438      0.4415114      0.5520291    
        5580  0.8750000      0.8010625       1.266959      0.4373110      0.5527778    
        5600   1.000000      0.9270625       1.407221      0.4642199      0.5503897    
        5620   1.000000      0.7956250       1.432400      0.4635990      0.5593131    
        5640   1.000000      0.9239375       1.391727      0.4811131      0.5614201    
        5660  0.8750000      0.7815625       1.206851      0.4678763      0.5744519    
        5680   1.000000      0.9000000       1.407962      0.4771333      0.5608467    
        5700  0.8750000      0.7938750       1.043739      0.4777311      0.5946929    
        5720   1.000000      0.8168750       1.272617      0.4685291      0.5694131    
        5740  0.8750000      0.7958750       1.060518      0.4369330      0.5188164    
        5760  0.8750000      0.8230625       1.311501      0.4492991      0.5998958    
        5780  0.8750000      0.8010000       1.186043      0.4601880      0.6160249    
        5800  0.8750000      0.8213750       1.352339      0.4610688      0.5589895    
        5820  0.8750000      0.8003125       1.293681      0.4420977      0.5249740    
        5840  0.8750000      0.8277500       1.349451      0.4641775      0.5600646    
        5860  0.9375000      0.8006250       1.526163      0.4393077      0.6050001    
        5880   1.000000      0.9175000       1.335698      0.4320153      0.5678711    
        5900  0.8750000      0.8203125       1.328515      0.4253717      0.5099481    
        5920   1.000000      0.8181250       1.446983      0.4455905      0.5622634    
        5940  0.8750000      0.8001250       1.130543      0.4586144      0.5499479    
        5960  0.9375000      0.8256250       1.480219      0.4669527      0.5679013    
        5980  0.8750000      0.7951875       1.423403      0.4458716      0.5509272    
        6000  0.8750000      0.8320000       1.477886      0.4542651      0.5788767    
        6020  0.8750000      0.8098750       1.098574      0.4723622      0.5749999    
        6040  0.9375000      0.8408125       1.538080      0.4537744      0.5541993    
        6060  0.8750000      0.7941250       1.425172      0.4350659      0.5404322    
        6080   1.000000      0.8849375       1.740963      0.4425052      0.5322223    
        6100   1.000000      0.7706250       1.265493      0.4471660      0.5427778    
        6120   1.000000      0.9001875       1.739441      0.4495346      0.5405828    
        6140  0.8750000      0.7770000       1.494440      0.4369035      0.5588889    
        6160  0.9375000      0.8970000       1.618624      0.4699781      0.5620115    
        6180  0.8750000      0.7388750       1.260415      0.4592925      0.5929331    
        6200  0.9375000      0.8957500       1.605849      0.4496815      0.5618544    
        6220  0.8750000      0.7264375       1.457486      0.4591192      0.5705556    
        6240  0.9375000      0.8972500       1.783471      0.4487050      0.5272222    
        6260  0.8750000      0.7522500       1.562754      0.4262713      0.5151367    
        6280  0.9375000      0.8858750       1.849523      0.4190751      0.5183432    
        6300   1.000000      0.8193125       1.090731      0.4322709      0.5190225    
        6320  0.8750000      0.8322500       1.447778      0.4390087      0.5527779    
        6340   1.000000      0.8052500       1.161505      0.4465399      0.5405275    
        6360   1.000000      0.8762500       1.567322      0.4441816      0.5502930    
        6380  0.8750000      0.8003125       1.296266      0.4425044      0.5380274    
        6400   1.000000      0.8592500       1.580155      0.4449944      0.5618935    
        6420  0.8750000      0.7999375       1.382567      0.4327404      0.5154952    
        6440  0.9375000      0.8114375       1.442734      0.4499240      0.5424805    
        6460  0.8750000      0.7920625       1.368422      0.4289781      0.5122070    
        6480   1.000000      0.8971250       1.740493      0.4286610      0.5218523    
        6500  0.8750000      0.7966250       1.490158      0.4046081      0.5031952    
        6520   1.000000      0.9203750       1.882124      0.4183524      0.5169231    
        6540  0.8750000      0.7808125       1.363163      0.4221644      0.5062434    
        6560  0.8750000      0.8324375       1.561798      0.4389224      0.5489073    
        6580  0.8750000      0.8011875       1.011799      0.4393589      0.5600645    
        6600   1.000000      0.8324375       1.507408      0.4254028      0.5361328    
        6620  0.8750000      0.7960625       1.421187      0.4306113      0.5344353    
        6640   1.000000      0.8835000       1.528512      0.4185691      0.5190312    
        6660  0.8750000      0.7835625       1.428797      0.4460919      0.5440771    
        6680   1.000000      0.8977500       1.781871      0.4840856      0.5745767    
        6700  0.8750000      0.7940625       1.428142      0.4727502      0.5972223    
        6720   1.000000      0.8981250       1.853673      0.4500627      0.5495868    
        6740  0.8750000      0.7893750       1.258366      0.4477034      0.5462241    
        6760   1.000000      0.9178125       1.620267      0.4606086      0.5585798    
        6780  0.8750000      0.7904375       1.335099      0.4612298      0.5590347    
        6800   1.000000      0.9416250       1.897593      0.4255202      0.5137742    
        6820  0.8750000      0.7916875       1.706498      0.4235891      0.5284027    
        6840   1.000000      0.9276875       1.899987      0.4590283      0.5371630    
        6860  0.8750000      0.7789375       1.334814      0.4674435      0.5642604    
        6880  0.8750000      0.8257500       1.589455      0.4514357      0.5590819    
        6900  0.8750000      0.7816875       1.417509      0.4480909      0.5288087    
        6920   1.000000      0.8123750       1.560278      0.4597108      0.5607584    
        6940  0.8750000      0.7747500       1.528762      0.4305564      0.5214843    
        6960   1.000000      0.9180625       1.576930      0.4481664      0.5321396    
        6980  0.8750000      0.7992500       1.245199      0.4443568      0.5385015    
        7000   1.000000      0.8156875       1.404931      0.4457665      0.5780436    
        7020  0.8750000      0.7591875       1.343375      0.4232866      0.5410650    
        7040   1.000000      0.8282500       1.356409      0.4354289      0.5447215    
        7060  0.8750000      0.7940000       1.325172      0.4399475      0.5522461    
        7080   1.000000      0.8354375       1.332861      0.4541461      0.6261758    
        7100  0.8750000      0.7875625       1.373981      0.4451088      0.5794142    
        7120   1.000000      0.8312500       1.417612      0.4431683      0.5488889    
        7140  0.8750000      0.8056250       1.348671      0.4577183      0.5530697    
        7160   1.000000      0.8547500       1.528533      0.4612568      0.5772642    
        7180  0.8750000      0.7989375       1.325546      0.4481485      0.5595271    
        7200   1.000000      0.9305000       1.391938      0.4564404      0.5457855    
        7220  0.8750000      0.7860000       1.253116      0.4405065      0.5239873    
        7240   1.000000      0.9297500       1.669846      0.4436449      0.5457988    
        7260  0.8750000      0.7989375       1.339436      0.4192484      0.5530698    
        7280   1.000000      0.9448750       1.540607      0.4322577      0.5376668    
        7300  0.8750000      0.8098125       1.430794      0.4224588      0.5235152    
        7320   1.000000      0.9450625       1.451613      0.4304366      0.5200196    
        7340  0.8750000      0.7810625       1.344508      0.4476426      0.5322580    
        7360   1.000000      0.8553750       1.456409      0.4332574      0.5551508    
        7380  0.8750000      0.8113125       1.431192      0.4183717      0.5348594    
        7400   1.000000      0.8725000       1.519730      0.4571193      0.5716666    
        7420  0.8750000      0.7931250       1.384543      0.4254583      0.5124870    
        7440   1.000000      0.8799375       1.517420      0.4297892      0.5220387    
        7460  0.8750000      0.7985000       1.632041      0.4213526      0.5600646    
        7480   1.000000      0.8748750       1.689576      0.4355895      0.5510058    
        7500  0.8750000      0.8060000       1.761282      0.4422191      0.5151385    
        7520   1.000000      0.8543125       1.667408      0.4487879      0.5627779    
        7540  0.8750000      0.7909375       1.332421      0.4486980      0.5366592    
        7560   1.000000      0.8535000       1.602051      0.4479139      0.5510058    
        7580  0.8750000      0.8138750       1.176153      0.4451414      0.5442247    
        7600   1.000000      0.8255000       1.407573      0.4537735      0.5327148    
        7620  0.8750000      0.8130625       1.273486      0.4334252      0.5239259    
        7640   1.000000      0.9149375       1.452717      0.4356233      0.5645161    
        7660  0.8750000      0.7953750       1.285234      0.4345905      0.5312213    
        7680   1.000000      0.9481875       1.526687      0.4397490      0.5307617    
        7700  0.8750000      0.7835000       1.116268      0.4259035      0.5226036    
        7720   1.000000      0.8311250       1.420315      0.4480861      0.5341797    
        7740  0.8750000      0.7813750       1.289480      0.4563411      0.5784832    
        7760   1.000000      0.8284375       1.597389      0.4468817      0.6021301    
        7780  0.8750000      0.7579375       1.237724      0.4271038      0.5321150    
        7800   1.000000      0.8343750       1.523405      0.4276589      0.5298438    
        7820  0.8750000      0.7991875       1.226602      0.4112087      0.5083009    
        7840  0.8750000      0.8248125       1.490093      0.4296916      0.5310400    
        7860  0.8750000      0.8117500       1.459715      0.4224966      0.5713518    
        7880  0.8750000      0.8268750       1.418506      0.4330116      0.5288085    
        7900  0.8750000      0.7929375       1.315191      0.4358175      0.5266668    
        7920   1.000000      0.8409375       1.360923      0.4428447      0.5457857    
        7940  0.9375000      0.7813125       1.465096      0.4297499      0.5194638    
        7960   1.000000      0.8658125       1.608161      0.4438972      0.5457988    
        7980  0.8750000      0.7985625       1.275136      0.4356409      0.5268555    
        8000   1.000000      0.8638125       1.438283      0.4285010      0.5390626    
        8020  0.8750000      0.8125625       1.063031      0.4203444      0.5356446    
        8040   1.000000      0.8944375       1.505517      0.4360419      0.5310760    
        8060  0.8750000      0.8116875       1.161663      0.4271314      0.5205078    
        8080   1.000000      0.8680000       1.499983      0.4194374      0.5488281    
        8100   1.000000      0.8074375       1.022861      0.4560449      0.5725328    
        8120   1.000000      0.8345625       1.436170      0.4372594      0.5327778    
        8140  0.8750000      0.8035625       1.438212      0.4174500      0.5027549    
        8160   1.000000      0.8364375       1.409215      0.4360444      0.5718342    
        8180  0.8750000      0.7985000       1.430523      0.4236660      0.5275481    
        8200   1.000000      0.8379375       1.396446      0.4413658      0.5349112    
        8220  0.8750000      0.8030625       1.405192      0.4307552      0.5450000    
        8240   1.000000      0.8620625       1.496834      0.4352011      0.5371093    
        8260  0.8750000      0.7973750       1.409870      0.4342228      0.5278107    
        8280   1.000000      0.8517500       1.511589      0.4408485      0.5356445    
        8300  0.8750000      0.8103125       1.326617      0.4412020      0.5512695    
        8320   1.000000      0.8266250       1.379187      0.4455816      0.5452255    
        8340  0.8750000      0.7961250       1.282355      0.4544429      0.5655555    
        8360   1.000000      0.8358125       1.328885      0.4499792      0.5630201    
        8380  0.8750000      0.7846250       1.391898      0.4398457      0.5535900    
        8400   1.000000      0.8232500       1.393321      0.4397352      0.5659179    
        8420  0.8750000      0.7790000       1.216561      0.4391384      0.5185185    
        8440  0.8750000      0.8160000       1.356234      0.4442681      0.5350001    
        8460  0.8750000      0.8024375       1.260714      0.4275328      0.5336357    
        8480  0.9375000      0.8325000       1.433110      0.4186108      0.5512695    
        8500  0.8750000      0.7970625       1.438274      0.4306504      0.5457856    
        8520  0.8750000      0.8267500       1.393373      0.4378361      0.5364205    
        8540  0.8750000      0.7997500       1.459987      0.4180274      0.5218523    
        8560   1.000000      0.8478750       1.505083      0.4264287      0.5219726    
        8580  0.8750000      0.8013750       1.155176      0.4420277      0.5334911    
        8600   1.000000      0.8305000       1.415736      0.4377677      0.5522801    
        8620  0.8750000      0.7975000       1.043849      0.4464665      0.5463867    
        8640  0.8750000      0.8278750       1.252539      0.4498110      0.5797184    
        8660  0.8750000      0.7891875       1.401843      0.4287884      0.5406492    
        8680  0.8750000      0.8216250       1.351649      0.4308249      0.5268639    
        8700  0.8750000      0.7909375       1.135825      0.4277784      0.5175782    
        8720   1.000000      0.8262500       1.361964      0.4444575      0.5683594    
        8740  0.8750000      0.7941250       1.184439      0.4660938      0.5405917    
        8760   1.000000      0.9329375       1.494142      0.4577559      0.5346680    
        8780  0.8750000      0.8046250       1.198003      0.4498536      0.5486392    
        8800   1.000000      0.8489375       1.466962      0.4591064      0.5427060    
        8820  0.8750000      0.8053750       1.297667      0.4313477      0.5331900    
        8840   1.000000      0.9071875       1.777334      0.4570118      0.5618936    
        8860  0.8750000      0.8113750       1.236857      0.4387773      0.5444337    
        8880   1.000000      0.9304375       1.406183      0.4752540      0.5689090    
        8900  0.8750000      0.7996875       1.117807      0.4400004      0.5369405    
        8920   1.000000      0.8213750       1.487928      0.4295078      0.5400624    
        8940  0.8750000      0.7860625       1.447571      0.4286309      0.5267401    
        8960   1.000000      0.8184375       1.474769      0.4430755      0.5453987    
        8980   1.000000      0.8502500      0.9956776      0.4603129      0.5454103    
        9000   1.000000      0.8685625       1.507066      0.4522407      0.5422406    
        9020   1.000000      0.8016875       1.093735      0.4433527      0.5317382    
        9040   1.000000      0.9439375       1.266196      0.4669212      0.5634767    
        9060  0.8750000      0.7926875       1.326216      0.4403116      0.5420119    
        9080   1.000000      0.8326875       1.442299      0.4453102      0.5632895    
        9100  0.8750000      0.8010000      0.9991578      0.4423462      0.5541103    
        9120   1.000000      0.8579375       1.491017      0.4450494      0.5412524    
        9140  0.8750000      0.8099375       1.422923      0.4489011      0.5263906    
        9160   1.000000      0.9487500       1.548203      0.4413845      0.5600000    
        9180  0.8750000      0.8029375       1.155000      0.4423649      0.5527147    
        9200   1.000000      0.8584375       1.602986      0.4452730      0.5668944    
        9220  0.8750000      0.8067500       1.604980      0.4396577      0.5659180    
        9240   1.000000      0.9038750       1.785113      0.4354196      0.5105600    
        9260  0.8750000      0.7983125       1.016736      0.4381042      0.5213652    
        9280   1.000000      0.8587500       1.664323      0.4365664      0.5415038    
        9300  0.8750000      0.7953750       1.191482      0.4391330      0.5239334    
        9320  0.9375000      0.8308750       1.497767      0.4475798      0.5482398    
        9340  0.8750000      0.7977500       1.183062      0.4218542      0.5176899    
        9360   1.000000      0.8381250       1.475006      0.4438581      0.5325986    
        9380  0.8750000      0.7930000       1.422235      0.4463036      0.5376493    
        9400   1.000000      0.8303750       1.398592      0.4461588      0.5905555    
        9420  0.8750000      0.7893125       1.026526      0.4198806      0.5165030    
        9440  0.8750000      0.8325625       1.389041      0.4243187      0.5310401    
        9460  0.8750000      0.8005000       1.100948      0.4060930      0.5030906    
        9480  0.8750000      0.8273125       1.405413      0.4322874      0.5472412    
        9500   1.000000      0.7796875       1.103071      0.4407154      0.5457857    
        9520  0.8750000      0.8270625       1.546593      0.4402942      0.5477503    
        9540  0.8750000      0.8062500       1.003235      0.4228719      0.5135275    
        9560  0.9375000      0.8187500       1.348232      0.4333746      0.5478668    
        9580  0.8750000      0.8053750      0.9710165      0.4456785      0.5457788    
        9600  0.8750000      0.8106875       1.384904      0.4235517      0.5202367    
        9620  0.8750000      0.8146250       1.530226      0.4217239      0.5133333    
        9640  0.9375000      0.8322500       1.406876      0.4406741      0.5863684    
        9660   1.000000      0.8490000       1.090358      0.4630213      0.5604734    
        9680  0.9375000      0.8850000       1.658592      0.4490709      0.5316201    
        9700  0.8750000      0.8030625       1.140822      0.4454874      0.5564739    
        9720   1.000000      0.9051250       1.440459      0.4221295      0.5288085    
        9740   1.000000      0.8075000       1.180720      0.4172842      0.5218524    
        9760   1.000000      0.9324375       1.667492      0.4203474      0.5126953    
        9780   1.000000      0.8006875       1.333240      0.4365848      0.5356446    
        9800   1.000000      0.9314375       1.562626      0.4232092      0.5141601    
        9820  0.8750000      0.7548125       1.446599      0.4207878      0.5220386    
        9840   1.000000      0.8261250       1.645197      0.4224010      0.5180147    
        9860  0.8750000      0.7438750       1.473814      0.4465832      0.5632897    
        9880   1.000000      0.9023125       1.669327      0.4424689      0.5377778    
        9900  0.8750000      0.7398750       1.755155      0.4286143      0.5312403    
        9920   1.000000      0.8564375       1.699587      0.4247756      0.5169882    
        9940  0.8750000      0.7425000       1.091778      0.4373733      0.5344827    
        9960   1.000000      0.8620625       1.674380      0.4146560      0.5487773    
        9980  0.8750000      0.7548750       1.520968      0.4128843      0.5154951    
       10000   1.000000      0.8766250       1.697306      0.4071601      0.5423273    
       10020  0.8750000      0.8206250       1.399962      0.4026187      0.4865227    
       10040   1.000000      0.8943125       1.708053      0.4171715      0.5065088    
       10060  0.8750000      0.7771250       1.328601      0.4076715      0.5331317    
       10080   1.000000      0.8456250       1.736390      0.4106502      0.5165030    
       10100  0.8750000      0.7798750       1.051644      0.4098556      0.4968782    
       10120  0.8750000      0.8290625       1.570463      0.4051546      0.5151367    
       10140  0.8750000      0.7381875       1.493387      0.4221892      0.5182419    
       10160  0.8750000      0.8111250       1.471913      0.4171863      0.5195264    
       10180  0.8750000      0.7461250       1.451710      0.4089654      0.4961111    
       10200  0.8750000      0.8286875       1.557192      0.4218873      0.5136719    
       10220  0.8750000      0.7538125       1.272444      0.4295777      0.5306509    
       10240  0.9375000      0.8458125       1.478709      0.4145418      0.5101357    
       10260  0.9375000      0.7366250       1.527679      0.4148252      0.5249705    
       10280   1.000000      0.8974375       1.658581      0.4137071      0.4848633    
       10300  0.8750000      0.7424375       1.522016      0.4244344      0.5229777    
       10320  0.9375000      0.8868750       1.802063      0.4340721      0.5175107    
       10340  0.8750000      0.7476250       1.670842      0.4406590      0.5437044    
       10360   1.000000      0.9190625       1.799033      0.4471270      0.5376669    
       10380  0.8750000      0.7919375       1.092620      0.4589643      0.5827778    
       10400   1.000000      0.8256250       1.536582      0.4353894      0.5331900    
       10420  0.8750000      0.7746250       1.214255      0.4313184      0.5386982    
       10440  0.8750000      0.8286875       1.339923      0.4463489      0.5376669    
       10460  0.8750000      0.7990000      0.9242802      0.4376205      0.5245654    
       10480   1.000000      0.8158750       1.336652      0.4458632      0.5549999    
       10500  0.8750000      0.8055000       1.297100      0.4355258      0.5268554    
       10520  0.8750000      0.8231250       1.325858      0.4549852      0.5514647    
       10540   1.000000      0.8238750       1.184520      0.4577968      0.6019771    
       10560   1.000000      0.8896875       1.250661      0.5082136      0.6187956    
       10580   1.000000      0.8551875       1.321491      0.4836631      0.5822485    
       10600   1.000000      0.9375625       1.407133      0.4838472      0.6020508    
       10620   1.000000      0.9110625       1.250608      0.4362632      0.5541992    
       10640   1.000000      0.9237500       1.361958      0.4666260      0.5493163    
       10660   1.000000      0.8168750       1.392348      0.4353696      0.5426639    
       10680   1.000000      0.9234375       1.302851      0.4618096      0.5537918    
       10700   1.000000      0.9178750       1.259527      0.4442550      0.5511296    
       10720   1.000000      0.9393125       1.209122      0.4638755      0.5893555    
       10740   1.000000      0.8104375       1.341475      0.4465159      0.5405918    
       10760   1.000000      0.8726250       1.449878      0.4699984      0.5854492    
       10780   1.000000      0.8706250       1.299672      0.4642180      0.5614200    
       10800   1.000000      0.9375000       1.425499      0.4736375      0.5693359    
       10820   1.000000      0.8058125       1.156515      0.4388530      0.5415038    
       10840   1.000000      0.9385000       1.241828      0.4602483      0.5417687    
       10860   1.000000      0.8069375       1.279055      0.4555340      0.5294445    
       10880   1.000000      0.9395000       1.212826      0.4678268      0.5573192    
       10900   1.000000      0.8769375       1.327033      0.4520352      0.5280957    
       10920   1.000000      0.9229375       1.182989      0.4571318      0.5493163    
       10940   1.000000      0.8303750       1.344235      0.4270667      0.5332032    
       10960   1.000000      0.8940000       1.508929      0.4271792      0.5185987    
       10980   1.000000      0.8150000       1.291920      0.4378390      0.5320710    
       11000  0.9375000      0.8214375       1.436388      0.4337820      0.5478667    
       11020   1.000000      0.8178125       1.463712      0.4323616      0.5394858    
       11040   1.000000      0.8205000       1.410731      0.4435875      0.5592561    
       11060   1.000000      0.8109375       1.346041      0.4470778      0.5826446    
       11080   1.000000      0.8471250       1.633191      0.4414429      0.5393599    
       11100   1.000000      0.8771250       1.025521      0.4486594      0.5694131    
       11120   1.000000      0.8230000       1.437866      0.4399858      0.5707596    
       11140  0.8750000      0.7973125       1.482610      0.4456338      0.5156087    
       11160   1.000000      0.8278125       1.492370      0.4536951      0.5874556    
       11180   1.000000      0.8068750       1.208871      0.4450239      0.5381709    
       11200   1.000000      0.8380000       1.506466      0.4433778      0.5636000    
       11220   1.000000      0.8384375       1.165923      0.4415474      0.5394858    
       11240  0.9375000      0.8225625       1.497950      0.4476558      0.5458984    
       11260   1.000000      0.8140625       1.344649      0.4528165      0.5527778    
       11280   1.000000      0.8313125       1.493117      0.4398331      0.5405918    
       11300   1.000000      0.8031250       1.154704      0.4269643      0.5385017    
       11320   1.000000      0.8399375       1.520506      0.4415996      0.5600587    
       11340   1.000000      0.8110000       1.261989      0.4305515      0.5104560    
       11360  0.9375000      0.8214375       1.536153      0.4389457      0.5790843    
       11380  0.8750000      0.8097500       1.517029      0.4268643      0.5284665    
       11400  0.8750000      0.8228125       1.435449      0.4404233      0.5367309    
       11420   1.000000      0.8311875       1.333941      0.4344062      0.5467128    
       11440   1.000000      0.8896250       1.094683      0.4684961      0.5492569    
       11460   1.000000      0.8206250       1.127229      0.4476866      0.5366210    
       11480   1.000000      0.8232500       1.348392      0.4514919      0.5552270    
       11500   1.000000      0.7966875       1.202986      0.4422722      0.5572223    
       11520   1.000000      0.8296250       1.532813      0.4594183      0.5527343    
       11540   1.000000      0.8085000       1.438863      0.4372221      0.5530697    
       11560  0.8750000      0.8133125       1.418995      0.4504560      0.5467455    
       11580   1.000000      0.8141250       1.459792      0.4559813      0.5462334    
       11600   1.000000      0.8860625       1.707597      0.4477523      0.5280956    
       11620  0.8750000      0.7678750       1.515007      0.4562783      0.5494444    
       11640   1.000000      0.9196875       1.332705      0.5031122      0.6082138    
       11660   1.000000      0.8010000       1.326861      0.4454463      0.5707596    
       11680   1.000000      0.9218125       1.189940      0.4864121      0.5790842    
       11700   1.000000      0.9313750       1.235381      0.4481822      0.5385742    
       11720   1.000000      0.9285000       1.176249      0.4863673      0.5913085    
       11740   1.000000      0.8070000       1.417023      0.4568898      0.5497607    
       11760   1.000000      0.9192500       1.260553      0.4816601      0.5732545    
       11780   1.000000      0.9180625       1.090998      0.4551709      0.5413224    
       11800   1.000000      0.9289375       1.245131      0.4816228      0.5633137    
       11820   1.000000      0.9301875       1.252392      0.4318980      0.5320709    
       11840   1.000000      0.9415625       1.420020      0.4604053      0.5708142    
       11860   1.000000      0.8487500       1.135241      0.4483426      0.5235503    
       11880   1.000000      0.9168750       1.347150      0.4527395      0.5400391    
       11900   1.000000      0.8120625       1.140563      0.4390977      0.5688476    
       11920   1.000000      0.9224375       1.243058      0.4595747      0.5605469    
       11940   1.000000      0.8216875       1.007433      0.4646603      0.5522222    
       11960   1.000000      0.8251250       1.317665      0.4463939      0.5561524    
       11980  0.8750000      0.8010625       1.366722      0.4196090      0.5239333    
       12000  0.8750000      0.8233750       1.449331      0.4501247      0.5573193    
       12020  0.8750000      0.8013125       1.527130      0.4326877      0.5509884    
       12040  0.8750000      0.8205625       1.453234      0.4700490      0.5502645    
       12060  0.8750000      0.8020625       1.213516      0.4613598      0.5657125    
       12080  0.9375000      0.8279375       1.431433      0.4605177      0.5779793    
       12100  0.8750000      0.8105000       1.508665      0.4550781      0.5405826    
       12120  0.9375000      0.8906875       1.654033      0.4264686      0.5170897    
       12140  0.8750000      0.7586250       1.597154      0.4311641      0.5344445    
       12160   1.000000      0.8185625       1.620214      0.4345261      0.5268555    
       12180  0.8750000      0.8042500       1.633815      0.4357631      0.5078124    
       12200  0.9375000      0.8208750       1.436756      0.4497508      0.5772222    
       12220  0.8750000      0.7982500       1.479884      0.4306317      0.5181659    
       12240   1.000000      0.8968125       1.651903      0.4184276      0.5168191    
       12260   1.000000      0.8167500       1.275272      0.4436598      0.5358127    
       12280   1.000000      0.8369375       1.461238      0.4551510      0.5647338    
       12300   1.000000      0.8245625       1.279158      0.4499468      0.5303031    
       12320  0.8750000      0.8204375       1.449033      0.4515722      0.5557398    
       12340   1.000000      0.8088125       1.484569      0.4368034      0.5324126    
       12360   1.000000      0.8920000       1.638782      0.4360751      0.5205079    
       12380   1.000000      0.7896250       1.359696      0.4256729      0.5284665    
       12400   1.000000      0.8648750       1.450563      0.4352641      0.5535901    
       12420  0.8750000      0.8073125       1.295932      0.4358507      0.5383334    
       12440  0.8750000      0.8175000       1.479526      0.4304413      0.5119677    
       12460  0.8750000      0.7899375       1.580764      0.4396610      0.5462332    
       12480  0.8750000      0.8200625       1.481591      0.4477279      0.5520022    
       12500  0.8750000      0.7916250       1.410279      0.4380480      0.5244538    
       12520  0.8750000      0.8138125       1.417368      0.4376867      0.5520291    
       12540  0.8750000      0.7718750       1.482184      0.4295257      0.5475438    
       12560  0.8750000      0.8116250       1.473945      0.4417987      0.5528994    
       12580  0.8750000      0.7932500       1.351646      0.4437982      0.5261708    
       12600  0.8750000      0.8220000       1.455125      0.4630404      0.5685208    
       12620  0.8750000      0.7525625       1.182638      0.4386219      0.5395420    
       12640  0.8750000      0.8171875       1.395927      0.4487861      0.5541992    
       12660  0.8750000      0.7885000       1.179483      0.4327976      0.5396398    
       12680   1.000000      0.8288125       1.457028      0.4348228      0.5642093    
       12700  0.8750000      0.8023125       1.436037      0.4093450      0.4833984    
       12720   1.000000      0.9415000       1.542170      0.4334178      0.5150368    
       12740  0.8750000      0.7998125       1.002197      0.4440814      0.5434321    
       12760   1.000000      0.8751875       1.591737      0.4420338      0.5737277    
       12780  0.8750000      0.7884375       1.533155      0.4405064      0.5381708    
       12800   1.000000      0.8461250       1.396394      0.4431151      0.5358997    
       12820  0.8750000      0.8083750       1.338462      0.4285155      0.5498420    
       12840  0.9375000      0.8330625       1.450152      0.4428863      0.5727810    
       12860  0.8750000      0.8062500       1.370425      0.4262712      0.5509911    
       12880  0.8750000      0.8250000       1.272210      0.4368331      0.5436180    
       12900  0.8750000      0.8104375      0.9663440      0.4557660      0.5568396    
       12920  0.8750000      0.8315625       1.622648      0.4356775      0.5358126    
       12940  0.8750000      0.7954375       1.296600      0.4309202      0.5728408    
       12960   1.000000      0.8313750       1.534548      0.4288388      0.5292308    
       12980  0.8750000      0.7955625       1.156322      0.4397449      0.5502930    
       13000   1.000000      0.8468750       1.708981      0.4257588      0.5399866    
       13020  0.8750000      0.7862500       1.363474      0.4376261      0.5476923    
       13040   1.000000      0.8596875       1.771168      0.4342926      0.5373136    
       13060  0.8750000      0.8085000       1.414272      0.4484216      0.5522462    
       13080  0.9375000      0.9003125       1.571634      0.4384839      0.5121893    
       13100   1.000000      0.7850625       1.284394      0.4427003      0.5427060    
       13120   1.000000      0.8321250       1.454559      0.4402721      0.5771484    
       13140  0.8750000      0.7957500       1.420556      0.4203531      0.5239258    
       13160  0.8750000      0.8079375       1.380306      0.4258682      0.5467373    
       13180   1.000000      0.8018750       1.449023      0.4439394      0.5448520    
       13200   1.000000      0.8521250       1.495845      0.4745304      0.5885515    
       13220   1.000000      0.7995625       1.487388      0.4422419      0.5478668    
       13240   1.000000      0.9371250       1.364163      0.5095962      0.5967742    
       13260   1.000000      0.8331875       1.303648      0.4984331      0.6003763    
       13280   1.000000      0.9296250       1.139930      0.5353274      0.6518928    
       13300   1.000000      0.8541875       1.122348      0.5037183      0.6052136    
       13320   1.000000      0.8625625       1.322709      0.4840665      0.5764677    
       13340   1.000000      0.8072500       1.014732      0.4607889      0.5469692    
       13360  0.9375000      0.8220625       1.444012      0.4593687      0.5681268    
       13380   1.000000      0.7981250       1.029067      0.4454201      0.5655567    
       13400  0.8750000      0.8223125       1.363370      0.4445027      0.5583270    
       13420   1.000000      0.8048750       1.412697      0.4182703      0.5245653    
       13440   1.000000      0.8871875       1.613423      0.4253593      0.5284027    
       13460  0.8750000      0.7726875       1.506554      0.4400538      0.5541103    
       13480  0.9375000      0.8949375       1.934612      0.4228563      0.5078125    
       13500  0.8750000      0.7994375       1.500590      0.4405294      0.5097657    
       13520   1.000000      0.9291875       1.747022      0.4526167      0.5355312    
       13540  0.8750000      0.8072500       1.274997      0.4194187      0.5306970    
       13560   1.000000      0.9030000       1.677631      0.4490471      0.5337492    
       13580   1.000000      0.8201875       1.273226      0.4462140      0.5374610    
       13600   1.000000      0.9415625       1.535756      0.4234539      0.5134083    
       13620  0.8750000      0.8054375       1.195365      0.4322876      0.5303031    
       13640   1.000000      0.9034375       1.838561      0.4150781      0.5009183    
       13660  0.8750000      0.7396875       1.596705      0.4372519      0.5366210    
       13680   1.000000      0.8973750       1.705959      0.4321455      0.5176899    
       13700   1.000000      0.8021875       1.189785      0.4194372      0.5084023    
       13720   1.000000      0.8448125       1.447738      0.4295342      0.5558075    
       13740   1.000000      0.8250625       1.399663      0.4206859      0.5190431    
       13760  0.9375000      0.8856875       1.650594      0.4376127      0.5454101    
       13780  0.8750000      0.7962500       1.445516      0.4294214      0.5260771    
       13800  0.9375000      0.8928125       2.030816      0.4183988      0.5003341    
       13820  0.8750000      0.7345625       1.710603      0.4169428      0.5165028    
       13840   1.000000      0.8311250       1.707104      0.4197022      0.5104058    
       13860  0.9375000      0.7249375       1.711284      0.4269057      0.5231867    
       13880  0.9375000      0.8618125       1.861828      0.4227978      0.5049131    
       13900  0.8750000      0.7737500       1.114391      0.4363870      0.5434023    
       13920   1.000000      0.8287500       1.470429      0.4307842      0.5385742    
       13940  0.8750000      0.7886875       1.575679      0.4276193      0.5353798    
       13960  0.8750000      0.8256875       1.455746      0.4344021      0.5444772    
       13980  0.8750000      0.7873750       1.495888      0.4126355      0.4891159    
       14000  0.8750000      0.8153750       1.394472      0.4288689      0.5280957    
       14020  0.8750000      0.7936250       1.183044      0.4316538      0.5422406    
       14040  0.8750000      0.8233750       1.387534      0.4328962      0.5566864    
       14060  0.8750000      0.7902500       1.385692      0.4214433      0.5300000    
       14080  0.8750000      0.8203750       1.386578      0.4359876      0.5668946    
       14100  0.8750000      0.7934375       1.493896      0.4044293      0.4972453    
       14120  0.8750000      0.8213125       1.349683      0.4436734      0.5615234    
       14140  0.8750000      0.7875000       1.331959      0.4373918      0.5523417    
       14160   1.000000      0.8134375       1.379832      0.4417962      0.5482490    
       14180  0.8750000      0.7944375       1.478009      0.4546131      0.5633335    
       14200  0.8750000      0.8171250       1.380269      0.4445530      0.5415225    
       14220  0.8750000      0.8011875       1.287459      0.4485466      0.5623667    
       14240  0.8750000      0.8164375       1.347908      0.4671653      0.5735018    
       14260  0.8750000      0.7596250       1.265928      0.4420995      0.5327149    
       14280  0.8750000      0.8140625       1.399743      0.4584787      0.5600645    
       14300  0.8750000      0.7823750       1.499197      0.4488692      0.5473465    
       14320  0.8750000      0.7803125       1.428487      0.4504523      0.5573192    
       14340  0.8750000      0.7948125       1.433619      0.4260381      0.5192508    
       14360  0.8750000      0.8224375       1.466319      0.4408832      0.5468262    
       14380  0.8750000      0.7778125       1.483819      0.4175192      0.5110192    
       14400   1.000000      0.8340000       1.522112      0.4240085      0.5137741    
       14420  0.8750000      0.7825625       1.154015      0.4255284      0.5444445    
       14440   1.000000      0.8432500       1.481441      0.4282297      0.5364203    
       14460  0.8750000      0.8110625       1.254300      0.4209512      0.5202367    
       14480   1.000000      0.9146250       1.444953      0.4239329      0.5177100    
       14500  0.8750000      0.7997500      0.9307202      0.4158350      0.5218522    
       14520   1.000000      0.8305000       1.563092      0.4229608      0.5258788    
       14540  0.8750000      0.7369375       1.564204      0.4197012      0.5061111    
       14560  0.9375000      0.8306250       1.649155      0.4227619      0.5278106    
       14580  0.8125000      0.6877500       1.751923      0.4206036      0.5195264    
       14600   1.000000      0.8497500       1.704654      0.4267913      0.5394858    
       14620  0.8750000      0.7315000       1.569585      0.4330792      0.5582727    
       14640   1.000000      0.8933750       2.050338      0.4150493      0.5432099    
       14660  0.8750000      0.7303125       1.454776      0.4011540      0.4988662    
       14680   1.000000      0.8178125       1.828818      0.4152912      0.5331318    
       14700  0.8750000      0.7508125       1.638944      0.4219543      0.5192508    
       14720   1.000000      0.9268125       2.041155      0.4463199      0.5374609    
       14740  0.8750000      0.6826250       1.374196      0.4331341      0.5361111    
       14760   1.000000      0.8202500       1.842379      0.4258647      0.5481183    
       14780  0.8750000      0.7754375       1.568574      0.4232462      0.5151368    
       14800   1.000000      0.9288750       1.911930      0.4181015      0.5208116    
       14820  0.8750000      0.7459375       1.335515      0.4109988      0.5064878    
       14840   1.000000      0.9118750       1.980590      0.4068296      0.4958428    
       14860  0.8750000      0.7436250       1.452331      0.4195478      0.5305555    
       14880   1.000000      0.9480000       1.932595      0.4075059      0.5073242    
       14900  0.8750000      0.7225000       1.452131      0.4149483      0.5265348    
       14920   1.000000      0.9245625       1.886378      0.4022972      0.4733700    
       14940  0.8750000      0.7466875       1.242549      0.4058020      0.4975149    
       14960   1.000000      0.8880000       1.915383      0.4180613      0.5307618    
       14980  0.8750000      0.7441250       1.478925      0.4168539      0.5356447    
       15000   1.000000      0.8946250       1.692629      0.4180721      0.5100780    
       15020  0.9375000      0.7803750       1.140880      0.4167104      0.5475438    
       15040  0.8750000      0.7548125       1.322667      0.4286520      0.5689656    
       15060   1.000000      0.8022500       1.095601      0.4511047      0.5429585    
       15080   1.000000      0.8253750       1.427756      0.4543605      0.5752985    
       15100  0.8750000      0.7955000       1.380926      0.4652844      0.5815642    
       15120   1.000000      0.8684375       1.540446      0.4517224      0.5564713    
       15140  0.8750000      0.7932500       1.351088      0.4403436      0.5393599    
       15160   1.000000      0.9321250       2.050250      0.4554835      0.5532880    
       15180  0.8750000      0.8055625       1.027440      0.4528960      0.5405918    
       15200  0.8750000      0.8181875       1.261523      0.4462983      0.5498521    
       15220  0.8750000      0.7902500       1.290899      0.4223541      0.5443788    
       15240  0.8750000      0.8190000       1.309669      0.4305785      0.5351474    
       15260  0.8750000      0.7850000       1.192261      0.4404036      0.5376669    
       15280  0.8750000      0.8234375       1.369085      0.4478367      0.5712799    
       15300  0.8750000      0.7448750       1.371048      0.4240337      0.5091828    
       15320  0.8750000      0.8186250       1.333703      0.4376006      0.5280928    
       15340  0.8750000      0.7852500       1.322988      0.4283344      0.5245903    
       15360  0.9375000      0.8259375       1.353775      0.4514521      0.5563019    
       15380  0.8750000      0.8091250       1.296728      0.4623904      0.5579147    
       15400  0.9375000      0.8888125       1.671758      0.4429740      0.5533526    
       15420   1.000000      0.7913750       1.243547      0.4443030      0.5366592    
       15440   1.000000      0.8370625       1.412649      0.4533506      0.5583270    
       15460  0.8750000      0.8011250       1.499783      0.4592468      0.5453330    
       15480  0.8750000      0.8326875       1.629404      0.4528442      0.5369408    
       15500  0.8750000      0.8035625       1.178356      0.4675759      0.5745768    
       15520  0.8750000      0.8267500       1.462395      0.4746728      0.5769715    
       15540  0.8750000      0.8019375       1.540929      0.4320468      0.5346679    
       15560  0.8750000      0.8346250       1.375854      0.4500708      0.5504683    
       15580  0.8750000      0.8027500       1.251875      0.4624749      0.5498419    
       15600  0.9375000      0.8265625       1.550856      0.4609022      0.5578856    
       15620   1.000000      0.8066250       1.295241      0.4455295      0.5385016    
       15640  0.8750000      0.8291875       1.451521      0.4608299      0.5727538    
       15660  0.9375000      0.8070625       1.261780      0.4390112      0.5386273    
       15680  0.8750000      0.8315000       1.335789      0.4453646      0.5527855    
       15700   1.000000      0.8040625       1.311021      0.4448551      0.5535077    
       15720   1.000000      0.9434375       1.534791      0.4520493      0.5287575    
       15740  0.8750000      0.8056250       1.176345      0.4500337      0.5649999    
       15760   1.000000      0.8252500       1.441840      0.4625285      0.5756517    
       15780  0.8750000      0.7677500       1.431317      0.4597548      0.5499405    
       15800  0.9375000      0.8948125       1.672032      0.4389733      0.5183432    
       15820  0.8750000      0.7730000       1.449586      0.4286371      0.5306123    
       15840  0.9375000      0.8324375       1.592271      0.4342643      0.5391786    
       15860  0.8750000      0.7828750       1.140098      0.4433118      0.5616667    
       15880  0.8750000      0.8255625       1.533566      0.4352873      0.5281143    
       15900  0.8750000      0.8041250       1.301308      0.4138902      0.5079365    
       15920   1.000000      0.8716875       1.472562      0.4342671      0.5283527    
       15940  0.8750000      0.8082500       1.002650      0.4291179      0.5297852    
       15960   1.000000      0.8237500       1.553197      0.4392928      0.5555876    
       15980  0.8750000      0.7928750       1.169805      0.4258997      0.5301769    
       16000   1.000000      0.8044375       1.509788      0.4573179      0.5564738    
       16020  0.8750000      0.7816250       1.334066      0.4363238      0.5457786    
       16040   1.000000      0.8206875       1.431302      0.4489927      0.5419921    
       16060  0.8750000      0.7918125       1.281469      0.4523265      0.5320710    
       16080  0.9375000      0.8088750       1.320800      0.4740725      0.5842515    
       16100  0.8750000      0.8018125       1.302153      0.4450337      0.5343293    
       16120  0.9375000      0.8124375       1.401170      0.4530248      0.5391716    
       16140  0.8750000      0.7964375       1.278563      0.4438885      0.5219027    
       16160   1.000000      0.8323125       1.536125      0.4377210      0.5240614    
       16180  0.8750000      0.8049375       1.304947      0.4434319      0.5509271    
       16200   1.000000      0.8151875       1.440308      0.4499000      0.5653816    
       16220  0.8750000      0.7972500       1.305591      0.4445573      0.5426639    
       16240   1.000000      0.8218750       1.448607      0.4528654      0.6040583    
       16260  0.8750000      0.7901875       1.376802      0.4424440      0.5301084    
       16280   1.000000      0.8218750       1.430694      0.4472386      0.5553036    
       16300  0.8750000      0.7952500       1.312697      0.4569880      0.5694444    
       16320   1.000000      0.8185625       1.393235      0.4496939      0.5665144    
       16340  0.8750000      0.7970000       1.376688      0.4505805      0.5645161    
       16360  0.8750000      0.8202500       1.472871      0.4514810      0.5606419    
       16380  0.8750000      0.7766875       1.510247      0.4314687      0.5395507    
       16400  0.8750000      0.8192500       1.463125      0.4451338      0.5541102    
       16420  0.8750000      0.7953750       1.339230      0.4307408      0.5121894    
       16440   1.000000      0.8720625       1.415875      0.4272269      0.5234377    
       16460  0.8750000      0.7763750       1.456353      0.4328043      0.5240615    
       16480   1.000000      0.9250625       1.429237      0.4314837      0.5268555    
       16500  0.8750000      0.7964375       1.380944      0.4488245      0.5361552    
       16520   1.000000      0.8260625       1.410748      0.4474883      0.5558075    
       16540  0.8750000      0.7945000       1.164134      0.4620891      0.5406904    
       16560   1.000000      0.8546875       1.499218      0.4536012      0.5609267    
       16580  0.8750000      0.7811250       1.381885      0.4547203      0.5361650    
       16600   1.000000      0.9333750       1.471013      0.4677855      0.5581065    
       16620  0.8750000      0.8073750       1.306121      0.4502349      0.5620117    
       16640   1.000000      0.9283750       1.251121      0.4785200      0.5841420    
       16660   1.000000      0.8322500       1.310304      0.4540102      0.5830185    
       16680   1.000000      0.9312500       1.375995      0.4732096      0.5698374    
       16700   1.000000      0.8695000       1.024049      0.4667743      0.5350000    
       16720   1.000000      0.9011875       1.271854      0.4752761      0.5670341    
       16740   1.000000      0.9336875       1.225350      0.4593226      0.5358127    
       16760   1.000000      0.9291250       1.310363      0.4651121      0.5897200    
       16780   1.000000      0.8340000       1.192132      0.4580673      0.5477502    
       16800   1.000000      0.9390000       1.379743      0.4612803      0.5493163    
       16820   1.000000      0.8227500       1.237551      0.4506453      0.5502645    
       16840   1.000000      0.9263125       1.309669      0.4674120      0.5698241    
       16860   1.000000      0.8185625       1.073531      0.4577433      0.5676528    
       16880   1.000000      0.9218125       1.189140      0.4891748      0.5842871    
       16900   1.000000      0.8262500       1.187426      0.4658171      0.5627779    
       16920   1.000000      0.8345000       1.371874      0.4571637      0.5998386    
       16940   1.000000      0.8045625       1.471527      0.4363285      0.5246540    
       16960   1.000000      0.9060625       1.341034      0.4654992      0.5429586    
       16980   1.000000      0.8595000       1.178592      0.4543349      0.5411111    
       17000   1.000000      0.9208125       1.271104      0.4687924      0.5567117    
       17020   1.000000      0.8911875       1.113390      0.4636906      0.5546373    
       17040   1.000000      0.9413125       1.332020      0.4625768      0.5640455    
       17060   1.000000      0.8399375       1.245834      0.4407703      0.5662731    
       17080   1.000000      0.9343125       1.149197      0.4862477      0.5816858    
       17100   1.000000      0.8970000       1.001035      0.4649040      0.5547997    
       17120   1.000000      0.8286875       1.349029      0.4573677      0.5502646    
       17140   1.000000      0.8281250       1.079342      0.4619691      0.5707595    
       17160  0.8750000      0.8233125       1.397374      0.4547424      0.5804892    
       17180   1.000000      0.8260625       1.398481      0.4373012      0.5350346    
       17200  0.8750000      0.8258125       1.359157      0.4453343      0.5312499    
       17220   1.000000      0.7949375       1.458987      0.4489697      0.5608740    
       17240  0.8750000      0.8236875       1.404925      0.4642042      0.5582727    
       17260  0.8750000      0.8033125       1.455160      0.4606294      0.5683333    
       17280  0.9375000      0.8736250       1.771530      0.3998381      0.5455523    
       17300  0.8750000      0.7614375       1.498687      0.4111542      0.5036731    
       17320  0.9375000      0.8966875       1.669960      0.4211719      0.5008284    
       17340  0.8750000      0.7803750       1.457498      0.4466612      0.5327148    
       17360  0.9375000      0.8137500       1.367105      0.4609367      0.5873960    
       17380   1.000000      0.8050625       1.373959      0.4340886      0.5114464    
       17400   1.000000      0.8391250       1.459550      0.4413364      0.5341396    
       17420  0.8750000      0.8059375       1.309013      0.4376348      0.5578230    
       17440  0.8750000      0.8253125       1.337959      0.4432186      0.5745767    
       17460  0.8750000      0.8008750       1.534688      0.4664274      0.5772643    
       17480   1.000000      0.9196250       1.528780      0.4898054      0.5847889    
       17500   1.000000      0.8256875       1.474037      0.4651795      0.5698243    
       17520   1.000000      0.9185625       1.372099      0.4845122      0.5946932    
       17540   1.000000      0.8371250       1.338599      0.4695815      0.5424804    
       17560   1.000000      0.9260625       1.346754      0.4913334      0.5796047    
       17580   1.000000      0.8580000       1.339659      0.4642585      0.5461110    
       17600   1.000000      0.9242500       1.307192      0.4728655      0.5826390    
       17620   1.000000      0.9011875       1.050178      0.4733800      0.5770031    
       17640   1.000000      0.8920000       1.211161      0.4771058      0.5665973    
       17660   1.000000      0.8113125       1.484334      0.4482901      0.5415040    
       17680   1.000000      0.9369375       1.244280      0.4736486      0.5694445    
       17700   1.000000      0.8143750       1.304838      0.4760413      0.5578512    
       17720   1.000000      0.9315625       1.297440      0.4829466      0.5988889    
       17740   1.000000      0.8018125       1.458248      0.4617017      0.5453255    
       17760   1.000000      0.9117500       1.171867      0.5139408      0.6165453    
       17780   1.000000      0.8980000      0.9658715      0.5065345      0.5998960    
       17800   1.000000      0.9313750       1.137078      0.5033587      0.5998387    
       17820   1.000000      0.8153750       1.089312      0.4403902      0.5234376    
       17840   1.000000      0.9020000       1.096975      0.4543113      0.5472412    
       17860   1.000000      0.8218750       1.382015      0.4512528      0.5371973    
       17880   1.000000      0.9360625       1.173268      0.4843479      0.6011590    
       17900   1.000000      0.8373125       1.102836      0.4553607      0.5573192    
       17920   1.000000      0.8480000       1.459823      0.4584289      0.5524616    
       17940   1.000000      0.8308750       1.303439      0.4365991      0.5249704    
       17960   1.000000      0.9396250       1.323570      0.4561355      0.5576332    
       17980   1.000000      0.8516875       1.355147      0.4270136      0.5205078    
       18000   1.000000      0.9279375       1.353386      0.4550179      0.5776366    
       18020   1.000000      0.8640000       1.075534      0.4574592      0.5415040    
       18040   1.000000      0.9148750       1.431571      0.4389595      0.5502646    
       18060   1.000000      0.8155000       1.272956      0.4548861      0.5391716    
       18080   1.000000      0.9056875       1.177854      0.4549654      0.5687716    
       18200   1.000000      0.9455625       1.696417      0.4297730      0.5537109    
       18400   1.000000      0.9441250       1.769937      0.4252889      0.5417898    
       18600   1.000000      0.9480000       1.709378      0.4215298      0.5609468    
       18800   1.000000      0.9364375       1.520660      0.4347047      0.5636311    
       19000   1.000000      0.9225000       1.481705      0.4462240      0.5400000    
       19200   1.000000      0.9227500       1.438925      0.4471245      0.5676020    
       19400   1.000000      0.9310000       1.431577      0.4454358      0.5494443    
       19600   1.000000      0.9363125       1.458967      0.4448296      0.5599999    
       19800   1.000000      0.9162500       1.405170      0.4444371      0.5911111    
       20000   1.000000      0.9055000       1.201542      0.4598828      0.5940289    
       20200   1.000000      0.9101875       1.097304      0.4707101      0.5963011    
       20400   1.000000      0.8972500       1.091155      0.4747370      0.5743163    
       20600   1.000000      0.9058750       1.084059      0.4746280      0.5829486    
       20800   1.000000      0.8988750       1.112164      0.4714099      0.5877915    
       21000   1.000000      0.8903750       1.094630      0.4741973      0.6159123    
       21200   1.000000      0.9025000       1.083178      0.4745459      0.5795611    
       21400   1.000000      0.8997500       1.077269      0.4788541      0.5873724    
       21600   1.000000      0.9008750       1.087541      0.4736491      0.5795656    
       21800   1.000000      0.8995625       1.089342      0.4748443      0.6087279    
       22000   1.000000      0.8995000       1.080328      0.4753872      0.6069422    
       22200   1.000000      0.8981250       1.095342      0.4759119      0.5632895    
       22400   1.000000      0.9060000       1.106049      0.4713717      0.5804959    
       22600   1.000000      0.9218750       1.094926      0.4722476      0.6173015    
       22800   1.000000      0.9025000       1.084388      0.4707519      0.5952601    
       23000   1.000000      0.9050000       1.090853      0.4755622      0.5873725    
       23200   1.000000      0.9047500       1.097291      0.4714236      0.5919069    
       23400   1.000000      0.8955000       1.096249      0.4760996      0.6282579    
       23600   1.000000      0.9082500       1.082889      0.4761558      0.5946501    
       23800   1.000000      0.8985625       1.093326      0.4723866      0.5860969    
       24000   1.000000      0.8875625       1.079378      0.4726377      0.6179697    
       24200   1.000000      0.8913750       1.083568      0.4705093      0.6030616    
       24400   1.000000      0.8991250       1.082294      0.4702983      0.5994897    
       24600   1.000000      0.9029375       1.100108      0.4749262      0.5771683    
       24800   1.000000      0.9033750       1.085252      0.4709408      0.5891633    
       25000   1.000000      0.8906250       1.091525      0.4753628      0.5781417    
       25200   1.000000      0.9083750       1.098544      0.4681593      0.5778062    
       25400   1.000000      0.8948750       1.093356      0.4756946      0.5995017    
       25600   1.000000      0.8950625       1.124899      0.4683501      0.5718683    
       25800   1.000000      0.8930625       1.077589      0.4770336      0.6389658    
       26000   1.000000      0.8791250       1.073873      0.4730462      0.5845497    
       26200   1.000000      0.9110625       1.135988      0.4744182      0.5919067    
       26400   1.000000      0.8943125       1.103410      0.4688907      0.5814506    
       26600   1.000000      0.9025000       1.084939      0.4741464      0.6029753    
       26800   1.000000      0.8767500       1.089112      0.4723718      0.6122448    
       27000   1.000000      0.8948750       1.091012      0.4725997      0.5994899    
       27200   1.000000      0.9054375       1.093452      0.4701410      0.5659504    
       27400   1.000000      0.9038750       1.106628      0.4719931      0.5656888    
       27600   1.000000      0.9028125       1.088174      0.4801950      0.6056000    
       27800   1.000000      0.8931875       1.094499      0.4729320      0.5854638    
       28000   1.000000      0.8913750       1.085730      0.4765494      0.6151482    
       28200   1.000000      0.8956250       1.085438      0.4783679      0.5891632    
       28400   1.000000      0.8950000       1.094219      0.4754491      0.6181816    
       28600   1.000000      0.9021250       1.083698      0.4756531      0.6069561    
       28800   1.000000      0.8981875       1.087600      0.4735040      0.6122315    
       29000   1.000000      0.9003750       1.083974      0.4770589      0.5983472    
       29200   1.000000      0.8941875       1.087075      0.4722863      0.6193415    
       29400   1.000000      0.9051250       1.087942      0.4759237      0.5727041    
       29600   1.000000      0.9089375       1.083826      0.4694196      0.5738889    
       29800   1.000000      0.9087500       1.090235      0.4757715      0.5669436    
       30000   1.000000      0.9061250       1.110454      0.4757198      0.5859285    
       30200   1.000000      0.8923750       1.091877      0.4712073      0.5980777    
       30400   1.000000      0.9103125       1.102517      0.4728988      0.6064000    
       30600   1.000000      0.8968125       1.115184      0.4735223      0.5675592    
       30800   1.000000      0.8950625       1.108450      0.4730362      0.5958757    
       31000   1.000000      0.9035625       1.130452      0.4698222      0.5681748    
       31200   1.000000      0.9058125       1.089584      0.4714667      0.5761774    
       31400   1.000000      0.8900625       1.079244      0.4703489      0.5818181    
       31600   1.000000      0.8948125       1.081145      0.4788336      0.6034483    
       31800   1.000000      0.8969375       1.083399      0.4722189      0.5905349    
       32000   1.000000      0.9063125       1.093542      0.4692380      0.6104254    
       32200   1.000000      0.8953750       1.081575      0.4719948      0.6077806    
       32400   1.000000      0.9125000       1.096879      0.4777795      0.5976860    
       32600   1.000000      0.8916250       1.079395      0.4776008      0.6120723    
       32800   1.000000      0.8833125       1.095878      0.4703109      0.5758678    
       33000   1.000000      0.9012500       1.121399      0.4678299      0.5822704    
       33200   1.000000      0.9063125       1.096556      0.4671983      0.5854110    
       33400   1.000000      0.8821250       1.095392      0.4732037      0.6269134    
       33600   1.000000      0.9043750       1.092676      0.4728381      0.5701532    
       33800   1.000000      0.9017500       1.095869      0.4703037      0.5903356    
       34000   1.000000      0.9044375       1.111823      0.4679223      0.5687903    
       34200   1.000000      0.8819375       1.082078      0.4744805      0.6014031    
       34400   1.000000      0.8905625       1.085154      0.4731224      0.5937191    
       34600   1.000000      0.8957500       1.091578      0.4738296      0.5733984    
       34800   1.000000      0.8873125       1.079286      0.4706512      0.5727040    
       35000   1.000000      0.8957500       1.093862      0.4761055      0.6002135    
       35200   1.000000      0.9016875       1.098543      0.4753293      0.6220851    
       35400   1.000000      0.8950000       1.091518      0.4707735      0.6007653    
       35600   1.000000      0.9025625       1.099725      0.4731167      0.5848215    
       35800   1.000000      0.9030000       1.131800      0.4728607      0.6026785    
       36000   1.000000      0.9097500       1.090212      0.4750302      0.5963009    
       36200   1.000000      0.9010000       1.089400      0.4740556      0.6141583    
       36400   1.000000      0.8960000       1.086790      0.4753639      0.6026787    
       36600   1.000000      0.8987500       1.077949      0.4749057      0.5983472    
       36800   1.000000      0.9057500       1.097541      0.4711768      0.6223453    
       37000   1.000000      0.8923125       1.083494      0.4744771      0.5930579    
       37200   1.000000      0.8981875       1.079230      0.4667370      0.5650509    
       37400   1.000000      0.8849375       1.085146      0.4766144      0.5739645    
       37600   1.000000      0.9152500       1.088760      0.4739128      0.5963635    
       37800   1.000000      0.9017500       1.113684      0.4681166      0.5797194    
       38000   1.000000      0.9023125       1.145847      0.4719360      0.5749108    
       38200   1.000000      0.8995000       1.087553      0.4724614      0.5794446    
       38400   1.000000      0.9032500       1.107260      0.4734260      0.5898490    
       38600   1.000000      0.9126250       1.098221      0.4694090      0.5917160    
       38800   1.000000      0.8937500       1.088166      0.4762128      0.5809329    
