          20  0.7500000      0.5785000       1.578846      0.4548539      0.5905350    
          40  0.8125000      0.7578750       1.744269      0.4416845      0.5475624    
          60  0.8750000      0.7279375       1.509743      0.4175330      0.5021163    
          80  0.8750000      0.8166875       1.559120      0.4346197      0.5429474    
         100  0.8750000      0.7526250       1.473187      0.4318575      0.5192839    
         120  0.9375000      0.8279375       1.596708      0.4252644      0.5289257    
         140  0.8750000      0.7471250       1.338806      0.4196503      0.5170898    
         160  0.9375000      0.8349375       1.663686      0.4229518      0.5094482    
         180  0.8750000      0.8083125       1.260771      0.4288855      0.5170068    
         200  0.8750000      0.8271875       1.440090      0.4415453      0.5713609    
         220  0.8750000      0.7805000       1.488717      0.4241064      0.5223725    
         240  0.8750000      0.8218750       1.400606      0.4487012      0.5482398    
         260  0.8750000      0.7681250       1.479481      0.4420413      0.5488281    
         280   1.000000      0.9028750       1.641570      0.4151292      0.5275483    
         300  0.8750000      0.7401250       1.273291      0.4270877      0.5229569    
         320   1.000000      0.8721250       1.613536      0.4361076      0.5175781    
         340  0.9375000      0.8042500       1.240880      0.4318284      0.5361553    
         360   1.000000      0.8708750       1.695012      0.4279889      0.5467373    
         380  0.8750000      0.8287500       1.063343      0.4175738      0.5046827    
         400   1.000000      0.8835625       1.657774      0.4221139      0.5093653    
         420  0.8750000      0.7775625       1.213128      0.4336529      0.5423729    
         440   1.000000      0.8978750       1.875993      0.4211558      0.5004882    
         460  0.8750000      0.7581875       1.391678      0.4299963      0.5317383    
         480   1.000000      0.9023125       1.818972      0.4138808      0.5073906    
         500  0.9375000      0.7873125       1.126862      0.4160991      0.5250847    
         520   1.000000      0.8379375       1.594345      0.4240233      0.5161110    
         540  0.9375000      0.7725625       1.273288      0.4137728      0.5563021    
         560   1.000000      0.8688125       1.910118      0.3947884      0.4901907    
         580  0.8750000      0.7613125       1.273465      0.3961939      0.4885536    
         600   1.000000      0.9300625       2.110964      0.3911020      0.4847568    
         620  0.8750000      0.7533125       1.489904      0.4090015      0.5163733    
         640   1.000000      0.8630625       1.912365      0.4108081      0.5183333    
         660  0.8750000      0.7385625       1.451470      0.4252443      0.5099521    
         680   1.000000      0.8838750       1.665604      0.4326542      0.5103806    
         700  0.8750000      0.7418750       1.174840      0.4373884      0.5371093    
         720   1.000000      0.8903125       1.683023      0.4066311      0.5263906    
         740  0.8750000      0.8163750       1.046485      0.4108135      0.5245654    
         760   1.000000      0.8938125       1.689498      0.4107990      0.5027779    
         780  0.8750000      0.8047500       1.418058      0.4240231      0.5589894    
         800  0.8750000      0.8141875       1.542771      0.4217663      0.5627778    
         820  0.8125000      0.6893125       1.213707      0.4261207      0.5138888    
         840   1.000000      0.8298750       1.630563      0.4107679      0.5405827    
         860  0.8750000      0.7516250       1.327907      0.4184458      0.5170068    
         880   1.000000      0.8445000       1.608389      0.4325308      0.5369523    
         900  0.8750000      0.7440000       1.434761      0.4379542      0.5343291    
         920  0.9375000      0.8351875       1.575348      0.4340406      0.5512724    
         940  0.8750000      0.7398750       1.167883      0.4269977      0.5425240    
         960  0.8750000      0.8234375       1.700696      0.4125420      0.4892921    
         980  0.8125000      0.7013125       1.502064      0.4244605      0.5224609    
        1000  0.9375000      0.8243125       1.805710      0.4204150      0.5270849    
        1020  0.8750000      0.7297500       1.245080      0.3977679      0.5284665    
        1040   1.000000      0.9396875       1.763751      0.4036157      0.4956056    
        1060  0.8750000      0.8132500       1.157935      0.4109311      0.5004882    
        1080   1.000000      0.8369375       1.938409      0.4031433      0.4938271    
        1100  0.8750000      0.7988750       1.654896      0.4187566      0.4975586    
        1120   1.000000      0.9488125       1.542398      0.4460481      0.5832465    
        1140  0.8750000      0.7993125       1.578250      0.4001920      0.4972222    
        1160   1.000000      0.9348125       1.624207      0.4092246      0.4970414    
        1180  0.8750000      0.8030000       1.610335      0.4097738      0.4802288    
        1200   1.000000      0.9330000       1.879867      0.4020111      0.4975587    
        1220  0.8750000      0.7930000       1.394081      0.3979271      0.5416172    
        1240   1.000000      0.9366250       1.743770      0.4208489      0.5346434    
        1260  0.8750000      0.7478125       1.159334      0.4267811      0.5192506    
        1280   1.000000      0.8525625       1.799877      0.4112069      0.5285374    
        1300  0.8750000      0.7820000       1.455932      0.4057827      0.5197633    
        1320   1.000000      0.8812500       1.611643      0.4173433      0.5142733    
        1340  0.8750000      0.7519375       1.044124      0.4197375      0.5659503    
        1360   1.000000      0.9178125       1.728311      0.3996029      0.5064279    
        1380  0.8750000      0.7809375       1.298122      0.4336907      0.5277778    
        1400   1.000000      0.8742500       1.618001      0.4216909      0.5390624    
        1420  0.8750000      0.7886875       1.414425      0.4417645      0.5240614    
        1440   1.000000      0.8310625       1.537682      0.4303950      0.5383511    
        1460  0.8750000      0.7794375       1.376610      0.4320488      0.5300093    
        1480   1.000000      0.8381250       1.584706      0.4228436      0.5161111    
        1500  0.8750000      0.7853750       1.467348      0.4278183      0.5046826    
        1520  0.8750000      0.8088125       1.462172      0.4261806      0.5306247    
        1540  0.8750000      0.7688125       1.369735      0.4433602      0.5446712    
        1560   1.000000      0.8177500       1.412737      0.4399115      0.5452256    
        1580  0.8750000      0.7957500       1.177250      0.4138624      0.5311162    
        1600  0.8750000      0.8272500       1.421037      0.4318809      0.5497606    
        1620  0.8750000      0.7703750       1.475849      0.4471497      0.5328581    
        1640   1.000000      0.8624375       1.529802      0.4532363      0.5546875    
        1660  0.8750000      0.8065625       1.327399      0.4587007      0.5623583    
        1680   1.000000      0.8397500       1.619645      0.4420295      0.5765680    
        1700  0.8750000      0.8021875       1.451743      0.4350197      0.5500592    
        1720   1.000000      0.8565000       1.624818      0.4438266      0.5718343    
        1740  0.8750000      0.7996875       1.429573      0.4508406      0.5787480    
        1760   1.000000      0.8268125       1.499309      0.4516433      0.5780438    
        1780  0.8750000      0.8055000       1.493451      0.4556291      0.5555874    
        1800   1.000000      0.9290000       1.523581      0.4506090      0.5507684    
        1820  0.8750000      0.7990000       1.328869      0.4406589      0.5543196    
        1840   1.000000      0.9246250       1.549165      0.4280228      0.5493164    
        1860  0.8750000      0.7962500       1.288537      0.4297773      0.5305557    
        1880   1.000000      0.9028125       1.680564      0.4603023      0.5527344    
        1900  0.8750000      0.7939375       1.352052      0.4420662      0.5546876    
        1920   1.000000      0.8815625       1.637872      0.4618155      0.5459138    
        1940  0.8750000      0.7900625       1.449922      0.4362482      0.5427777    
        1960   1.000000      0.9216875       1.445681      0.4339059      0.5316201    
        1980  0.8750000      0.8065625       1.202553      0.4413625      0.5542959    
        2000   1.000000      0.9343125       1.575219      0.4433158      0.5522461    
        2020  0.9375000      0.7914375       1.328569      0.4360334      0.5175108    
        2040   1.000000      0.9228750       1.586907      0.4236095      0.5453255    
        2060  0.9375000      0.8026875       1.226432      0.4642729      0.5688889    
        2080   1.000000      0.8325000       1.339611      0.4556527      0.5754598    
        2100   1.000000      0.8216875       1.298583      0.4272299      0.5260771    
        2120   1.000000      0.8374375       1.468185      0.4469472      0.5497607    
        2140  0.8750000      0.8080625       1.459518      0.4360507      0.5374610    
        2160  0.9375000      0.8780000       1.640240      0.4430186      0.5415040    
        2180  0.8750000      0.7718750       1.544077      0.4299307      0.5541104    
        2200  0.9375000      0.8769375       1.584076      0.4299599      0.5768457    
        2220  0.8750000      0.7837500       1.425650      0.4175172      0.5273374    
        2240  0.9375000      0.8935625       1.675518      0.4400840      0.5276817    
        2260  0.9375000      0.7960625       1.494721      0.4534283      0.5405273    
        2280  0.9375000      0.8460000       1.519098      0.4460013      0.5517763    
        2300  0.8750000      0.8155000       1.465959      0.4495445      0.5325987    
        2320  0.9375000      0.8187500       1.438567      0.4549106      0.5600587    
        2340  0.8750000      0.7969375       1.246361      0.4530961      0.5624821    
        2360  0.8750000      0.8211250       1.420812      0.4589240      0.5532227    
        2380  0.8750000      0.7928125       1.290221      0.4326859      0.5462803    
        2400  0.8750000      0.8191250       1.422132      0.4488371      0.5457856    
        2420  0.8750000      0.8067500       1.370522      0.4205982      0.5293848    
        2440  0.8750000      0.8231875       1.389939      0.4319397      0.5245901    
        2460  0.8750000      0.7963750       1.121280      0.4299982      0.5517762    
        2480   1.000000      0.8308750       1.231217      0.4503092      0.5547997    
        2500  0.8750000      0.7940625       1.373332      0.4383720      0.5399449    
        2520   1.000000      0.8421875       1.585472      0.4458936      0.5705556    
        2540  0.8750000      0.8181875       1.428230      0.4494262      0.5444773    
        2560  0.9375000      0.8885000       1.566629      0.4381256      0.5428649    
        2580  0.9375000      0.8103750       1.241679      0.4480841      0.5671006    
        2600   1.000000      0.8348750       1.437165      0.4552096      0.5642604    
        2620  0.8750000      0.8182500       1.462153      0.4479212      0.5637870    
        2640  0.9375000      0.8153750       1.383050      0.4526036      0.5575260    
        2660  0.8750000      0.8101875       1.411216      0.4596685      0.5503897    
        2680  0.9375000      0.8769375       1.705748      0.4498646      0.5297042    
        2700  0.8750000      0.7577500       1.533022      0.4435594      0.5538461    
        2720  0.9375000      0.8845625       2.005070      0.4517590      0.5297852    
        2740   1.000000      0.8006250       1.314969      0.4460070      0.5331319    
        2760  0.9375000      0.8595000       1.532445      0.4410363      0.5553036    
        2780   1.000000      0.7916250       1.010635      0.4312363      0.5286160    
        2800   1.000000      0.8617500       1.707559      0.4479526      0.5321240    
        2820   1.000000      0.8116250       1.461233      0.4420182      0.5369524    
        2840  0.8750000      0.8303125       1.532189      0.4452401      0.5547929    
        2860   1.000000      0.8266250       1.397202      0.4431933      0.5576172    
        2880  0.9375000      0.8621875       1.568934      0.4392715      0.5522460    
        2900  0.8750000      0.7604375       1.490160      0.4332751      0.5325444    
        2920  0.9375000      0.8955000       1.808070      0.4350835      0.5151515    
        2940  0.8750000      0.7641250       1.297750      0.4244404      0.5200195    
        2960   1.000000      0.8460625       1.481823      0.4218010      0.5502928    
        2980  0.8750000      0.8008750       1.156785      0.4431083      0.5406904    
        3000   1.000000      0.8278750       1.401946      0.4711969      0.5806452    
        3020  0.8750000      0.7908125       1.407609      0.4486110      0.5477502    
        3040  0.9375000      0.8230625       1.420113      0.4610389      0.5790843    
        3060   1.000000      0.8076875       1.393148      0.4617105      0.5500592    
        3080   1.000000      0.8223125       1.444913      0.4637870      0.5727539    
        3100  0.8750000      0.8163125       1.510179      0.4542063      0.5686785    
        3120  0.9375000      0.8586250       1.718363      0.4388001      0.5917968    
        3140  0.8750000      0.7676250       1.644755      0.4269396      0.5097657    
        3160  0.9375000      0.8398750       1.809972      0.4300204      0.5353798    
        3180   1.000000      0.8206250       1.469024      0.4232765      0.5038927    
        3200  0.8750000      0.8181250       1.417671      0.4432505      0.5321395    
        3220  0.8750000      0.8165000       1.406470      0.4291664      0.5240615    
        3240  0.9375000      0.8391250       1.508593      0.4416787      0.5405273    
        3260  0.8750000      0.7815625       1.478751      0.4426059      0.5457293    
        3280   1.000000      0.8370625       1.498755      0.4429299      0.5535900    
        3300   1.000000      0.8151875       1.475662      0.4318357      0.5202366    
        3320   1.000000      0.8383125       1.416189      0.4497866      0.5627089    
        3340   1.000000      0.8241875       1.397664      0.4503876      0.5650364    
        3360   1.000000      0.8314375       1.429132      0.4478959      0.5780437    
        3380   1.000000      0.8213750       1.447956      0.4466315      0.5541993    
        3400  0.8750000      0.8376250       1.467614      0.4485967      0.5613723    
        3420  0.8750000      0.8065000       1.325429      0.4360021      0.5537918    
        3440   1.000000      0.8934375       1.710198      0.4196394      0.5030074    
        3460   1.000000      0.8070000       1.138457      0.4210580      0.5527779    
        3480   1.000000      0.8937500       1.987894      0.4408773      0.5272776    
        3500  0.8750000      0.7631250       1.681730      0.4199592      0.5215794    
        3520   1.000000      0.8266250       1.512179      0.4398594      0.5399451    
        3540   1.000000      0.8046250       1.332538      0.4306976      0.5337547    
        3560   1.000000      0.9011875       1.578241      0.4505769      0.5297041    
        3580  0.8750000      0.7875625       1.327978      0.4744584      0.5716667    
        3600   1.000000      0.8943125       1.807886      0.4127290      0.5431054    
        3620  0.8750000      0.7970625       1.483332      0.4249944      0.5140479    
        3640  0.9375000      0.8778750       1.603587      0.4396007      0.5587694    
        3660   1.000000      0.8015000       1.488293      0.4528035      0.5401774    
        3680  0.9375000      0.8979375       1.631485      0.4645000      0.5538889    
        3700  0.8750000      0.7542500       1.503186      0.4663406      0.5822060    
        3720  0.9375000      0.8892500       1.675117      0.4363477      0.5150295    
        3740  0.8750000      0.7856250       1.481711      0.4284651      0.5389256    
        3760  0.9375000      0.8384375       1.502828      0.4445170      0.5566407    
        3780  0.8750000      0.7950000       1.430862      0.4163238      0.5064247    
        3800  0.8750000      0.8135625       1.345153      0.4467494      0.5648778    
        3820  0.8750000      0.8042500       1.023505      0.4228338      0.5212743    
        3840   1.000000      0.8200000       1.313442      0.4577005      0.5493165    
        3860   1.000000      0.7793125       1.196109      0.4403964      0.5432098    
        3880  0.9375000      0.8274375       1.373845      0.4521989      0.5530773    
        3900  0.8750000      0.8055625       1.459592      0.4146871      0.5511110    
        3920  0.8750000      0.8275000       1.439311      0.4319459      0.5831952    
        3940  0.8750000      0.8056875       1.100958      0.4381091      0.5294445    
        3960  0.9375000      0.8235625       1.377676      0.4422924      0.5517579    
        3980  0.8750000      0.7934375       1.028021      0.4392551      0.5396399    
        4000  0.8750000      0.8326875       1.474736      0.4410890      0.5284665    
        4020  0.8750000      0.8205000       1.556081      0.4337656      0.5507686    
        4040   1.000000      0.8230000       1.450847      0.4351916      0.5581066    
        4060  0.8750000      0.8123125       1.547079      0.4334827      0.5312175    
        4080  0.8750000      0.8141875       1.423185      0.4365249      0.5411030    
        4100  0.8750000      0.7981250       1.532473      0.4495733      0.5467372    
        4120  0.8750000      0.8242500       1.390427      0.4577822      0.5694129    
        4140  0.8750000      0.8037500       1.546468      0.4609663      0.5593348    
        4160  0.8750000      0.8150000       1.468239      0.4727805      0.5998812    
        4180  0.8750000      0.8018750       1.544388      0.4587573      0.5684052    
        4200  0.8750000      0.8143125       1.215546      0.4408813      0.5472411    
        4220  0.8750000      0.7898750       1.297001      0.4169854      0.5009407    
        4240  0.8750000      0.8196875       1.368508      0.4289632      0.5458201    
        4260   1.000000      0.7914375       1.490275      0.4222051      0.5350857    
        4280   1.000000      0.8483750       1.438987      0.4248968      0.5537109    
        4300   1.000000      0.8039375       1.174395      0.4376055      0.5211836    
        4320  0.8750000      0.8176875       1.378834      0.4330824      0.5332987    
        4340  0.8750000      0.7917500       1.326729      0.4236882      0.5321150    
        4360  0.8750000      0.8161875       1.208902      0.4504813      0.5461111    
        4380  0.8750000      0.7806875       1.111073      0.4289185      0.5568395    
        4400  0.8750000      0.8273750       1.274195      0.4435245      0.5395508    
        4420  0.8750000      0.8025000       1.260211      0.4320641      0.5258789    
        4440  0.9375000      0.8301875       1.383366      0.4437961      0.5457857    
        4460  0.8750000      0.8056250       1.313120      0.4230511      0.5197430    
        4480  0.8750000      0.8272500       1.388068      0.4521211      0.5444773    
        4500  0.8750000      0.7961875       1.143323      0.4476155      0.5535077    
        4520  0.8750000      0.8119375       1.395232      0.4465621      0.5416667    
        4540  0.8750000      0.7905000       1.069545      0.4298899      0.5306305    
        4560  0.8750000      0.8230000       1.467054      0.4426058      0.5467457    
        4580   1.000000      0.8126250       1.386012      0.4308614      0.5458202    
        4600   1.000000      0.8280000       1.542688      0.4457202      0.5542437    
        4620  0.8750000      0.8232500       1.461797      0.4667915      0.5665144    
        4640  0.8750000      0.8340000       1.511372      0.4599263      0.5804988    
        4660   1.000000      0.8137500       1.399688      0.4647942      0.5528994    
        4680  0.9375000      0.8886875       1.787501      0.4525787      0.5697888    
        4700  0.8750000      0.7913750       1.066574      0.4560320      0.5443788    
        4720  0.9375000      0.8326250       1.544658      0.4514686      0.5527778    
        4740  0.8750000      0.8136250       1.463474      0.4441356      0.5668945    
        4760  0.9375000      0.8225000       1.495689      0.4500006      0.5713609    
        4780   1.000000      0.7980000       1.265891      0.4458675      0.5573192    
        4800  0.8750000      0.8163750       1.448430      0.4447832      0.5627519    
        4820  0.8750000      0.7956250       1.045995      0.4724381      0.6066598    
        4840  0.8750000      0.8312500       1.517089      0.4511802      0.5705256    
        4860   1.000000      0.8215000       1.295547      0.4557886      0.5634755    
        4880   1.000000      0.9264375       1.204905      0.4845226      0.5482489    
        4900   1.000000      0.8238125       1.335022      0.4432686      0.5422407    
        4920   1.000000      0.9313125       1.235516      0.4639740      0.5686786    
        4940   1.000000      0.8077500       1.140390      0.4707361      0.5913085    
        4960   1.000000      0.8605000       1.451751      0.4496493      0.5587695    
        4980  0.8750000      0.8001875       1.508134      0.4310961      0.5376493    
        5000   1.000000      0.9348750       1.498671      0.4150077      0.5112426    
        5020  0.8750000      0.8098750       1.520804      0.4156996      0.5059209    
        5040   1.000000      0.8382500       1.473350      0.4277662      0.5440772    
        5060  0.8750000      0.8003125       1.149369      0.4415783      0.5493164    
        5080  0.9375000      0.8265000       1.377814      0.4439816      0.5553036    
        5100  0.8750000      0.8076250      0.9356072      0.4370559      0.5209961    
        5120   1.000000      0.8158125       1.306573      0.4542264      0.5583103    
        5140  0.8750000      0.7926250       1.282714      0.4458753      0.5332937    
        5160  0.8750000      0.8245625       1.312572      0.4469178      0.5454153    
        5180  0.8750000      0.8001875       1.172503      0.4505880      0.5537109    
        5200  0.8750000      0.8210625       1.352097      0.4495333      0.5552663    
        5220  0.8750000      0.7947500       1.444157      0.4290247      0.5151367    
        5240   1.000000      0.9387500       1.673429      0.4219856      0.5154824    
        5260  0.8750000      0.8025000       1.036665      0.4284459      0.5060355    
        5280   1.000000      0.9168750       1.489517      0.4583091      0.5471647    
        5300  0.8750000      0.7925625       1.269253      0.4565060      0.5644444    
        5320   1.000000      0.8318750       1.420225      0.4594367      0.5739210    
        5340  0.8750000      0.7463125       1.127261      0.4423490      0.5504166    
        5360   1.000000      0.9068125       1.573558      0.4124111      0.4983623    
        5380  0.8750000      0.8055625       1.253296      0.4189854      0.5297043    
        5400   1.000000      0.9029375       1.524516      0.4227873      0.5220459    
        5420  0.8750000      0.7988750       1.158204      0.4134353      0.5103806    
        5440   1.000000      0.8400625       1.401992      0.4343221      0.5494445    
        5460  0.8750000      0.7878125       1.408390      0.4320904      0.5772642    
        5480   1.000000      0.8823750       1.607198      0.4391524      0.5342650    
        5500  0.8750000      0.8021875       1.339296      0.4208246      0.4995117    
        5520  0.9375000      0.8139375       1.410055      0.4355552      0.5665145    
        5540  0.8750000      0.8001250       1.355806      0.4227154      0.5121894    
        5560   1.000000      0.8185625       1.352719      0.4471574      0.5512695    
        5580  0.8750000      0.7653125       1.336322      0.4388676      0.5396398    
        5600  0.8750000      0.8287500       1.456843      0.4464608      0.5739619    
        5620  0.8750000      0.8161250       1.506129      0.4156916      0.5047895    
        5640   1.000000      0.8313750       1.410743      0.4353901      0.5761892    
        5660  0.8750000      0.8051875       1.381303      0.4047692      0.5099521    
        5680   1.000000      0.8416250       1.511391      0.4142995      0.5172644    
        5700  0.8750000      0.7970000       1.194083      0.4214979      0.5284027    
        5720   1.000000      0.9388125       1.505676      0.4182042      0.5045914    
        5740  0.8750000      0.7920000       1.413225      0.4305596      0.5327778    
        5760   1.000000      0.9531250       1.517801      0.4142661      0.5072841    
        5780  0.8750000      0.7881250       1.369708      0.4172499      0.5283334    
        5800   1.000000      0.8243125       1.381442      0.4419766      0.6026708    
        5820   1.000000      0.8111875       1.505871      0.4475958      0.5411943    
        5840  0.8750000      0.8250000       1.451339      0.4495858      0.5498047    
        5860  0.8750000      0.7973125       1.305842      0.4651201      0.5716667    
        5880   1.000000      0.8275625       1.434614      0.4745117      0.5716667    
        5900   1.000000      0.8041875       1.389907      0.4524008      0.5963138    
        5920  0.8750000      0.8331250       1.435586      0.4458013      0.5332031    
        5940  0.8750000      0.7964375       1.447241      0.4278867      0.5333038    
        5960   1.000000      0.8255625       1.510544      0.4366881      0.5434320    
        5980  0.8750000      0.7967500       1.520929      0.4125775      0.4972154    
        6000   1.000000      0.8131250       1.381819      0.4474036      0.5401864    
        6020  0.8750000      0.7901250       1.243051      0.4225228      0.5199376    
        6040  0.8750000      0.8237500       1.462850      0.4432950      0.5405917    
        6060  0.8750000      0.8050625       1.353601      0.4325677      0.5218522    
        6080  0.9375000      0.8261250       1.394431      0.4400889      0.5412236    
        6100   1.000000      0.8066250       1.330445      0.4379350      0.5305026    
        6120  0.9375000      0.8327500       1.491569      0.4450307      0.5493429    
        6140   1.000000      0.8136250       1.503712      0.4272315      0.5351474    
        6160  0.9375000      0.8900000       1.629830      0.4513332      0.5288085    
        6180   1.000000      0.7925625       1.117758      0.4520268      0.5356445    
        6200   1.000000      0.9039375       1.611153      0.4464599      0.5566406    
        6220  0.8750000      0.8085000       1.464980      0.4479008      0.5786133    
        6240   1.000000      0.8151875       1.452637      0.4576266      0.5699511    
        6260   1.000000      0.8201250       1.335895      0.4486493      0.5395507    
        6280   1.000000      0.8910625       1.626332      0.4495074      0.5532598    
        6300  0.8750000      0.7910625       1.142258      0.4212948      0.5185186    
        6320   1.000000      0.8417500       1.487171      0.4310995      0.5100780    
        6340  0.8750000      0.7822500       1.161416      0.4459598      0.5270848    
        6360   1.000000      0.8139375       1.416641      0.4771410      0.6144639    
        6380  0.8750000      0.8041250       1.393592      0.4671544      0.5784832    
        6400  0.8750000      0.8138125       1.350698      0.4678484      0.6206897    
        6420   1.000000      0.8033750       1.342789      0.4585930      0.5487529    
        6440   1.000000      0.9462500       1.424488      0.4689468      0.5615243    
        6460   1.000000      0.8109375       1.085555      0.4584309      0.5520291    
        6480   1.000000      0.9179375       1.343231      0.4658372      0.5764676    
        6500   1.000000      0.8163750       1.279793      0.4429090      0.5532879    
        6520   1.000000      0.8726250       1.407435      0.4455588      0.5363313    
        6540  0.8750000      0.7881250       1.356283      0.4294163      0.5558076    
        6560   1.000000      0.8225625       1.302179      0.4500370      0.5588310    
        6580   1.000000      0.8011875       1.169146      0.4312271      0.5180147    
        6600  0.8750000      0.8218125       1.360944      0.4595943      0.5530772    
        6620  0.8750000      0.7933750       1.191883      0.4295767      0.5891796    
        6640  0.8750000      0.8179375       1.426837      0.4309533      0.5428648    
        6660  0.8750000      0.8021875       1.270264      0.4279670      0.5280091    
        6680  0.8750000      0.8215000       1.390021      0.4407275      0.5737218    
        6700  0.8750000      0.7966250       1.184685      0.4332875      0.5326055    
        6720   1.000000      0.8333125       1.500417      0.4369300      0.5804989    
        6740  0.8750000      0.7705000       1.176587      0.4430127      0.5385016    
        6760  0.9375000      0.8288125       1.500388      0.4405798      0.5339644    
        6780  0.8750000      0.7953750       1.417962      0.4529860      0.5590820    
        6800   1.000000      0.9238750       1.328153      0.4187617      0.5112425    
        6820   1.000000      0.8333125       1.372200      0.4166902      0.5391716    
        6840   1.000000      0.8345625       1.499839      0.4442293      0.5438890    
        6860   1.000000      0.8320000       1.062278      0.4220804      0.5214843    
        6880   1.000000      0.8649375       1.471929      0.4299961      0.5348594    
        6900  0.8750000      0.8043750       1.387970      0.4200162      0.5326526    
        6920   1.000000      0.9491250       1.502898      0.4580965      0.5764829    
        6940   1.000000      0.8158750       1.017576      0.4356184      0.5239334    
        6960   1.000000      0.9481250       1.475707      0.4251629      0.5045913    
        6980   1.000000      0.8016250       1.437354      0.4232065      0.5117158    
        7000   1.000000      0.9277500       1.525432      0.4377878      0.5258788    
        7020  0.8750000      0.7998750       1.425552      0.4479602      0.5391715    
        7040   1.000000      0.8231875       1.385617      0.4396342      0.5642793    
        7060  0.8750000      0.8021250       1.098460      0.4765968      0.5832465    
        7080  0.8750000      0.8264375       1.396114      0.4546984      0.5530697    
        7100  0.8750000      0.7986250       1.268109      0.4346982      0.5502930    
        7120   1.000000      0.8321875       1.389307      0.4410187      0.5568153    
        7140  0.8750000      0.7970000       1.488975      0.4496988      0.5410650    
        7160   1.000000      0.8434375       1.516766      0.4564912      0.5766602    
        7180  0.8750000      0.8004375       1.007069      0.4652677      0.5638658    
        7200   1.000000      0.8806250       1.423372      0.4564541      0.5395001    
        7220  0.8750000      0.8075625       1.292267      0.4377644      0.5426639    
        7240   1.000000      0.8847500       1.786226      0.4339159      0.5444773    
        7260  0.8750000      0.7977500       1.319146      0.4497396      0.5350773    
        7280   1.000000      0.8374375       1.408318      0.4529981      0.5527840    
        7300  0.8750000      0.7707500       1.434223      0.4492359      0.5503896    
        7320  0.8750000      0.8250625       1.412066      0.4490284      0.5648779    
        7340  0.8750000      0.8106875       1.406061      0.4560032      0.5530772    
        7360  0.8750000      0.8322500       1.477561      0.4542625      0.6041387    
        7380  0.8750000      0.8091250       1.496053      0.4346279      0.5405272    
        7400   1.000000      0.8673750       1.610912      0.4324161      0.5780436    
        7420  0.8750000      0.7821250       1.360283      0.4322296      0.5270849    
        7440  0.8750000      0.8203125       1.365911      0.4429909      0.5691986    
        7460   1.000000      0.7791250       1.286226      0.4306062      0.5296045    
        7480  0.9375000      0.8230000       1.340235      0.4544501      0.5966138    
        7500  0.8750000      0.7936250       1.077975      0.4274205      0.5150000    
        7520  0.8750000      0.8146875       1.330079      0.4387214      0.5670784    
        7540   1.000000      0.8159375       1.400565      0.4280808      0.5467455    
        7560   1.000000      0.9225625       1.654025      0.4338474      0.5358579    
        7580  0.8750000      0.8000625       1.453385      0.4374968      0.5733984    
        7600   1.000000      0.9334375       1.610781      0.4463921      0.5462722    
        7620  0.8750000      0.8088750       1.273079      0.4223091      0.5350001    
        7640   1.000000      0.9331250       1.523997      0.4416734      0.5368047    
        7660  0.8750000      0.8041250       1.343960      0.4406326      0.5488281    
        7680   1.000000      0.8715000       1.517970      0.4465178      0.5230770    
        7700  0.8750000      0.8020000       1.320116      0.4459357      0.5549999    
        7720   1.000000      0.9226250       1.460588      0.4599100      0.5406904    
        7740  0.8750000      0.8138750       1.052932      0.4373572      0.5437045    
        7760   1.000000      0.8286250       1.307534      0.4356578      0.5629884    
        7780  0.8750000      0.8123750      0.9298159      0.4609652      0.5699514    
        7800   1.000000      0.9082500       1.356620      0.4569871      0.5486391    
        7820  0.9375000      0.7933750       1.032960      0.4483439      0.5449219    
        7840   1.000000      0.8713125       1.572797      0.4415264      0.5522801    
        7860  0.8750000      0.7439375       1.401610      0.4309027      0.5214843    
        7880  0.9375000      0.8913750       1.600005      0.4377341      0.5308819    
        7900  0.8750000      0.7566875       1.155859      0.4728245      0.5945175    
        7920  0.9375000      0.8928125       1.700871      0.4651645      0.5426639    
        7940  0.8750000      0.7117500       1.532020      0.4555575      0.5831405    
        7960  0.9375000      0.8911250       1.765866      0.4498752      0.5396827    
        7980  0.8750000      0.7593750       1.273550      0.4521055      0.5475437    
        8000  0.9375000      0.8889375       1.753375      0.4068741      0.5101358    
        8020  0.8750000      0.7626250       1.446489      0.4249177      0.5520291    
        8040  0.9375000      0.8537500       1.708169      0.4227646      0.5240616    
        8060  0.8750000      0.7634375       1.421142      0.4361791      0.5406904    
        8080   1.000000      0.8973750       1.548809      0.4365548      0.5367310    
        8100  0.8750000      0.7362500       1.364823      0.4435464      0.5583256    
        8120   1.000000      0.8283750       1.528125      0.4458649      0.5607583    
        8140  0.8750000      0.7701250       1.321310      0.4292266      0.5359002    
        8160  0.8750000      0.8160000       1.281572      0.4442611      0.5600646    
        8180  0.8750000      0.7616875       1.247249      0.4546508      0.5392390    
        8200  0.8750000      0.8036250       1.270244      0.4599709      0.5770415    
        8220  0.8750000      0.7643750       1.416450      0.4292131      0.5112426    
        8240  0.8750000      0.8240000       1.465598      0.4411647      0.5561525    
        8260  0.8750000      0.8089375       1.368103      0.4266283      0.5213653    
        8280  0.9375000      0.8158125       1.446090      0.4342094      0.5476923    
        8300  0.8750000      0.7990000       1.269238      0.4295491      0.5202140    
        8320  0.9375000      0.8245000       1.451705      0.4288856      0.5346680    
        8340  0.8750000      0.8025625       1.516995      0.4264565      0.5022486    
        8360  0.8750000      0.8210625       1.420792      0.4365546      0.5316199    
        8380  0.8750000      0.8111875       1.316075      0.4309733      0.5240237    
        8400   1.000000      0.9108750       1.630641      0.4259503      0.5633662    
        8420   1.000000      0.8007500       1.415725      0.4264205      0.5361553    
        8440   1.000000      0.8805000       1.636771      0.4296915      0.5239258    
        8460  0.8750000      0.7895625       1.296936      0.4356501      0.5440773    
        8480   1.000000      0.8816875       1.389388      0.4356992      0.5150368    
        8500  0.8750000      0.8018750      0.9150447      0.4515557      0.5489074    
        8520  0.9375000      0.8153750       1.356357      0.4375538      0.5663895    
        8540  0.8750000      0.7966250       1.472980      0.4272805      0.5457294    
        8560  0.8750000      0.8255000       1.395991      0.4363018      0.5623583    
        8580  0.8750000      0.7932500       1.353710      0.4429605      0.5697191    
        8600   1.000000      0.8527500       1.525481      0.4215067      0.5216569    
        8620  0.8750000      0.7955000       1.504966      0.4001548      0.5100779    
        8640  0.8750000      0.8229375       1.454281      0.4314232      0.5457857    
        8660   1.000000      0.7967500       1.285965      0.4342287      0.5405827    
        8680  0.9375000      0.8303750       1.506670      0.4394742      0.5561523    
        8700  0.8750000      0.8005625       1.528148      0.4479044      0.5605468    
        8720  0.8750000      0.8265000       1.558505      0.4580284      0.5912387    
        8740  0.8750000      0.8122500       1.535831      0.4428873      0.5422406    
        8760  0.9375000      0.8354375       1.546683      0.4576387      0.5724365    
        8780   1.000000      0.8169375       1.461400      0.4795262      0.5883366    
        8800   1.000000      0.9006875       1.410508      0.4511859      0.5855621    
        8820   1.000000      0.8083125       1.402185      0.4426497      0.5431054    
        8840   1.000000      0.9294375       1.243731      0.4641959      0.5764678    
        8860   1.000000      0.8500000       1.238311      0.4608437      0.5840262    
        8880   1.000000      0.9193750       1.130731      0.4738984      0.5613944    
        8900   1.000000      0.8168750       1.293988      0.4507371      0.5527841    
        8920   1.000000      0.9015000       1.317409      0.4677207      0.5454546    
        8940   1.000000      0.8302500       1.343130      0.4431088      0.5261707    
        8960   1.000000      0.9328125       1.320733      0.4609239      0.5522461    
        8980   1.000000      0.8648750       1.388845      0.4404775      0.5368680    
        9000   1.000000      0.9255000       1.211148      0.4545642      0.5325444    
        9020   1.000000      0.8765000       1.317992      0.4389345      0.5270661    
        9040   1.000000      0.9288125       1.254555      0.4443012      0.5541103    
        9060   1.000000      0.8135000       1.402381      0.4409540      0.5297042    
        9080   1.000000      0.9171875       1.385813      0.4528459      0.5424853    
        9100   1.000000      0.9096250      0.8920165      0.4572609      0.5478668    
        9120   1.000000      0.9305000       1.392346      0.4252228      0.5243930    
        9140   1.000000      0.8201875       1.369961      0.4335405      0.5188247    
        9160   1.000000      0.9324375       1.665500      0.4495063      0.5434319    
        9180  0.8750000      0.8045000       1.391298      0.4259534      0.5312214    
        9200   1.000000      0.8801250       1.488535      0.4381668      0.5316200    
        9220  0.8750000      0.7888750       1.547057      0.4689694      0.5888672    
        9240   1.000000      0.8425625       1.509682      0.4487481      0.5566407    
        9260  0.8750000      0.8039375       1.301006      0.4159163      0.5270551    
        9280   1.000000      0.8225000       1.378238      0.4440587      0.5707284    
        9300  0.8750000      0.7918750       1.191653      0.4519137      0.6036012    
        9320  0.8750000      0.8276875       1.441788      0.4466940      0.5639958    
        9340  0.8750000      0.8038125       1.439079      0.4418496      0.5321395    
        9360  0.8750000      0.8320000       1.334975      0.4473091      0.5595267    
        9380  0.8750000      0.7730000       1.022112      0.4591231      0.5541992    
        9400  0.9375000      0.8025625       1.837258      0.4343852      0.5169232    
        9420  0.8750000      0.7713125       1.495597      0.4301286      0.5190430    
        9440   1.000000      0.8214375       1.493660      0.4255951      0.4966407    
        9460  0.8750000      0.7858750       1.498516      0.4306644      0.5185186    
        9480  0.8750000      0.8233750       1.449219      0.4401924      0.5331317    
        9500  0.8750000      0.7983125      0.8824071      0.4693241      0.5450149    
        9520   1.000000      0.8157500       1.470762      0.4526574      0.5563021    
        9540  0.8750000      0.7724375       1.403599      0.4445908      0.5509388    
        9560  0.8750000      0.8154375       1.209337      0.4567442      0.5745475    
        9580  0.8750000      0.7453125       1.282838      0.4567011      0.5398337    
        9600  0.8750000      0.8116250       1.398908      0.4513909      0.5417898    
        9620  0.8750000      0.7508750       1.465750      0.4337907      0.5406492    
        9640  0.8750000      0.8185625       1.365368      0.4499594      0.5487528    
        9660  0.8750000      0.7917500       1.338836      0.4464127      0.5312501    
        9680  0.8750000      0.8238125       1.509276      0.4641479      0.5836686    
        9700  0.8750000      0.8068750       1.251948      0.4683059      0.5405274    
        9720  0.8750000      0.8231250       1.261435      0.4778633      0.5841421    
        9740  0.8750000      0.8013125      0.9641641      0.4627339      0.5581056    
        9760  0.8750000      0.8282500       1.452807      0.4541733      0.5601469    
        9780  0.8750000      0.8010000       1.255160      0.4394749      0.5400747    
        9800   1.000000      0.8168750       1.279760      0.4500644      0.5930579    
        9820  0.8750000      0.7913750       1.477202      0.4258124      0.5249740    
        9840   1.000000      0.8292500       1.446553      0.4577115      0.5541521    
        9860  0.8750000      0.7870625       1.289776      0.4361352      0.5400391    
        9880   1.000000      0.8575625       1.417705      0.4556680      0.5670519    
        9900  0.8750000      0.7914375       1.199583      0.4466956      0.5306122    
        9920   1.000000      0.9331250       1.604132      0.4384719      0.5185987    
        9940  0.8750000      0.8041250       1.182452      0.4374490      0.5527856    
        9960   1.000000      0.8875625       1.660614      0.4466463      0.5258788    
        9980  0.8750000      0.7923750       1.443922      0.4364257      0.5265350    
       10000   1.000000      0.8978750       1.578329      0.4441023      0.5491124    
       10020  0.8750000      0.7890625       1.309371      0.4246875      0.5952313    
       10040   1.000000      0.8309375       1.486064      0.4332748      0.5610352    
       10060  0.8750000      0.7924375       1.344095      0.4438399      0.5633137    
       10080   1.000000      0.8603125       1.588120      0.4265276      0.5563116    
       10100  0.8750000      0.8127500       1.204695      0.4256658      0.5210381    
       10120   1.000000      0.9009375       1.558744      0.4312493      0.5317382    
       10140  0.8750000      0.7864375       1.139995      0.4419801      0.5306123    
       10160   1.000000      0.9440625       1.466122      0.4505447      0.5337546    
       10180  0.8750000      0.8136250       1.266091      0.4342802      0.5146923    
       10200   1.000000      0.8570625       1.468771      0.4367208      0.5540658    
       10220  0.8750000      0.7832500       1.431776      0.4240861      0.5487529    
       10240   1.000000      0.9448750       1.559006      0.4068023      0.5200194    
       10260  0.8750000      0.8024375       1.083846      0.4311819      0.5267401    
       10280   1.000000      0.9527500       1.483096      0.4350269      0.5190431    
       10300   1.000000      0.8033125       1.161950      0.4403912      0.5361552    
       10320   1.000000      0.8365000       1.414962      0.4505592      0.5395422    
       10340  0.8750000      0.7872500       1.255388      0.4419104      0.5512725    
       10360   1.000000      0.9128750       1.379141      0.4623156      0.5297852    
       10380  0.8750000      0.8091250       1.037716      0.4631563      0.5645159    
       10400   1.000000      0.8378750       1.474040      0.4542612      0.5737278    
       10420  0.8750000      0.7943125       1.154864      0.4235584      0.5172223    
       10440  0.8750000      0.8063750       1.296059      0.4309872      0.5218523    
       10460  0.8750000      0.7414375       1.329573      0.4080999      0.5144444    
       10480  0.8750000      0.8127500       1.308203      0.4207696      0.5180665    
       10500  0.8750000      0.7470000       1.422099      0.4102996      0.5061111    
       10520  0.8750000      0.8094375       1.361570      0.4298891      0.5584602    
       10540  0.8750000      0.7326875       1.397684      0.4418789      0.5294276    
       10560   1.000000      0.8203750       1.523244      0.4475648      0.5377765    
       10580  0.8750000      0.7476250       1.431499      0.4296867      0.5249739    
       10600  0.8750000      0.8208750       1.320032      0.4258639      0.5405274    
       10620  0.8750000      0.7754375       1.245721      0.4269800      0.4988663    
       10640  0.8750000      0.8233750       1.362406      0.4376668      0.5374898    
       10660  0.8750000      0.7936250       1.220937      0.4288707      0.5107692    
       10680   1.000000      0.8216250       1.406962      0.4250423      0.5119678    
       10700  0.8750000      0.7872500       1.348541      0.4441551      0.5294275    
       10720  0.8750000      0.8203750       1.429988      0.4467749      0.5461111    
       10740  0.8750000      0.7864375      0.8812888      0.4539166      0.5348594    
       10760  0.8750000      0.8228750       1.268054      0.4421862      0.5444444    
       10780  0.8750000      0.7688750       1.401313      0.4236683      0.5227779    
       10800  0.8750000      0.8201250       1.380286      0.4373828      0.5483333    
       10820  0.8750000      0.7723750       1.196100      0.4330989      0.5405273    
       10840  0.8750000      0.8217500       1.424423      0.4579921      0.5312175    
       10860  0.8750000      0.8075000       1.270046      0.4165522      0.5561914    
       10880  0.8750000      0.8195000       1.313545      0.4309508      0.5884495    
       10900  0.8750000      0.7867500       1.261583      0.4257793      0.5237812    
       10920  0.8750000      0.8297500       1.406766      0.4395310      0.5638699    
       10940  0.8750000      0.7876250       1.524518      0.4322041      0.5266207    
       10960  0.8750000      0.8125625       1.403942      0.4458732      0.5419922    
       10980  0.8750000      0.7944375       1.540264      0.4381260      0.5363314    
       11000  0.8750000      0.8294375       1.476778      0.4508994      0.5725327    
       11020  0.8750000      0.8012500       1.520314      0.4149618      0.5451844    
       11040  0.8750000      0.8281250       1.447499      0.4336929      0.5428061    
       11060  0.8750000      0.7419375       1.283913      0.4370231      0.5343392    
       11080  0.8750000      0.8128750       1.336118      0.4559309      0.6411951    
       11100  0.8750000      0.7978750       1.369287      0.4547747      0.5509911    
       11120  0.8750000      0.8225625       1.365451      0.4658384      0.5729642    
       11140  0.8750000      0.7888750       1.428108      0.4328133      0.5278150    
       11160   1.000000      0.8328125       1.490250      0.4445310      0.5694129    
       11180  0.8750000      0.7921875       1.232091      0.4344369      0.5358580    
       11200   1.000000      0.8469375       1.377814      0.4529722      0.5567117    
       11220  0.8750000      0.7856875       1.041420      0.4543302      0.5722493    
       11240   1.000000      0.8549375       1.489037      0.4400742      0.5449954    
       11260  0.8750000      0.7897500       1.519537      0.4297167      0.5260146    
       11280   1.000000      0.9407500       1.650639      0.4516746      0.5394858    
       11300  0.8750000      0.7980625       1.376481      0.4160298      0.5092773    
       11320   1.000000      0.8197500       1.484155      0.4288898      0.5301777    
       11340  0.8750000      0.7900000       1.426622      0.4344209      0.5315775    
       11360   1.000000      0.8192500       1.452358      0.4390250      0.5321240    
       11380  0.8750000      0.7946875       1.009500      0.4308646      0.5436180    
       11400  0.8750000      0.8298750       1.551415      0.4202661      0.5197429    
       11420  0.8750000      0.8018125       1.059519      0.4288897      0.5278150    
       11440  0.8750000      0.8177500       1.354201      0.4340443      0.5337275    
       11460  0.8750000      0.7896250       1.050279      0.4264801      0.5395408    
       11480  0.9375000      0.8190000       1.391412      0.4507840      0.5458984    
       11500  0.8750000      0.7984375       1.436080      0.4365166      0.5240616    
       11520   1.000000      0.9401250       1.688774      0.4318250      0.5404042    
       11540   1.000000      0.7951250       1.405647      0.4324010      0.5356445    
       11560   1.000000      0.8296875       1.563232      0.4396253      0.5453329    
       11580  0.8750000      0.7920625       1.363709      0.4404420      0.5489074    
       11600   1.000000      0.9041250       1.415369      0.4364199      0.5367309    
       11620  0.8750000      0.8057500       1.349135      0.4351573      0.5368047    
       11640   1.000000      0.9414375       1.361608      0.4427848      0.5405828    
       11660  0.8750000      0.7899375       1.178575      0.4332909      0.5165290    
       11680   1.000000      0.8639375       1.491649      0.4352617      0.5137740    
       11700  0.8750000      0.7824375       1.069674      0.4254100      0.5131834    
       11720   1.000000      0.9060625       1.388982      0.4331860      0.5297852    
       11740   1.000000      0.8161875       1.408726      0.4326672      0.5248384    
       11760   1.000000      0.9340625       1.442929      0.4475281      0.5353798    
       11780   1.000000      0.8309375       1.405240      0.4492410      0.5326524    
       11800   1.000000      0.9004375       1.319195      0.4628247      0.5740391    
       11820   1.000000      0.8431250       1.128783      0.4594915      0.5618545    
       11840   1.000000      0.8831875       1.396957      0.4600208      0.5966238    
       11860   1.000000      0.8757500       1.096956      0.4740825      0.5627778    
       11880   1.000000      0.9316250       1.278950      0.4742888      0.5648779    
       11900   1.000000      0.8915000       1.067337      0.4651524      0.5440772    
       11920   1.000000      0.9165625       1.274019      0.4583872      0.5633609    
       11940   1.000000      0.8552500       1.269186      0.4423224      0.5411944    
       11960   1.000000      0.9372500       1.251421      0.4647172      0.5523416    
       11980   1.000000      0.8285625       1.304278      0.4534436      0.5596877    
       12000   1.000000      0.9273125       1.459067      0.4549909      0.5564714    
       12020   1.000000      0.8236250       1.405197      0.4452676      0.5396399    
       12040   1.000000      0.9190000       1.567822      0.4622079      0.5350346    
       12060   1.000000      0.8766875       1.290836      0.4531692      0.5426638    
       12080   1.000000      0.9353125       1.333010      0.4591626      0.5532227    
       12100   1.000000      0.9193750      0.9958562      0.4597501      0.5613943    
       12120   1.000000      0.9164375       1.185194      0.5003762      0.5868014    
       12140   1.000000      0.8135625       1.357085      0.4548258      0.5632894    
       12160   1.000000      0.9282500       1.259781      0.4742085      0.5794083    
       12180   1.000000      0.9131875      0.9490823      0.4631845      0.5497606    
       12200   1.000000      0.8987500       1.536614      0.4413389      0.5593349    
       12220   1.000000      0.8100000       1.366693      0.4412017      0.5326278    
       12240   1.000000      0.9245000       1.302702      0.4631892      0.5581067    
       12260   1.000000      0.8270625       1.007967      0.4612015      0.5550001    
       12280   1.000000      0.9208125       1.191424      0.4983707      0.5854310    
       12300   1.000000      0.8540000       1.036269      0.4523824      0.5665144    
       12320   1.000000      0.9066250       1.310549      0.4629296      0.5770031    
       12400   1.000000      0.9365000       1.518825      0.4513297      0.5744519    
       12600   1.000000      0.9536250       1.797137      0.4260656      0.5482489    
       12800   1.000000      0.9425000       1.653089      0.4295923      0.5497075    
       13000   1.000000      0.9321875       1.498330      0.4427547      0.5392390    
       13200   1.000000      0.9310000       1.441205      0.4440009      0.5582991    
       13400   1.000000      0.9208125       1.416861      0.4521367      0.5588889    
       13600   1.000000      0.9265000       1.299593      0.4536670      0.5998811    
       13800   1.000000      0.9038750       1.165134      0.4698600      0.6151481    
       14000   1.000000      0.9000000       1.096315      0.4708479      0.5823998    
       14200   1.000000      0.9037500       1.087203      0.4745560      0.5755055    
       14400   1.000000      0.9018750       1.101964      0.4755619      0.5871077    
       14600   1.000000      0.9020000       1.090423      0.4726186      0.6136000    
       14800   1.000000      0.9097500       1.130738      0.4674437      0.5865386    
       15000   1.000000      0.8960000       1.085257      0.4761464      0.5788535    
       15200   1.000000      0.9128125       1.085241      0.4756007      0.5884887    
       15400   1.000000      0.9156875       1.091820      0.4699752      0.5988520    
       15600   1.000000      0.8900000       1.090273      0.4740029      0.5987655    
       15800   1.000000      0.8968750       1.088939      0.4734935      0.5954142    
       16000   1.000000      0.9055000       1.105266      0.4706616      0.5835460    
       16200   1.000000      0.8901875       1.079370      0.4738820      0.6008003    
       16400   1.000000      0.9021250       1.092408      0.4723946      0.5946501    
       16600   1.000000      0.9042500       1.085966      0.4711156      0.5725327    
       16800   1.000000      0.9005000       1.092782      0.4750605      0.5797185    
       17000   1.000000      0.9097500       1.085321      0.4708641      0.5946503    
       17200   1.000000      0.9101250       1.103967      0.4733341      0.5988520    
       17400   1.000000      0.9160000       1.088314      0.4721103      0.5749461    
       17600   1.000000      0.9020625       1.082276      0.4750650      0.5920800    
       17800   1.000000      0.9071250       1.116877      0.4668599      0.5831657    
       18000   1.000000      0.8888125       1.106903      0.4727502      0.6020315    
       18200   1.000000      0.8998750       1.088728      0.4749610      0.5899237    
       18400   1.000000      0.8939375       1.100364      0.4754176      0.6003305    
       18600   1.000000      0.9011250       1.081314      0.4694499      0.5786394    
       18800   1.000000      0.9080625       1.088646      0.4750660      0.6039542    
       19000   1.000000      0.8946875       1.095818      0.4721074      0.5695153    
       19200   1.000000      0.8913125       1.084171      0.4744769      0.5873724    
       19400   1.000000      0.9074375       1.112255      0.4689468      0.5902457    
       19600   1.000000      0.9033125       1.087763      0.4761970      0.6028107    
       19800   1.000000      0.8994375       1.103404      0.4763162      0.5944000    
       20000   1.000000      0.9048750       1.091762      0.4735750      0.5937189    
       20200   1.000000      0.8980000       1.086847      0.4739872      0.6100339    
       20400   1.000000      0.9032500       1.086573      0.4678204      0.6008000    
       20600   1.000000      0.9013125       1.087992      0.4736214      0.6069559    
       20800   1.000000      0.8836875       1.082887      0.4735143      0.5887573    
       21000   1.000000      0.9011875       1.090201      0.4738878      0.5996695    
       21200   1.000000      0.8905625       1.102842      0.4723780      0.6001846    
       21400   1.000000      0.9030625       1.092411      0.4737128      0.5808561    
       21600   1.000000      0.8951250       1.101390      0.4722035      0.5771684    
       21800   1.000000      0.9056250       1.099667      0.4782909      0.5976860    
       22000   1.000000      0.8975000       1.088277      0.4701223      0.5778835    
       22200   1.000000      0.9086875       1.077484      0.4749388      0.5798707    
       22400   1.000000      0.9204375       1.085826      0.4747790      0.5859736    
       22600   1.000000      0.9055000       1.110187      0.4770674      0.6375741    
       22800   1.000000      0.9010625       1.089504      0.4750535      0.5761317    
       23000   1.000000      0.8876875       1.089680      0.4758155      0.5877915    
       23200   1.000000      0.8920625       1.098795      0.4674758      0.5682399    
       23400   1.000000      0.9068125       1.102757      0.4728337      0.5771901    
       23600   1.000000      0.8849375       1.082840      0.4722543      0.6147439    
       23800   1.000000      0.8867500       1.123591      0.4691122      0.6181818    
       24000   1.000000      0.9131250       1.101519      0.4789371      0.5963139    
       24200   1.000000      0.8962500       1.089327      0.4730444      0.6015090    
       24400   1.000000      0.9043750       1.089175      0.4688521      0.6029751    
       24600   1.000000      0.8955625       1.083784      0.4754151      0.6021258    
       24800   1.000000      0.9051875       1.089648      0.4716328      0.5934132    
       25000   1.000000      0.8980000       1.087787      0.4772049      0.6081871    
       25200   1.000000      0.9128125       1.093890      0.4695699      0.5973938    
       25400   1.000000      0.8940625       1.103686      0.4741419      0.5871075    
       25600   1.000000      0.9090000       1.120594      0.4723203      0.5784779    
       25800   1.000000      0.9188125       1.082829      0.4743549      0.5785124    
       26000   1.000000      0.8988750       1.084616      0.4734536      0.5848215    
       26200   1.000000      0.9093750       1.080037      0.4743757      0.6076816    
       26400   1.000000      0.8939375       1.092089      0.4764012      0.5797186    
       26600   1.000000      0.9011875       1.090706      0.4711922      0.5631378    
       26800   1.000000      0.8948125       1.093211      0.4764655      0.5771683    
       27000   1.000000      0.8994375       1.100585      0.4738795      0.5943867    
       27200   1.000000      0.8908125       1.090189      0.4720308      0.5990084    
       27400   1.000000      0.9090625       1.095858      0.4740415      0.5681748    
       27600   1.000000      0.8981875       1.093411      0.4711473      0.5718682    
       27800   1.000000      0.8975625       1.126031      0.4696579      0.5838016    
       28000   1.000000      0.9056250       1.137362      0.4701230      0.5848213    
       28200   1.000000      0.8919375       1.098761      0.4755670      0.6043829    
       28400   1.000000      0.9135000       1.093934      0.4720423      0.6016647    
       28600   1.000000      0.9048750       1.087739      0.4738772      0.5884297    
       28800   1.000000      0.9000000       1.092452      0.4713722      0.6050297    
       29000   1.000000      0.8990000       1.098567      0.4713261      0.5713437    
       29200   1.000000      0.9082500       1.091136      0.4712707      0.5667498    
       29400   1.000000      0.8964375       1.079270      0.4720356      0.5916697    
       29600   1.000000      0.9058125       1.092822      0.4734997      0.5963010    
       29800   1.000000      0.9001875       1.103233      0.4670671      0.6016529    
       30000   1.000000      0.8908125       1.096444      0.4764807      0.6003306    
       30200   1.000000      0.8912500       1.080597      0.4771248      0.6016647    
       30400   1.000000      0.8994375       1.111018      0.4741422      0.5681747    
       30600   1.000000      0.9078750       1.093014      0.4740564      0.5884886    
       30800   1.000000      0.8881250       1.089981      0.4737689      0.6062809    
       31000   1.000000      0.9023750       1.092000      0.4717610      0.5964912    
       31200   1.000000      0.8999375       1.083882      0.4734241      0.5779949    
       31400   1.000000      0.8917500       1.090788      0.4707147      0.5946745    
       31600   1.000000      0.9118125       1.080663      0.4761364      0.5713305    
       31800   1.000000      0.8993125       1.091446      0.4719504      0.6279586    
       32000   1.000000      0.9070000       1.086067      0.4744905      0.5987654    
       32200   1.000000      0.9052500       1.109133      0.4711675      0.5875536    
       32400   1.000000      0.9003750       1.103364      0.4750705      0.5797195    
       32600   1.000000      0.9186250       1.101074      0.4721658      0.5970247    
       32800   1.000000      0.9065625       1.093420      0.4778595      0.5785124    
       33000   1.000000      0.9028750       1.100381      0.4707663      0.6152263    
