          20  0.7500000      0.7190875      0.9885751      0.4418559      0.5520290    
          40  0.8125000      0.8047500       1.246662      0.4517751      0.5322579    
          60  0.7500000      0.7043000      0.9511176      0.4278959      0.5280957    
          80  0.8125000      0.8036875       1.674568      0.4289415      0.5142201    
         100  0.8125000      0.7313375       1.471370      0.4203520      0.5274346    
         120  0.8750000      0.8034000       1.911460      0.4185213      0.5239334    
         140  0.8125000      0.7843250       2.005989      0.4178384      0.4815909    
         160  0.8750000      0.8254125       1.995375      0.4210171      0.5169882    
         180  0.8125000      0.7298250       1.840178      0.4125594      0.4989349    
         200  0.8125000      0.8027625       2.026396      0.4162048      0.5034180    
         220  0.8125000      0.7953125       1.401076      0.4530111      0.5094445    
         240  0.8750000      0.8583750       1.835049      0.4245543      0.4926758    
         260  0.8750000      0.7881875       1.416019      0.4340002      0.4999999    
         280  0.8750000      0.8057375       1.628230      0.4320504      0.5258788    
         300  0.8125000      0.7914375       1.935289      0.4155288      0.5003551    
         320  0.8750000      0.8130375       1.866472      0.4179583      0.5235576    
         340  0.8125000      0.7942000       1.914031      0.4055910      0.4935122    
         360  0.8750000      0.8541750       1.873656      0.3734718      0.4796713    
         380  0.8750000      0.7929875       1.469345      0.3910388      0.4508799    
         400   1.000000      0.9614500       1.602133      0.3975534      0.4711914    
         420  0.8750000      0.8441125       1.103510      0.3991562      0.4681657    
         440   1.000000      0.9746125       1.524461      0.4161394      0.4727111    
         460  0.8750000      0.8459875      0.9477000      0.4261174      0.5004883    
         480   1.000000      0.9756000       1.533641      0.4110074      0.4792139    
         500  0.8750000      0.8464625       1.089774      0.3973017      0.4675605    
         520   1.000000      0.9736000       1.292097      0.4220219      0.4831316    
         540  0.8750000      0.8527500      0.8852106      0.4070890      0.4672851    
         560   1.000000      0.8614250       1.524396      0.4170983      0.5009183    
         580  0.8750000      0.8053375       1.597153      0.4113003      0.4811111    
         600  0.9875000      0.8606125       1.508508      0.4238543      0.4916992    
         620  0.8750000      0.8408375       1.500641      0.4561665      0.5135276    
         640   1.000000      0.9587625       1.266132      0.4569291      0.5119677    
         660  0.8750000      0.8488500       1.045851      0.4686801      0.5171697    
         680   1.000000      0.9702750       1.401338      0.4640456      0.5266299    
         700  0.8750000      0.8432125       1.330525      0.4557819      0.5102540    
         720   1.000000      0.9720250       1.483241      0.4561185      0.5102539    
         740  0.8750000      0.8431750       1.376900      0.4187545      0.5072223    
         760   1.000000      0.9731000       1.623002      0.4362147      0.5208116    
         780  0.8750000      0.8482000       1.393244      0.4477227      0.5133150    
         800   1.000000      0.9704375       1.538466      0.4616477      0.5381709    
         820  0.8750000      0.8462750       1.252130      0.4621806      0.5381708    
         840   1.000000      0.9747000       1.965846      0.4407685      0.5064880    
         860  0.8750000      0.8478125       1.502790      0.4209034      0.4880624    
         880   1.000000      0.9719625       1.991673      0.4620525      0.5119376    
         900  0.8750000      0.8422375       1.124543      0.4482043      0.5197634    
         920   1.000000      0.9736000       1.376727      0.4651150      0.5276817    
         940  0.8750000      0.8402625       1.412014      0.4626547      0.5159763    
         960   1.000000      0.9589000       1.476779      0.4514295      0.5457786    
         980  0.8750000      0.8507375      0.9362175      0.4724879      0.5385675    
        1000   1.000000      0.9736750       1.502942      0.4351170      0.5297852    
        1020  0.8750000      0.8450125       1.360840      0.4372117      0.4976610    
        1040   1.000000      0.9738875       1.732268      0.4687071      0.5553035    
        1060  0.8750000      0.8408750       1.391214      0.4557553      0.5463867    
        1080   1.000000      0.9731000       1.420245      0.4542231      0.5301775    
        1100  0.8750000      0.8441750       1.344720      0.4591507      0.5307618    
        1120   1.000000      0.9637750       1.611683      0.4431931      0.5019530    
        1140  0.8750000      0.8483375       1.374615      0.4415416      0.5178698    
        1160   1.000000      0.9769250       1.425278      0.4499131      0.5053712    
        1180  0.8750000      0.8425375       1.320332      0.4479174      0.5112305    
        1200   1.000000      0.9729250       1.454036      0.4885833      0.5287573    
        1220  0.8750000      0.8443875       1.098147      0.4693061      0.5428648    
        1240   1.000000      0.9741000       1.435885      0.4681778      0.5240236    
        1260  0.8750000      0.8442875       1.201129      0.4549492      0.5208287    
        1280   1.000000      0.9332750       1.524870      0.4774526      0.5297852    
        1300  0.8750000      0.8427875       1.373319      0.4594008      0.5471647    
        1320   1.000000      0.8703500       1.412280      0.4521246      0.5317383    
        1340  0.8750000      0.8438375       1.169861      0.4423112      0.5187305    
        1360   1.000000      0.9360625       1.452116      0.4233883      0.5156087    
        1380  0.8750000      0.8465875       1.366626      0.4225350      0.4936523    
        1400   1.000000      0.9742875       1.495588      0.4616303      0.5266299    
        1420  0.8750000      0.8456375       1.159642      0.4596000      0.5275887    
        1440   1.000000      0.9714625       1.042896      0.4752382      0.5632894    
        1460  0.8750000      0.8486500       1.330440      0.4482458      0.5150885    
        1480   1.000000      0.9703750       1.308149      0.4741466      0.5439398    
        1500  0.8750000      0.8468625       1.142428      0.4720568      0.5517762    
        1520   1.000000      0.9701500       1.169075      0.4822511      0.5503896    
        1540  0.8750000      0.8458750       1.261988      0.4911974      0.5442178    
        1560   1.000000      0.9714125       1.211624      0.4925759      0.5605470    
        1580  0.8750000      0.8452375       1.396281      0.4573300      0.5343393    
        1600   1.000000      0.9652500       1.183072      0.4740304      0.5355555    
        1620  0.8750000      0.8406625       1.242254      0.4646265      0.5583271    
        1640   1.000000      0.9090750       1.288524      0.4554560      0.5694129    
        1660  0.8750000      0.8475625       1.143740      0.4263407      0.4843750    
        1680   1.000000      0.9723750       1.122849      0.4481574      0.5197710    
        1700  0.8750000      0.8452000       1.127280      0.4603992      0.5578231    
        1720  0.8750000      0.8578000       1.188104      0.4685024      0.5366667    
        1740  0.8750000      0.8493750      0.7716941      0.4835732      0.5469679    
        1760   1.000000      0.9488875       1.095496      0.4740516      0.5444444    
        1780  0.8750000      0.8396625      0.8494852      0.4560214      0.5294445    
        1800   1.000000      0.9690375       1.066179      0.4686250      0.5434023    
        1820  0.8750000      0.8500500      0.8212585      0.4847406      0.5805555    
        1840   1.000000      0.9732875       1.062612      0.4830748      0.5509886    
        1860  0.8750000      0.8391000       1.203485      0.4564901      0.5218521    
        1880   1.000000      0.9740125       1.160643      0.4663900      0.5477451    
        1900  0.8750000      0.8486625      0.7782871      0.4854061      0.5638890    
        1920   1.000000      0.9712500       1.053797      0.4855687      0.5512725    
        1940  0.8750000      0.8209500       1.120681      0.4861807      0.5661110    
        1960   1.000000      0.8608750       1.180693      0.5021049      0.5816857    
        1980  0.8750000      0.8410750       1.123712      0.4914427      0.5894856    
        2000   1.000000      0.9681500       1.091088      0.5175097      0.5672222    
        2020  0.8750000      0.8491500      0.8292006      0.5085202      0.5687903    
        2040   1.000000      0.8632125       1.171057      0.5066450      0.5866129    
        2060  0.8750000      0.8428375      0.9579430      0.4906130      0.5695153    
        2080   1.000000      0.8718250       1.266019      0.4912640      0.5699589    
        2100  0.8750000      0.8475375       1.445769      0.4328572      0.5090029    
        2120   1.000000      0.9184750       1.183498      0.4381641      0.5143779    
        2140  0.8750000      0.8431375       1.392564      0.4252931      0.5590347    
        2160   1.000000      0.9647875       1.146962      0.4984476      0.5805555    
        2180  0.8750000      0.8462000      0.8425344      0.5056720      0.5461112    
        2200   1.000000      0.9610000       1.124609      0.5165933      0.5826391    
        2220  0.8750000      0.8472375      0.8959250      0.4945245      0.5594444    
        2240   1.000000      0.9719875       1.018520      0.4963802      0.5890908    
        2260  0.8750000      0.8430625      0.9978944      0.4745177      0.5455523    
        2280   1.000000      0.9722625       1.143553      0.4752838      0.5600001    
        2300  0.8750000      0.8443625       1.099431      0.4446710      0.5138404    
        2320   1.000000      0.9736750       1.196856      0.4599528      0.5142201    
        2340  0.8750000      0.8474000       1.298909      0.4328354      0.5133029    
        2360   1.000000      0.9236000       1.202821      0.4640824      0.5245619    
        2380  0.8750000      0.8523500       1.319535      0.4403784      0.5149153    
        2400   1.000000      0.9694500       1.115775      0.4303543      0.4938271    
        2420  0.8750000      0.8470125      0.9289833      0.4238879      0.4869659    
        2440   1.000000      0.9750750       1.173868      0.4307161      0.5028973    
        2460  0.8750000      0.8465250       1.305750      0.4267889      0.4894444    
        2480   1.000000      0.9627750       1.244168      0.4286378      0.4955658    
        2500  0.8750000      0.8352625       1.000269      0.4260109      0.5014781    
        2520   1.000000      0.9705500       1.026482      0.4219109      0.4783333    
        2540  0.8750000      0.8324875       1.065162      0.4395444      0.5170822    
        2560   1.000000      0.9321500       1.220180      0.4523655      0.5170069    
        2580  0.8750000      0.8511125       1.449358      0.4304585      0.5052406    
        2600   1.000000      0.9725250       1.043738      0.4370055      0.5183333    
        2620  0.8750000      0.8504375      0.8732082      0.4168391      0.4939532    
        2640   1.000000      0.9744750       1.117323      0.4393651      0.5063477    
        2660  0.8750000      0.8395625       1.130065      0.4327862      0.5297852    
        2680   1.000000      0.9725625       1.145739      0.4806556      0.5306972    
        2700  0.8750000      0.8435500       1.090544      0.4554104      0.5535900    
        2720   1.000000      0.9705000       1.161295      0.4794707      0.5488281    
        2740  0.8750000      0.8421125       1.222405      0.4589711      0.5218522    
        2760   1.000000      0.9736750       1.163168      0.4768072      0.5332031    
        2780  0.8750000      0.8458875       1.405798      0.4791436      0.5343392    
        2800   1.000000      0.9732750       1.154701      0.4832318      0.5364205    
        2820  0.8750000      0.8445625       1.407937      0.4544436      0.5339761    
        2840   1.000000      0.9718750       1.273486      0.4858067      0.5618544    
        2860  0.8750000      0.8419125       1.342315      0.4555866      0.5514646    
        2880   1.000000      0.9696750       1.158633      0.5053918      0.5642093    
        2900  0.8750000      0.8368125       1.118224      0.4775552      0.5975295    
        2920   1.000000      0.8602125       1.346753      0.4561050      0.5702768    
        2940  0.8750000      0.8479250       1.242912      0.4369809      0.5527778    
        2960   1.000000      0.9702125       1.215872      0.4635422      0.5166493    
        2980  0.8750000      0.8457875       1.196918      0.4470325      0.5260772    
        3000   1.000000      0.9721250       1.400055      0.4468553      0.5250001    
        3020  0.8750000      0.8444375       1.319633      0.4310611      0.5197710    
        3040   1.000000      0.9721500       1.260570      0.4671523      0.5326992    
        3060  0.8750000      0.8492875       1.322998      0.4519357      0.5438889    
        3080   1.000000      0.9722750       1.231032      0.5090545      0.5739730    
        3100  0.8750000      0.8439625       1.416774      0.4971918      0.5675594    
        3120   1.000000      0.9714625       1.042700      0.4793276      0.5222637    
        3140  0.8750000      0.8464500       1.076024      0.4688023      0.5383334    
        3160   1.000000      0.9729375       1.126910      0.4689314      0.5296044    
        3180  0.8750000      0.8476125      0.8246298      0.4499208      0.5535900    
        3200   1.000000      0.9724000       1.169036      0.4708984      0.5401773    
        3220  0.8750000      0.8426625       1.192259      0.4568169      0.5366591    
        3240   1.000000      0.9745625       1.137761      0.4768024      0.5471648    
        3260  0.8750000      0.8471125       1.090670      0.4547514      0.5360528    
        3280   1.000000      0.9703125       1.128012      0.4370275      0.5170068    
        3300  0.8750000      0.8446625       1.322797      0.4111274      0.4994445    
        3320   1.000000      0.9723625       1.172511      0.4334481      0.5127778    
        3340  0.8750000      0.7942125       1.493362      0.4160700      0.4899408    
        3360  0.8750000      0.8590125       1.407148      0.4317659      0.5221302    
        3380  0.8750000      0.8504000      0.7986788      0.4385185      0.5028975    
        3400  0.8750000      0.8580875       1.389914      0.4464581      0.5229492    
        3420  0.8750000      0.8444750      0.9545655      0.4576440      0.5483333    
        3440  0.8750000      0.8579250       1.547312      0.4457241      0.5332031    
        3460  0.8750000      0.8464750       1.285804      0.4324384      0.4984391    
        3480   1.000000      0.9679125       1.387732      0.4580667      0.5427060    
        3500  0.8750000      0.8488375       1.519433      0.4131295      0.5036731    
        3520   1.000000      0.9701500       1.331857      0.4258437      0.4908173    
        3540  0.8750000      0.8236125       1.480602      0.4188399      0.4770509    
        3560   1.000000      0.9695375       1.308596      0.4214232      0.4970703    
        3580  0.8750000      0.8415500       1.301459      0.4032175      0.4780273    
        3600   1.000000      0.8627500       1.397939      0.4341706      0.5180664    
        3620  0.8750000      0.8049750       1.681275      0.4215782      0.5083247    
        3640   1.000000      0.9114500       1.695928      0.4607342      0.5240616    
        3660  0.8750000      0.8420375       1.454517      0.4328628      0.5100780    
        3680  0.9375000      0.8611375       1.332900      0.4373612      0.5004030    
        3700  0.8750000      0.8482875       1.674556      0.4563671      0.5091829    
        3720  0.9375000      0.8617125       1.548182      0.4498267      0.5406904    
        3740  0.8750000      0.8098625       1.420525      0.4599884      0.5219725    
        3760  0.8750000      0.8594375       1.446521      0.4408884      0.5520290    
        3780  0.8750000      0.8498000       1.553072      0.4381856      0.5228383    
        3800   1.000000      0.8582625       1.497474      0.4387299      0.5155029    
        3820  0.8750000      0.8403500       1.484455      0.4405834      0.5150000    
        3840   1.000000      0.9401375       1.631018      0.4207425      0.4998657    
        3860  0.8750000      0.8453125       1.367182      0.4363214      0.5013857    
        3880   1.000000      0.9705000       1.521646      0.4349982      0.5180147    
        3900  0.8750000      0.8489750       1.301177      0.4313256      0.5166494    
        3920   1.000000      0.8688000       1.313194      0.4258596      0.5380859    
        3940  0.8750000      0.8448875       1.119033      0.4474821      0.5530697    
        3960   1.000000      0.9716500       1.525459      0.4969472      0.5449219    
        3980  0.8750000      0.8471375       1.081372      0.4828992      0.5665973    
        4000   1.000000      0.9767750       1.557563      0.4844444      0.5449219    
        4020  0.8750000      0.8480750      0.8736107      0.4768165      0.5433333    
        4040   1.000000      0.9652500       1.561711      0.4432271      0.5214844    
        4060  0.8750000      0.8403125       1.507948      0.4528109      0.5125432    
        4080   1.000000      0.8614375       1.674435      0.4359308      0.5027549    
        4100  0.8750000      0.8397375       1.548788      0.4530660      0.5145911    
        4120   1.000000      0.8659875       1.482814      0.4381262      0.5422405    
        4140  0.8750000      0.8081875       1.546795      0.4487708      0.5185986    
        4160  0.9375000      0.9159375       2.136320      0.4441680      0.5038928    
        4180  0.8750000      0.8428500       1.458335      0.4259070      0.5096420    
        4200  0.9375000      0.8593875       1.461647      0.4215968      0.5092773    
        4220   1.000000      0.8551750       1.313390      0.4053099      0.5101010    
        4240  0.9375000      0.9148875       1.712262      0.4150289      0.4727509    
        4260   1.000000      0.8477250       1.009309      0.4254602      0.4995409    
        4280   1.000000      0.9695250       1.332108      0.4540083      0.5063477    
        4300  0.8750000      0.8458500       1.375144      0.4247158      0.4926758    
        4320   1.000000      0.9148625       1.505506      0.4297113      0.5194638    
        4340   1.000000      0.8456500       1.069668      0.4444677      0.5486391    
        4360   1.000000      0.9677750       1.429850      0.4452693      0.5405827    
        4380   1.000000      0.8481375       1.360747      0.4409993      0.4995408    
        4400   1.000000      0.9543375       1.373559      0.4567980      0.5169231    
        4420   1.000000      0.8716000       1.177815      0.4472128      0.5211834    
        4440   1.000000      0.9718000       1.124570      0.4534180      0.5234131    
        4460   1.000000      0.9672500       1.056382      0.4523332      0.5396398    
        4480   1.000000      0.9722375       1.006604      0.4768081      0.5377516    
        4500  0.8750000      0.8452750       1.251100      0.4358594      0.5036731    
        4520   1.000000      0.9726500       1.159519      0.4365587      0.5112305    
        4540   1.000000      0.9672125       1.046396      0.4237515      0.4918116    
        4560   1.000000      0.9687125       1.176643      0.4310762      0.5050888    
        4580   1.000000      0.9326500       1.007507      0.4318918      0.5083247    
        4600   1.000000      0.8870750       1.261366      0.4352789      0.5170898    
        4620   1.000000      0.8509125       1.467564      0.4189704      0.4869680    
        4640   1.000000      0.9728500       1.096290      0.4534355      0.5197634    
        4660   1.000000      0.9704625       1.063099      0.4306952      0.5055097    
        4680   1.000000      0.9717625       1.227026      0.4478295      0.5190312    
        4700   1.000000      0.9522375       1.129240      0.4507714      0.5173965    
        4720   1.000000      0.9700750       1.296160      0.4391285      0.5694444    
        4740   1.000000      0.9533750      0.9887368      0.4454247      0.5211937    
        4760   1.000000      0.9496375       1.278563      0.4435431      0.5324395    
        4780   1.000000      0.8783625       1.049523      0.4433643      0.5055096    
        4800   1.000000      0.9737750       1.034245      0.4826155      0.5552663    
        4820   1.000000      0.8472625       1.295035      0.4541617      0.5494445    
        4840  0.9375000      0.9171500       1.622326      0.4515763      0.5202367    
        4860  0.8750000      0.8469000      0.9565592      0.4573266      0.5239334    
        4880  0.9375000      0.8821250       1.464347      0.4463930      0.5156087    
        4900  0.8750000      0.8507250       1.472693      0.4350795      0.5047895    
        4920  0.8750000      0.8593750       1.429959      0.4562926      0.5330579    
        4940   1.000000      0.8676250       1.380499      0.4303033      0.5083008    
        4960  0.9375000      0.9165000       1.594376      0.4148573      0.4958428    
        4980   1.000000      0.8499250       1.519109      0.4455778      0.5013018    
        5000  0.9375000      0.8599250       1.479006      0.4462449      0.5649413    
        5020   1.000000      0.9343125       1.021827      0.4342147      0.5084024    
        5040  0.8750000      0.8601875       1.372869      0.4337850      0.5170898    
        5060  0.8750000      0.8456125       1.363528      0.3925304      0.4719926    
        5080  0.8750000      0.8599750       1.426150      0.4313977      0.5325987    
        5100   1.000000      0.9038875       1.191703      0.4454480      0.5411030    
        5120  0.9375000      0.9168000       1.548298      0.4304280      0.5175781    
        5140  0.8750000      0.8012125       1.522938      0.4315225      0.5223725    
        5160  0.9375000      0.9154125       1.760546      0.4200915      0.4814015    
        5180   1.000000      0.8524750       1.343301      0.4298875      0.5022486    
        5200  0.9750000      0.9180250       1.578066      0.4513744      0.5260772    
        5220  0.8750000      0.8067875       1.508471      0.4499174      0.5332985    
        5240  0.9375000      0.9165750       1.628589      0.4357249      0.5171695    
        5260  0.8750000      0.7892125       1.529907      0.4379684      0.5327148    
        5280  0.8750000      0.8607500       1.556484      0.4374005      0.5128090    
        5300  0.8750000      0.8335875       1.553296      0.4282883      0.5344378    
        5320  0.8750000      0.8592000       1.525998      0.4020001      0.4837491    
        5340  0.8750000      0.8438250       1.287870      0.4133507      0.5100780    
        5360  0.8750000      0.8563750       1.438650      0.4126264      0.4729110    
        5380  0.8750000      0.8451375       1.612778      0.3957947      0.5119666    
        5400  0.8750000      0.8606750       1.367774      0.4168070      0.5022956    
        5420  0.8750000      0.8542500       1.047222      0.4495005      0.5317382    
        5440  0.8750000      0.8595875       1.452505      0.4263234      0.5192899    
        5460  0.8750000      0.8435625       1.459870      0.4548161      0.5170653    
        5480  0.8750000      0.8605625       1.441614      0.4452972      0.5192153    
        5500  0.8750000      0.8382125       1.438231      0.4446950      0.5127779    
        5520   1.000000      0.8591500       1.334453      0.4589584      0.5261593    
        5540  0.8750000      0.7881750       1.489614      0.4753332      0.5572222    
        5560   1.000000      0.8595750       1.369357      0.4900570      0.5676529    
        5580  0.8750000      0.8437250       1.218920      0.4922590      0.5739730    
        5600   1.000000      0.8605375       1.462299      0.5034167      0.5786133    
        5620   1.000000      0.8780750       1.275130      0.4761839      0.5505555    
        5640  0.8750000      0.8577750       1.384343      0.4686075      0.5468262    
        5660   1.000000      0.8921375       1.222601      0.4595551      0.5343392    
        5680  0.8750000      0.8590625       1.437145      0.4627340      0.5604734    
        5700  0.8750000      0.8483375       1.552667      0.4105272      0.5055097    
        5720  0.8750000      0.8582250       1.524515      0.4274853      0.5143780    
        5740  0.8750000      0.8371625       1.555289      0.4402398      0.5368048    
        5760  0.8750000      0.8597125       1.538425      0.4539613      0.5458984    
        5780  0.8750000      0.8457250       1.564774      0.4481834      0.5270850    
        5800  0.8750000      0.8582000       1.443248      0.4589951      0.5434023    
        5820  0.8750000      0.8433125       1.454100      0.4575479      0.5371900    
        5840  0.8750000      0.8590375       1.508678      0.4605297      0.5391787    
        5860  0.8750000      0.8487000       1.465317      0.4285659      0.5156087    
        5880  0.9375000      0.8597250       1.494063      0.4449691      0.5522802    
        5900  0.8750000      0.8467750       1.232831      0.4502979      0.5627778    
        5920  0.8750000      0.8601500       1.463528      0.4689302      0.5663895    
        5940   1.000000      0.8435875       1.530595      0.4225911      0.5122222    
        5960  0.9375000      0.9183875       1.550064      0.4099196      0.4678604    
        5980  0.8750000      0.7959500       1.497080      0.4113538      0.4807307    
        6000  0.9375000      0.9148375       1.573905      0.3983434      0.4865226    
        6020  0.8750000      0.7895500       1.580072      0.4047846      0.4946747    
        6040  0.9375000      0.9156125       1.639677      0.4038515      0.4799804    
        6060  0.8750000      0.7936500       1.619160      0.4275301      0.5073242    
        6080  0.9375000      0.9138250       1.629335      0.4082127      0.4829102    
        6100  0.8750000      0.7979750       1.523148      0.4079203      0.4802290    
        6120  0.9375000      0.8961625       1.542937      0.4271840      0.5215420    
        6140  0.8750000      0.8431875       1.233811      0.4475872      0.5200303    
        6160  0.9375000      0.9155500       1.581745      0.4680552      0.5436179    
        6180  0.8750000      0.8486625       1.123836      0.4684120      0.5395421    
        6200  0.9375000      0.9160250       1.576703      0.4604872      0.5489074    
        6220  0.8750000      0.8526250       1.446321      0.4927137      0.5618544    
        6240  0.9375000      0.9147250       1.663746      0.4604966      0.5371094    
        6260   1.000000      0.8467375       1.398129      0.4446493      0.5185986    
        6280   1.000000      0.9709375       1.020998      0.5018365      0.5582535    
        6300   1.000000      0.9668125      0.8428310      0.4798568      0.5336357    
        6320  0.9750000      0.8602500       1.452268      0.4857841      0.5675741    
        6340   1.000000      0.8844375       1.298452      0.4591303      0.5234376    
        6360  0.8750000      0.8606125       1.436114      0.4630831      0.5648778    
        6380  0.8750000      0.8469500       1.462057      0.4520155      0.5394858    
        6400  0.9375000      0.9168125       1.619565      0.4578777      0.5466696    
        6420  0.8750000      0.8242000       1.443475      0.4367353      0.5137740    
        6440  0.9375000      0.9110125       1.888206      0.4335099      0.4949878    
        6460   1.000000      0.8470000       1.268752      0.4157771      0.4793389    
        6480   1.000000      0.9741750       1.337363      0.4587664      0.5248385    
        6500  0.8750000      0.8477875       1.213346      0.4484120      0.5341396    
        6520   1.000000      0.9740375       1.433927      0.4502523      0.5004884    
        6540  0.8750000      0.8381000       1.516615      0.4362718      0.5078053    
        6560   1.000000      0.9707125       1.433330      0.4656830      0.5339761    
        6580  0.8750000      0.8494000       1.370159      0.4528073      0.5146924    
        6600   1.000000      0.9749000       1.603095      0.4646099      0.5714285    
        6620  0.8750000      0.8456250       1.041776      0.4592409      0.5341396    
        6640   1.000000      0.9733000       1.826676      0.4528731      0.5326526    
        6660  0.8750000      0.8432000       1.245899      0.4580945      0.5192838    
        6680   1.000000      0.9678500       1.940239      0.4568689      0.5229239    
        6700  0.8750000      0.8442250       1.631751      0.4393543      0.5004327    
        6720   1.000000      0.9314750       1.553350      0.4366078      0.5514793    
        6740  0.8750000      0.8511000       1.038366      0.4390283      0.5000001    
        6760   1.000000      0.9708000       1.627215      0.4369844      0.5064880    
        6780  0.8750000      0.8488750      0.9324530      0.4453656      0.5096419    
        6800   1.000000      0.8639625       1.494435      0.4563148      0.5606061    
        6820  0.8750000      0.8518375      0.8854249      0.4608771      0.5588310    
        6840  0.9750000      0.9067125       1.674030      0.4310383      0.4757784    
        6860  0.8750000      0.7909625       1.537838      0.4288448      0.5014648    
        6880  0.9375000      0.9170125       1.626343      0.4189234      0.4956056    
        6900  0.8750000      0.8450000       1.549713      0.4213851      0.4936524    
        6920  0.9375000      0.9178000       1.656673      0.4106229      0.4672853    
        6940  0.8750000      0.7924375       1.506681      0.4193633      0.5126626    
        6960  0.9375000      0.9166125       1.546781      0.4304894      0.5234130    
        6980  0.8750000      0.8047125       1.489590      0.4285827      0.5390624    
        7000  0.9375000      0.9171500       1.572823      0.4270835      0.4969723    
        7020   1.000000      0.8489000       1.045364      0.4300486      0.4966407    
        7040   1.000000      0.8605125       1.487560      0.4318599      0.5288086    
        7060  0.8750000      0.8439875       1.463538      0.3739893      0.4989351    
        7080  0.8750000      0.8605250       1.365833      0.3971392      0.4973546    
        7100  0.8750000      0.8346375       1.549445      0.3767452      0.4972154    
        7120  0.8750000      0.8599000       1.451682      0.3810960      0.4602076    
        7140  0.8750000      0.8472500       1.127055      0.3748033      0.4677735    
        7160  0.8750000      0.8626000       1.307643      0.4070344      0.4874567    
        7180  0.8750000      0.8425875       1.324537      0.3991345      0.4719527    
        7200  0.9375000      0.8759375       1.400897      0.4322697      0.5049133    
        7220  0.8750000      0.8194750       1.321495      0.4461795      0.5249024    
        7240   1.000000      0.8609250       1.384748      0.4326696      0.5059209    
        7260  0.8750000      0.8500625      0.8278040      0.4413880      0.5374609    
        7280   1.000000      0.8800750       1.312509      0.4615246      0.5218522    
        7300  0.8750000      0.8425625       1.234923      0.4287302      0.5059209    
        7320   1.000000      0.9039375       1.391703      0.4251720      0.5140479    
        7340  0.8750000      0.8415750       1.433496      0.4483952      0.5416983    
        7360   1.000000      0.9602375       1.448481      0.4283848      0.5284665    
        7380  0.8750000      0.8411000       1.383206      0.4273043      0.5114464    
        7400   1.000000      0.9739750       1.487554      0.4141339      0.5009183    
        7420  0.8750000      0.8491250       1.521609      0.4223362      0.4917355    
        7440   1.000000      0.9604375       1.600711      0.4426813      0.5327149    
        7460  0.8750000      0.8518125       1.329354      0.4227375      0.4926538    
        7480   1.000000      0.9722500       1.454386      0.4418316      0.5250693    
        7500  0.8750000      0.8469500       1.012421      0.4396546      0.5174472    
        7520   1.000000      0.9708625       1.641798      0.4161367      0.4885216    
        7540  0.8750000      0.8496000       1.051844      0.4208822      0.4907226    
        7560   1.000000      0.9656875       1.894856      0.4293383      0.4969723    
        7580  0.8750000      0.8525875       1.452681      0.4103450      0.5161133    
        7600   1.000000      0.9742750       1.685192      0.4097809      0.4869682    
        7620  0.8750000      0.8500625       1.254844      0.4283332      0.5126628    
        7640   1.000000      0.9747000       1.425925      0.4338013      0.4978374    
        7660  0.8750000      0.8442875       1.352239      0.4400146      0.5578512    
        7680   1.000000      0.9746125       1.434474      0.4708308      0.5401865    
        7700  0.8750000      0.8407125       1.091318      0.4516709      0.5282841    
        7720   1.000000      0.9731500       1.371624      0.4616880      0.5571598    
        7740  0.8750000      0.8496500      0.9842370      0.4546950      0.5249704    
        7760  0.8750000      0.8621000       1.393025      0.4457031      0.5375977    
        7780  0.8750000      0.8493375       1.368044      0.4397746      0.5127653    
        7800   1.000000      0.9112125       1.332388      0.4621462      0.5447449    
        7820  0.8750000      0.8473875       1.007348      0.4394429      0.5360529    
        7840   1.000000      0.9578625       1.353788      0.4418730      0.5478668    
        7860  0.8750000      0.8487625       1.345379      0.4533534      0.5405273    
        7880  0.9375000      0.9177750       1.666853      0.4157527      0.5183654    
        7900  0.8750000      0.8450250      0.9015373      0.4373462      0.4936523    
        7920   1.000000      0.9771750       1.549086      0.4530140      0.5073463    
        7940  0.8750000      0.8388625      0.9221029      0.4636768      0.5180664    
        7960   1.000000      0.9632500       1.555525      0.4404468      0.5243343    
        7980  0.8750000      0.8482750       1.084988      0.4394478      0.4858399    
        8000   1.000000      0.8607500       1.321866      0.4539761      0.5488282    
        8020  0.8750000      0.8491250      0.9927664      0.4376520      0.5296045    
        8040  0.8750000      0.8596625       1.525366      0.4639201      0.5368047    
        8060  0.8750000      0.8452125       1.504931      0.4200989      0.4822665    
        8080   1.000000      0.9200250       1.976081      0.4660981      0.5291005    
        8100  0.8750000      0.8493625       1.634905      0.4192456      0.4913610    
        8120   1.000000      0.8998375       1.661244      0.4256963      0.5059209    
        8140  0.8750000      0.8511250      0.9137023      0.4199641      0.4906348    
        8160   1.000000      0.9229000       1.572182      0.4320085      0.5114637    
        8180  0.8750000      0.8229250       1.096367      0.4309897      0.5012252    
        8200   1.000000      0.9611250       1.852098      0.4181555      0.4848159    
        8220  0.8750000      0.8335750       1.527968      0.4023666      0.4842604    
        8240   1.000000      0.9719125       1.192895      0.4385848      0.5126628    
        8260   1.000000      0.9657750       1.192929      0.4224933      0.4779615    
        8280   1.000000      0.9730625       1.229566      0.4539155      0.5328580    
        8300   1.000000      0.9675375       1.147339      0.4316333      0.4900519    
        8320   1.000000      0.9652875       1.183888      0.4620051      0.5399449    
        8340   1.000000      0.9569500      0.8858385      0.4707480      0.5161132    
        8360   1.000000      0.9347125       1.263412      0.4722664      0.5502930    
        8380  0.8750000      0.8494500       1.353761      0.4424206      0.5009181    
        8400  0.8750000      0.8593750       1.454903      0.4448459      0.5395421    
        8420   1.000000      0.8661375       1.360344      0.4351284      0.5137742    
        8440   1.000000      0.9721250       1.347193      0.4326332      0.4912766    
        8460  0.8750000      0.8470875       1.076707      0.4561443      0.5137742    
        8480   1.000000      0.9388750       1.424528      0.4340877      0.5353537    
        8500  0.8750000      0.8484375       1.082042      0.4486082      0.5043945    
        8520   1.000000      0.9706500       1.321702      0.4480390      0.4972451    
        8540  0.8750000      0.8440250       1.296971      0.4539042      0.5419922    
        8560   1.000000      0.9641625       1.537793      0.5204628      0.6072059    
        8580  0.8750000      0.8472250       1.224387      0.4978908      0.5732545    
        8600   1.000000      0.9690500       1.476608      0.4704348      0.5311242    
        8620  0.8750000      0.8466000       1.412055      0.4594368      0.5702480    
        8640   1.000000      0.9755125       1.490294      0.4593682      0.5090831    
        8660  0.8750000      0.8464750       1.198162      0.4473875      0.5336913    
        8680   1.000000      0.8780500       1.442194      0.4569522      0.5573192    
        8700  0.8750000      0.8524375      0.8554947      0.4599400      0.5550131    
        8720   1.000000      0.8697625       1.420207      0.4771037      0.5504684    
        8740  0.8750000      0.8540500      0.8495928      0.4996055      0.5624350    
        8760  0.8750000      0.8574000       1.481596      0.4915141      0.5771485    
        8780  0.8750000      0.8498750      0.8904509      0.5083129      0.5744017    
        8800  0.8750000      0.8583125       1.315115      0.4862867      0.5713609    
        8820  0.8750000      0.8432875       1.202771      0.4673941      0.5514648    
        8840   1.000000      0.9712125       1.453860      0.4888349      0.5477504    
        8860   1.000000      0.9589125      0.9527450      0.4720283      0.5332032    
        8880   1.000000      0.9709250       1.248346      0.4819865      0.5394858    
        8900   1.000000      0.9043375       1.149334      0.4506588      0.5260771    
        8920   1.000000      0.9707875       1.251347      0.4582032      0.5254439    
        8940   1.000000      0.8408375       1.383612      0.4256190      0.5145913    
        8960   1.000000      0.9753750       1.365206      0.4246483      0.5078053    
        8980   1.000000      0.9015000       1.104961      0.4347695      0.5122070    
        9000   1.000000      0.9674500       1.223614      0.4570174      0.5281142    
        9020   1.000000      0.8587500       1.287314      0.4501930      0.5243930    
        9040   1.000000      0.9674625       1.243238      0.4532250      0.5282841    
        9060   1.000000      0.8835125       1.349139      0.4629324      0.5440772    
        9080   1.000000      0.9700000       1.187268      0.4859514      0.5675739    
        9100   1.000000      0.8557250       1.341261      0.4628525      0.5415385    
        9120   1.000000      0.9688625       1.136246      0.4892807      0.5779948    
        9140   1.000000      0.8646500       1.233195      0.4710363      0.5616667    
        9160   1.000000      0.9673875       1.288357      0.4645143      0.5353846    
        9180   1.000000      0.9683750       1.022908      0.4734332      0.5316199    
        9200   1.000000      0.9720625       1.402343      0.4788705      0.5489075    
        9220   1.000000      0.9666625      0.8814828      0.4703517      0.5268639    
        9240   1.000000      0.8860875       1.299738      0.4605423      0.5415038    
        9260   1.000000      0.8555375       1.201840      0.4725752      0.5670519    
        9280   1.000000      0.9460875       1.602707      0.4726163      0.5436180    
        9300  0.8750000      0.8514500       1.236758      0.4740308      0.5366211    
        9320   1.000000      0.9712000       1.457970      0.4910780      0.5478668    
        9340  0.8750000      0.8468250       1.268261      0.4472546      0.5122070    
        9360   1.000000      0.9102875       1.546028      0.4447386      0.5261750    
        9380  0.8750000      0.8368000       1.344288      0.4510687      0.5385742    
        9400   1.000000      0.9707625       1.596872      0.4232693      0.4843894    
        9420  0.8750000      0.8453125       1.355031      0.4265190      0.5004882    
        9440   1.000000      0.9737500       1.417318      0.4391200      0.5449955    
        9460  0.8750000      0.8500250       1.323231      0.4389086      0.5364204    
        9480  0.8750000      0.8609875       1.296724      0.4459989      0.5814421    
        9500  0.8750000      0.8360625       1.165200      0.4502293      0.5138887    
        9520  0.8750000      0.8611875       1.409392      0.4427932      0.5427059    
        9540  0.8750000      0.8479125       1.246308      0.4334719      0.4979188    
        9560  0.8750000      0.8599500       1.269474      0.4576782      0.5634754    
        9580  0.8750000      0.8452500       1.558935      0.4581462      0.5434319    
        9600  0.8750000      0.8580625       1.414569      0.4681879      0.5517762    
        9620  0.8750000      0.8451625       1.447013      0.4668154      0.5499479    
        9640  0.8750000      0.8586625       1.411299      0.4723313      0.5666666    
        9660  0.8750000      0.8442375       1.409888      0.4449411      0.5431842    
        9680  0.8750000      0.8607375       1.437029      0.4638763      0.5608466    
        9700  0.8750000      0.8497500       1.026875      0.4410641      0.5328720    
        9720  0.9375000      0.9138250       1.654399      0.4436000      0.5210381    
        9740   1.000000      0.8455625       1.539232      0.4518391      0.5000001    
        9760  0.9375000      0.9173750       1.614852      0.4378237      0.4998816    
        9780   1.000000      0.8485125       1.348347      0.4487811      0.5170899    
        9800   1.000000      0.9614500       1.401703      0.4897944      0.5500593    
        9820   1.000000      0.9686125      0.8567487      0.4802406      0.5249706    
        9840   1.000000      0.9658875       1.142932      0.4847432      0.5659180    
        9860   1.000000      0.9657250      0.8491595      0.4917983      0.5732544    
        9880   1.000000      0.9089375       1.379707      0.4988557      0.5466696    
        9900   1.000000      0.9681750       1.223416      0.4633715      0.5159278    
        9920   1.000000      0.9708000       1.085121      0.4907705      0.5618934    
        9940   1.000000      0.9652500       1.049829      0.4785426      0.5590532    
        9960   1.000000      0.9670875       1.211603      0.5032398      0.5743802    
        9980   1.000000      0.9580875       1.048858      0.4760585      0.5522802    
       10000   1.000000      0.9698125       1.204370      0.5090894      0.5743802    
       10020   1.000000      0.8503500       1.433451      0.4543390      0.5212743    
       10040   1.000000      0.9745625       1.065183      0.4909233      0.5717772    
       10060   1.000000      0.9215375       1.065737      0.4762617      0.5466697    
       10080   1.000000      0.8810750       1.370664      0.4793875      0.5816856    
       10100   1.000000      0.8474750       1.477163      0.4681257      0.5462241    
       10120   1.000000      0.9695750       1.142409      0.5489092      0.6026036    
       10140   1.000000      0.9680625       1.123688      0.4973741      0.5709246    
       10160   1.000000      0.9738750       1.212509      0.5194030      0.6020509    
       10180   1.000000      0.8856500       1.342093      0.4953817      0.5675894    
       10200   1.000000      0.9567125       1.141781      0.5375375      0.5816856    
       10220   1.000000      0.9314750       1.279012      0.4859670      0.5424853    
       10240   1.000000      0.9705750       1.221785      0.5031278      0.5822060    
       10260   1.000000      0.8638375       1.300278      0.4797842      0.5532229    
       10280   1.000000      0.9682750       1.043863      0.5038261      0.5716195    
       10300   1.000000      0.8564750       1.388889      0.4740756      0.5336357    
       10320   1.000000      0.9599875       1.190960      0.4890493      0.5569331    
       10340   1.000000      0.9685625      0.9844821      0.4323297      0.5034528    
       10360   1.000000      0.9736750       1.147417      0.5068647      0.5826445    
       10380   1.000000      0.9681250       1.171167      0.4818186      0.5552663    
       10381  0.7500000      0.5209125       1.168751      0.4832426      0.5552663    
       10382  0.7500000      0.5700500       1.182157      0.4840127      0.5552663    
       10383  0.7500000      0.6354875       1.211691      0.4834748      0.5552663    
       10384  0.8125000      0.6973125       1.194195      0.4885423      0.5552663    
       10385   1.000000      0.7350625       1.155214      0.4975311      0.5673974    
       10386   1.000000      0.7466500       1.117661      0.5021135      0.5709246    
       10387   1.000000      0.7499625       1.113171      0.5010979      0.5879294    
       10388   1.000000      0.7535500       1.116531      0.4997303      0.5869821    
       10389   1.000000      0.7644000       1.135733      0.4982444      0.5836685    
       10390   1.000000      0.7821500       1.175786      0.4951451      0.5893556    
       10391   1.000000      0.8178000       1.271519      0.4914990      0.6046864    
       10392   1.000000      0.8624625       1.365086      0.4891633      0.5783333    
       10393   1.000000      0.8985375       1.386227      0.4926155      0.5775148    
       10394   1.000000      0.9269500       1.360790      0.4993299      0.5775148    
       10395   1.000000      0.9459750       1.349613      0.5010989      0.5775148    
       10396   1.000000      0.9572625       1.315674      0.4938396      0.5775148    
       10397   1.000000      0.9644125       1.285134      0.4851141      0.5775148    
       10398   1.000000      0.9703375       1.267728      0.4805849      0.5917159    
       10399   1.000000      0.9691625       1.264786      0.4805132      0.6083984    
       10400   1.000000      0.9704375       1.262740      0.4797890      0.6083984    
       10401   1.000000      0.9671375       1.264972      0.4796934      0.6155046    
       10402   1.000000      0.9685000       1.267069      0.4784186      0.5775148    
       10403   1.000000      0.9725750       1.268351      0.4778451      0.5775148    
       10404   1.000000      0.9652875       1.268758      0.4783261      0.5855379    
       10405   1.000000      0.9697125       1.274788      0.4764783      0.6031746    
       10406   1.000000      0.9714750       1.273980      0.4760557      0.6031746    
       10407   1.000000      0.9657625       1.280100      0.4743928      0.6072060    
       10408   1.000000      0.9690875       1.270474      0.4753704      0.6031746    
       10409   1.000000      0.9690625       1.271467      0.4746607      0.6182919    
       10410   1.000000      0.9683000       1.271149      0.4746151      0.5928514    
       10411   1.000000      0.9674250       1.265836      0.4737400      0.5928514    
       10412   1.000000      0.9692875       1.266089      0.4749286      0.5928514    
       10413   1.000000      0.9695625       1.268279      0.4751245      0.5928514    
       10414   1.000000      0.9677500       1.265928      0.4755967      0.5928514    
       10415   1.000000      0.9674125       1.262881      0.4756743      0.5928514    
       10416   1.000000      0.9674000       1.267385      0.4756296      0.5775148    
       10417   1.000000      0.9719125       1.263534      0.4759892      0.5775148    
       10418   1.000000      0.9697125       1.263429      0.4764024      0.5775148    
       10419   1.000000      0.9703750       1.265325      0.4764330      0.5677779    
       10420   1.000000      0.9703125       1.261662      0.4773493      0.5822484    
       10421   1.000000      0.9695875       1.261503      0.4771211      0.5653821    
       10422   1.000000      0.9700250       1.260648      0.4760951      0.5653821    
       10423   1.000000      0.9671125       1.262933      0.4756113      0.5653821    
       10424   1.000000      0.9665000       1.271154      0.4750322      0.5934505    
       10425   1.000000      0.9688500       1.264610      0.4750393      0.5653821    
       10426   1.000000      0.9708500       1.258989      0.4762150      0.5618936    
       10427   1.000000      0.9711125       1.260350      0.4757593      0.5618936    
       10428   1.000000      0.9697125       1.256523      0.4763566      0.5618936    
       10429   1.000000      0.9673375       1.250270      0.4767681      0.5633659    
       10430   1.000000      0.9699000       1.249471      0.4781323      0.5543196    
       10431   1.000000      0.9717250       1.258966      0.4773401      0.5578079    
       10432   1.000000      0.9674625       1.247139      0.4778232      0.5578079    
       10433   1.000000      0.9714750       1.255525      0.4778880      0.5590532    
       10434   1.000000      0.9689500       1.251429      0.4773200      0.5595270    
       10435   1.000000      0.9718375       1.257899      0.4762104      0.5713519    
       10436   1.000000      0.9721000       1.260788      0.4761384      0.5713519    
       10437   1.000000      0.9658750       1.265112      0.4759090      0.5609468    
       10438   1.000000      0.9686750       1.253975      0.4768530      0.5609468    
       10439   1.000000      0.9678375       1.249207      0.4776596      0.5734017    
