          20  0.7500000      0.6950375       1.248789      0.4182990      0.4928783    
          40  0.8125000      0.8042500       1.244417      0.4367739      0.5417899    
          60  0.8125000      0.7326625      0.9600691      0.4407317      0.5280092    
          80  0.8750000      0.8600125       1.340563      0.4202320      0.5014780    
         100  0.8125000      0.7334250      0.4112235      0.4209479      0.4964091    
         120  0.8750000      0.8656000       1.251680      0.4522566      0.5239874    
         140  0.8750000      0.7906625       1.028505      0.4363729      0.5101983    
         160  0.8750000      0.8652500       1.315227      0.4403667      0.5375206    
         180  0.8125000      0.7753125       1.031611      0.4292831      0.5239334    
         200  0.8750000      0.8659125       1.413766      0.4158303      0.4863259    
         220  0.8125000      0.7440625      0.5147951      0.4523156      0.5395001    
         240   1.000000      0.8793250       1.565401      0.4321823      0.5245902    
         260  0.8125000      0.7466250      0.6932222      0.4427473      0.5761892    
         280  0.8750000      0.8622875       1.838458      0.4234460      0.5119667    
         300  0.8125000      0.7381875      0.9909779      0.4193266      0.4878593    
         320  0.9375000      0.8624625       1.782617      0.4312984      0.5361112    
         340  0.8125000      0.7496500       1.234834      0.4256671      0.5225497    
         360  0.8750000      0.8628625       1.779569      0.4231879      0.5060354    
         380  0.8750000      0.7907500      0.9885927      0.4673776      0.5138403    
         400  0.8750000      0.8640875       1.607813      0.4605360      0.5437139    
         420  0.8125000      0.7401000      0.6207244      0.4668952      0.5785692    
         440  0.8750000      0.8626875       1.956507      0.4591909      0.5450000    
         460  0.8750000      0.7868625       1.495187      0.4470954      0.5520291    
         480  0.8750000      0.8643875       1.775824      0.4333597      0.5146924    
         500  0.8750000      0.7811250       1.372243      0.4144522      0.5159990    
         520  0.8750000      0.8621250       1.485566      0.4482808      0.5294276    
         540  0.8750000      0.7874375       1.357983      0.4550055      0.5255733    
         560  0.8750000      0.8627500       1.368457      0.4494687      0.5114639    
         580  0.8750000      0.7733500       1.067384      0.4084101      0.5124869    
         600  0.8750000      0.8621000       1.497857      0.4064195      0.4843894    
         620  0.8750000      0.7832625       1.539327      0.4079254      0.4728994    
         640  0.8750000      0.8608875       1.582547      0.4028755      0.4887504    
         660  0.8750000      0.8237000       1.147057      0.4299226      0.5149154    
         680  0.9375000      0.9198875       1.670408      0.4497750      0.4914235    
         700  0.8750000      0.8495750       1.005550      0.4385194      0.5136095    
         720  0.8750000      0.8603750       1.356850      0.4539850      0.5482397    
         740  0.8750000      0.8420375       1.506016      0.4468028      0.5547997    
         760   1.000000      0.9722000       1.459185      0.4313401      0.5102540    
         780  0.8750000      0.8443250       1.275725      0.4331667      0.5291363    
         800   1.000000      0.9731000       1.494588      0.4335496      0.4998887    
         820  0.8750000      0.8490750       1.291601      0.4377676      0.5325444    
         840   1.000000      0.9767375       1.448798      0.4461074      0.5346435    
         860  0.8750000      0.8418125       1.252575      0.4500574      0.5137003    
         880   1.000000      0.9431500       1.437465      0.4409444      0.5429585    
         900  0.8750000      0.8443625       1.405247      0.4217985      0.5151516    
         920  0.9875000      0.8968250       1.354209      0.4500709      0.5317382    
         940  0.8750000      0.8466000       1.569336      0.4697158      0.5635999    
         960   1.000000      0.9732000       1.183516      0.4997627      0.5497607    
         980  0.8750000      0.8473375       1.256522      0.4744818      0.5259172    
        1000   1.000000      0.9727500       1.213314      0.5028012      0.5654297    
        1020  0.8750000      0.8412625       1.105321      0.4931779      0.5815430    
        1040   1.000000      0.9684125       1.322321      0.4813778      0.5620117    
        1060  0.8750000      0.8446250       1.385639      0.4854340      0.5482489    
        1080   1.000000      0.9718500       1.315367      0.4780483      0.5553037    
        1100  0.8750000      0.8367250       1.173470      0.4887381      0.5648778    
        1120   1.000000      0.9715375       1.466076      0.4674801      0.5356513    
        1140  0.8750000      0.8435750       1.411106      0.4674206      0.5411110    
        1160   1.000000      0.9714375       1.293153      0.4769743      0.5536146    
        1180  0.8750000      0.8462250       1.302518      0.4356655      0.5238890    
        1200   1.000000      0.9698500       1.273385      0.4479766      0.5244443    
        1220  0.8750000      0.8448625       1.269012      0.4729294      0.5503896    
        1240   1.000000      0.9722250       1.226155      0.4568573      0.5729642    
        1260  0.8750000      0.8457625       1.168551      0.4525191      0.5444445    
        1280   1.000000      0.9726500       1.314770      0.4664631      0.5493148    
        1300  0.8750000      0.8458250       1.290915      0.4459767      0.5461111    
        1320   1.000000      0.9732625       1.166112      0.4946967      0.5671176    
        1340  0.8750000      0.8442000       1.092134      0.4907531      0.5905613    
        1360   1.000000      0.9717375       1.117126      0.4948180      0.5697190    
        1380  0.8750000      0.8474375       1.330326      0.4711647      0.5471649    
        1400   1.000000      0.9736500       1.197331      0.4760348      0.5686643    
        1420  0.8750000      0.8438375       1.115994      0.4572317      0.5395421    
        1440   1.000000      0.9719375       1.142333      0.4706823      0.5389256    
        1460  0.8750000      0.8404625       1.245473      0.4741732      0.5567119    
        1480   1.000000      0.9656500       1.201286      0.4808358      0.5613943    
        1500  0.8750000      0.8470125      0.9700724      0.4732896      0.5459183    
        1520   1.000000      0.8678250       1.248996      0.4616616      0.5532226    
        1540  0.8750000      0.8427375       1.219545      0.4561629      0.5218523    
        1560   1.000000      0.8869000       1.227521      0.4400931      0.5749220    
        1580  0.8750000      0.8426750       1.077487      0.4584036      0.5369406    
        1600   1.000000      0.9722375       1.262629      0.4860898      0.5278320    
        1620  0.8750000      0.8439250       1.314712      0.4519019      0.5389256    
        1640   1.000000      0.9707750       1.265413      0.4706357      0.5358773    
        1660  0.8750000      0.8392125       1.278397      0.4362536      0.5498524    
        1680   1.000000      0.9677750       1.284647      0.4595755      0.5228930    
        1700  0.8750000      0.8476375      0.9314849      0.4412004      0.5127778    
        1720   1.000000      0.9675500       1.220753      0.4435988      0.5190430    
        1740  0.8750000      0.8079750       1.362569      0.4335557      0.5228382    
        1760   1.000000      0.9682750       1.320185      0.4234390      0.4936524    
        1780  0.8750000      0.8359750       1.454210      0.4320795      0.5027219    
        1800   1.000000      0.8656750       1.370250      0.4187302      0.4965681    
        1820  0.8750000      0.8453250       1.285359      0.4219632      0.4805160    
        1840   1.000000      0.8673625       1.316272      0.4273787      0.5043946    
        1860  0.8750000      0.8382625       1.350718      0.4123033      0.4807493    
        1880  0.9375000      0.8554750       1.482842      0.4330043      0.5187304    
        1900  0.8750000      0.8426125       1.353603      0.4378583      0.5137743    
        1920   1.000000      0.8719000       1.308361      0.4570473      0.5321395    
        1940  0.8750000      0.8384750       1.327429      0.4409226      0.5161290    
        1960   1.000000      0.8643625       1.359231      0.4384183      0.5547998    
        1980  0.8750000      0.8435375       1.339812      0.4200703      0.5124871    
        2000   1.000000      0.9718375       1.381580      0.4212114      0.4780274    
        2020  0.8750000      0.8485250       1.153260      0.4134232      0.4936523    
        2040   1.000000      0.9227875       1.439162      0.3980775      0.4540864    
        2060  0.8750000      0.8498250       1.175373      0.4162610      0.4887695    
        2080   1.000000      0.9434375       1.420304      0.4312013      0.5112304    
        2100  0.8750000      0.8463375       1.192818      0.4269708      0.5110193    
        2120   1.000000      0.9737625       1.458047      0.4097768      0.5022485    
        2140  0.8750000      0.8422875       1.539510      0.4432993      0.5125433    
        2160   1.000000      0.9665625       1.415044      0.4419185      0.5047895    
        2180  0.8750000      0.8413125       1.553558      0.4560093      0.5140828    
        2200   1.000000      0.9778625       1.501831      0.4568921      0.5234376    
        2220  0.8750000      0.8494375       1.277282      0.4345020      0.5102959    
        2240   1.000000      0.9739375       1.491746      0.4506015      0.5422406    
        2260  0.8750000      0.8396125       1.354071      0.4270893      0.4825128    
        2280   1.000000      0.9746500       1.389927      0.4491925      0.5092773    
        2300  0.8750000      0.8532625      0.9709440      0.4346889      0.5053508    
        2320   1.000000      0.9674750       1.342169      0.4468862      0.5111111    
        2340  0.8750000      0.8462875       1.256729      0.4531729      0.5244536    
        2360   1.000000      0.8953250       1.357298      0.4547514      0.5616666    
        2380  0.8750000      0.8447125       1.341387      0.4443581      0.5288085    
        2400   1.000000      0.8580250       1.159253      0.4568030      0.5527778    
        2420  0.8750000      0.8454375       1.308045      0.4632434      0.5199656    
        2440   1.000000      0.9699875       1.020452      0.4877615      0.5584603    
        2460  0.8750000      0.7826125      0.6202052      0.4853678      0.5607880    
        2480   1.000000      0.8612375       1.289505      0.4528103      0.5309156    
        2500  0.8750000      0.7607500      0.9571930      0.4598679      0.5817175    
        2520   1.000000      0.8649125       1.249032      0.4707585      0.5492567    
        2540  0.8750000      0.7946250       1.381021      0.4619617      0.5294445    
        2560   1.000000      0.8623625       1.401448      0.4520973      0.5608741    
        2580  0.8750000      0.8376000       1.414719      0.4189028      0.5090830    
        2600   1.000000      0.8575375       1.451634      0.4248989      0.5091825    
        2620  0.8750000      0.8439125       1.397220      0.4151532      0.4874568    
        2640  0.8750000      0.8598000       1.426444      0.4182215      0.5135277    
        2660  0.8750000      0.8473250       1.279074      0.4175633      0.5034528    
        2680   1.000000      0.9744250       1.639175      0.4224974      0.5169232    
        2700  0.8750000      0.8401875       1.489968      0.4317924      0.4892578    
        2720   1.000000      0.9705500       1.476343      0.4261378      0.4967862    
        2740  0.8750000      0.8458875       1.421085      0.4193698      0.4954332    
        2760   1.000000      0.9736750       1.396964      0.4358447      0.5029297    
        2780  0.8750000      0.8368750       1.304507      0.4547445      0.4936524    
        2800   1.000000      0.9732250       1.408398      0.4403289      0.4885783    
        2820  0.8750000      0.8424375       1.325230      0.4503502      0.5139834    
        2840   1.000000      0.9726000       1.800463      0.4317141      0.4926471    
        2860  0.8750000      0.8403375       1.443244      0.4440812      0.5112457    
        2880   1.000000      0.8712750       1.513923      0.4389999      0.5633661    
        2900  0.8750000      0.8396625       1.470075      0.4028321      0.4848486    
        2920  0.8750000      0.8591500       1.507614      0.4196544      0.5144872    
        2940  0.8750000      0.8377375       1.488293      0.4237580      0.5064248    
        2960   1.000000      0.9740875       1.540616      0.4424323      0.4903582    
        2980  0.8750000      0.8388875       1.370188      0.4380158      0.5064881    
        3000   1.000000      0.9700750       1.588388      0.4591769      0.5215421    
        3020  0.8750000      0.8502125       1.182680      0.4672315      0.5331900    
        3040   1.000000      0.9748375       1.809106      0.4474440      0.5278320    
        3060  0.8750000      0.8487250       1.137199      0.4598466      0.5151367    
        3080   1.000000      0.9754625       1.478752      0.4452927      0.5240527    
        3100  0.8750000      0.8428500       1.495160      0.4325432      0.5260770    
        3120   1.000000      0.9742625       1.347102      0.4354397      0.4936523    
        3140  0.8750000      0.8469875       1.236830      0.4132533      0.4895145    
        3160   1.000000      0.9731875       1.606830      0.4422383      0.5502930    
        3180  0.8750000      0.8492500       1.280783      0.4658924      0.5581055    
        3200   1.000000      0.9746875       1.908722      0.4484775      0.5581055    
        3220  0.8750000      0.8386750       1.490943      0.4244502      0.5059209    
        3240   1.000000      0.9347125       2.033488      0.4515548      0.5192900    
        3260  0.8750000      0.8418875       1.734137      0.4462855      0.5161132    
        3280   1.000000      0.9727375       2.183605      0.4476911      0.5133150    
        3300  0.8750000      0.8460750       1.514448      0.4408105      0.5089443    
        3320   1.000000      0.9752500       2.162922      0.4400075      0.4975148    
        3340  0.8750000      0.8349250       1.484686      0.4210415      0.4819336    
        3360   1.000000      0.9760000       1.879066      0.4139834      0.4887696    
        3380  0.8750000      0.8469125       1.155203      0.4118519      0.4788062    
        3400  0.8750000      0.8656375       1.352481      0.4330469      0.5146924    
        3420  0.8750000      0.8230375       1.198276      0.4268346      0.4735286    
        3440  0.8750000      0.8624750       1.477873      0.4438202      0.5369524    
        3460  0.8750000      0.8159625       1.276953      0.4481090      0.5131361    
        3480  0.8750000      0.8632250       1.401789      0.4342763      0.5221653    
        3500  0.8750000      0.8456000       1.196026      0.4225082      0.4802851    
        3520  0.8750000      0.8633875       1.412746      0.4361025      0.5171696    
        3540  0.8750000      0.8322000       1.352157      0.4402668      0.5219027    
        3560  0.8750000      0.8624875       1.427882      0.4452548      0.5260146    
        3580  0.8750000      0.8379625       1.347112      0.4545912      0.5405826    
        3600  0.8750000      0.8626875       1.328367      0.4579139      0.5558075    
        3620  0.8750000      0.8384750       1.246562      0.4293262      0.5311242    
        3640  0.8750000      0.8615125       1.604998      0.4393438      0.5346680    
        3660  0.8750000      0.8333875       1.655859      0.4338643      0.5038985    
        3680   1.000000      0.9673875       1.544234      0.4731367      0.5366211    
        3700  0.8750000      0.8402000       1.219128      0.4710425      0.5364203    
        3720   1.000000      0.8616625       1.345842      0.4673667      0.5722223    
        3740  0.8750000      0.8483125      0.9548007      0.4811090      0.5467373    
        3760  0.8750000      0.8609625       1.402977      0.4569079      0.5444336    
        3780  0.8750000      0.8498500       1.189311      0.4701273      0.5364149    
        3800  0.8750000      0.8587000       1.389066      0.4800937      0.5961110    
        3820  0.8750000      0.8506875      0.9790223      0.4751191      0.5475624    
        3840   1.000000      0.8714625       1.275087      0.4868000      0.5665973    
        3860  0.8750000      0.8518750      0.9208994      0.4882717      0.5511110    
        3880  0.8750000      0.8638625       1.339683      0.4791399      0.5665144    
        3900  0.8750000      0.8057875       1.306221      0.4598217      0.5377779    
        3920  0.8750000      0.8608375       1.362250      0.4659530      0.5544444    
        3940  0.8750000      0.8467250       1.394949      0.4624270      0.5917765    
        3960  0.9375000      0.8609875       1.406600      0.4719755      0.5717773    
        3980  0.8750000      0.8457500       1.465655      0.4522344      0.5260773    
        4000  0.8750000      0.8610125       1.446591      0.4760468      0.5553036    
        4020  0.8750000      0.8428250       1.506403      0.4742158      0.6067020    
        4040  0.9375000      0.9141000       1.544902      0.4682198      0.5532879    
        4060  0.8750000      0.8004500       1.480823      0.4827348      0.5482490    
        4080  0.9375000      0.9156125       1.589959      0.4606153      0.5258788    
        4100  0.8750000      0.7974375       1.446527      0.4744188      0.5514647    
        4120  0.9375000      0.9176625       1.652404      0.4467665      0.5127653    
        4140  0.8750000      0.7919250       1.532585      0.4522476      0.5235151    
        4160  0.9375000      0.9147250       1.624157      0.4514738      0.5228927    
        4180  0.8750000      0.7887750       1.437946      0.4476785      0.5251365    
        4200  0.9375000      0.9159000       1.624418      0.4536775      0.5343292    
        4220  0.8750000      0.7870250       1.449583      0.4473000      0.5494446    
        4240  0.9375000      0.9164750       1.711063      0.4287982      0.4960946    
        4260  0.8750000      0.7962750       1.472249      0.4599292      0.5321150    
        4280  0.9375000      0.9175500       1.693138      0.4409160      0.4972453    
        4300  0.8750000      0.8260500       1.177911      0.4749202      0.5391024    
        4320  0.9375000      0.9167500       1.736932      0.4307861      0.5041623    
        4340  0.8750000      0.7924250       1.598797      0.4535836      0.5309156    
        4360  0.9375000      0.9122875       1.786595      0.4458373      0.4871005    
        4380  0.8750000      0.8157625       1.399482      0.4503688      0.5155556    
        4400  0.9750000      0.9163000       1.787856      0.4454546      0.5010406    
        4420  0.8125000      0.7885875       1.607171      0.4730290      0.5452255    
        4440  0.9375000      0.9177125       1.791577      0.4538331      0.5069287    
        4460  0.8750000      0.8074875       1.425653      0.4606209      0.5332987    
        4480  0.9875000      0.8901375       1.934790      0.4394287      0.5221654    
        4500  0.8750000      0.8096750       1.630292      0.4365257      0.5078055    
        4520  0.9750000      0.8719500       2.047979      0.4330494      0.5160035    
        4540  0.8750000      0.7902500       1.489362      0.4199046      0.4789485    
        4560  0.8750000      0.8615625       2.059281      0.4263986      0.5034180    
        4580  0.8125000      0.7851625       1.618864      0.4070313      0.4916993    
        4600  0.8750000      0.8596875       1.661190      0.4483541      0.5156087    
        4620  0.8750000      0.7855625       1.464778      0.4345444      0.5004883    
        4640  0.8750000      0.8452500       1.523945      0.4445505      0.5247934    
        4660  0.8125000      0.7806875       1.541526      0.4248558      0.4926538    
        4680  0.8750000      0.8615625       1.586194      0.4527255      0.5249023    
        4700  0.7500000      0.7346250      0.4947949      0.4393366      0.5532227    
        4720  0.8750000      0.8613375       1.328007      0.4229226      0.5036732    
        4740  0.8750000      0.7869375       1.335115      0.4384721      0.5053711    
        4760  0.8750000      0.8627500       1.323814      0.4539464      0.5412238    
        4780  0.8125000      0.7418000      0.7092260      0.4603079      0.5527841    
        4800  0.8750000      0.8631375       1.601333      0.4475663      0.5135276    
        4820  0.8125000      0.7887625       1.539105      0.4209486      0.4882843    
        4840  0.8750000      0.8601500       1.825318      0.4123065      0.4921876    
        4860  0.8125000      0.7843125       1.634481      0.4036735      0.4938889    
        4880  0.8750000      0.8611250       1.565119      0.4206888      0.5098225    
        4900  0.8750000      0.7972625       1.550317      0.4152693      0.5226036    
        4920  0.8750000      0.8633000       1.471408      0.4299944      0.5202903    
        4940  0.8750000      0.8435375       1.149170      0.4229414      0.4880409    
        4960  0.8750000      0.8622750       1.285390      0.4480065      0.5219727    
        4980  0.8750000      0.8411000       1.421782      0.4353697      0.5174472    
        5000  0.8750000      0.8559125       1.382472      0.4294068      0.5062435    
        5020  0.8750000      0.8364750       1.404178      0.4403035      0.5192837    
        5040   1.000000      0.9768375       1.874710      0.4267861      0.5004327    
        5060  0.8750000      0.7906125       1.651805      0.4180843      0.4798397    
        5080   1.000000      0.9703250       1.594236      0.4245088      0.4943771    
        5100  0.8750000      0.8477125       1.373925      0.4124319      0.4848632    
        5120   1.000000      0.9062750       1.817397      0.4328891      0.4796713    
        5140  0.8750000      0.8435875       1.709353      0.4274196      0.4989350    
        5160   1.000000      0.9716625       1.363166      0.4424427      0.5009182    
        5180  0.8750000      0.8521375       1.016212      0.4503374      0.5091827    
        5200   1.000000      0.9765875       1.223382      0.4564015      0.5240527    
        5220  0.8750000      0.8504000       1.118765      0.4638977      0.5520021    
        5240   1.000000      0.9731875       1.414409      0.4652219      0.5434571    
        5260  0.8750000      0.8506375      0.8026153      0.4498699      0.5183334    
        5280   1.000000      0.9743250       1.287581      0.4763925      0.5326525    
        5300  0.8750000      0.8412375       1.082635      0.4744021      0.5405826    
        5320   1.000000      0.9695750       1.288687      0.4693007      0.5440965    
        5340  0.8750000      0.8193750       1.206452      0.4479407      0.5240615    
        5360   1.000000      0.9709250       1.322792      0.4566601      0.5154952    
        5380  0.8750000      0.8506750      0.9341305      0.4473429      0.5151367    
        5400   1.000000      0.9735000       1.347069      0.4420065      0.5208117    
        5420  0.8750000      0.8459500       1.368803      0.4378649      0.5124964    
        5440   1.000000      0.9746250       1.720089      0.4402932      0.5096418    
        5460  0.8750000      0.8455125       1.402500      0.4427853      0.5256651    
        5480   1.000000      0.9609375       1.776994      0.4300148      0.5170898    
        5500  0.8750000      0.8487500       1.338120      0.4265304      0.4866852    
        5520   1.000000      0.8631625       1.391868      0.4421942      0.5161133    
        5540  0.8750000      0.8433125       1.380959      0.4425820      0.5034180    
        5560  0.9125000      0.8715875       1.849806      0.4478017      0.5296044    
        5580  0.8750000      0.8418250       1.696555      0.4306031      0.5311242    
        5600  0.8750000      0.8613500       1.685583      0.4535516      0.5252526    
        5620  0.8750000      0.8462875       1.574414      0.4267152      0.5050887    
        5640  0.8750000      0.8611500       1.370547      0.4362119      0.5258790    
        5660  0.8750000      0.8495000      0.9355574      0.4429762      0.4892920    
        5680  0.8750000      0.8606125       1.405630      0.4625346      0.5310401    
        5700  0.8750000      0.7858250       1.644655      0.4447148      0.5467456    
        5720  0.8750000      0.8616875       1.392261      0.4775634      0.5454102    
        5740  0.8750000      0.7873500       1.600570      0.4452349      0.5466695    
        5760  0.8750000      0.8636750       1.514470      0.4557342      0.5484518    
        5780  0.8750000      0.8271375       1.156975      0.4820729      0.5502928    
        5800  0.8750000      0.8623500       1.272470      0.4783274      0.5449954    
        5820  0.8750000      0.7858125       1.271101      0.4521844      0.5551508    
        5840  0.8750000      0.8630875       1.405993      0.4486392      0.5502930    
        5860  0.8750000      0.8462125      0.8425203      0.4464860      0.5416980    
        5880  0.8750000      0.8631875       1.285550      0.4505682      0.5249704    
        5900  0.8750000      0.8257000       1.024428      0.4320933      0.5114724    
        5920  0.8750000      0.8640500       1.318353      0.4421951      0.5240237    
        5940  0.8750000      0.8513875      0.8478925      0.4601305      0.5062435    
        5960  0.8750000      0.8610625       1.145591      0.4702120      0.5442177    
        5980  0.8750000      0.8451750       1.094914      0.4612251      0.5105814    
        6000  0.8750000      0.8614625       1.259402      0.4637982      0.5647337    
        6020  0.8750000      0.8403250       1.398918      0.4717226      0.5337492    
        6040  0.8750000      0.8623750       1.319671      0.4780614      0.5850340    
        6060  0.8750000      0.8474500       1.436072      0.4379269      0.5405826    
        6080   1.000000      0.8605625       1.465744      0.4374205      0.5299650    
        6100  0.8750000      0.8485375       1.563698      0.4239868      0.5136095    
        6120   1.000000      0.9029000       1.570989      0.4493725      0.5243342    
        6140  0.8750000      0.8518750       1.545289      0.4414601      0.5177337    
        6160  0.8750000      0.8603125       1.474151      0.4595788      0.5522463    
        6180  0.8750000      0.8525375       1.479420      0.4282390      0.5159279    
        6200  0.9375000      0.8594750       1.509641      0.4239014      0.5096903    
        6220  0.8750000      0.8469500       1.328339      0.4385623      0.4977043    
        6240  0.8750000      0.8611000       1.370988      0.4468763      0.5284666    
        6260   1.000000      0.8463875       1.283119      0.4450312      0.5089443    
        6280  0.9875000      0.8621625       1.380711      0.4564100      0.5385742    
        6300  0.8750000      0.8192375      0.8445801      0.4506319      0.5946931    
        6320  0.8750000      0.8600375       1.629667      0.4534664      0.5424805    
        6340  0.8750000      0.8485375      0.9540337      0.4547428      0.5129754    
        6360  0.9875000      0.8571875       1.417675      0.4598737      0.5391787    
        6380  0.8750000      0.8490500      0.8637872      0.4583991      0.5229493    
        6400   1.000000      0.8838875       1.353618      0.4708610      0.5576172    
        6420  0.8750000      0.8501500      0.8600273      0.4550270      0.5361551    
        6440   1.000000      0.9632125       1.717605      0.4197063      0.4731445    
        6460  0.8750000      0.8451125       1.234093      0.4220773      0.5220386    
        6480   1.000000      0.9161375       1.512901      0.4378430      0.4896414    
        6500  0.8750000      0.8524875      0.8392653      0.4563773      0.5391787    
        6520  0.9375000      0.8636875       1.484711      0.4681353      0.5610352    
        6540  0.8750000      0.8515625      0.9294614      0.4656762      0.5493165    
        6560   1.000000      0.9740750       1.496532      0.4608502      0.5344353    
        6580  0.8750000      0.8459250       1.120232      0.4373962      0.5275482    
        6600  0.9875000      0.8587125       1.670534      0.4354747      0.5385742    
        6620  0.8750000      0.8331875       1.488178      0.4509774      0.5424852    
        6640   1.000000      0.9636250       1.780290      0.4606717      0.5675739    
        6660  0.9375000      0.8462250       1.315534      0.4457755      0.5218523    
        6680   1.000000      0.9713875       1.818325      0.4623383      0.5391717    
        6700   1.000000      0.8494625       1.109853      0.4675811      0.5512695    
        6720   1.000000      0.9721125       1.781404      0.4815688      0.5367309    
        6740  0.8750000      0.8512375       1.347661      0.4758679      0.5541103    
        6760   1.000000      0.8646750       1.458901      0.4776241      0.5569330    
        6780  0.8750000      0.8398125       1.337954      0.4636768      0.5384949    
        6800   1.000000      0.9288875       1.821335      0.4697594      0.5452652    
        6820  0.8750000      0.8416875       1.177414      0.4906312      0.5708008    
        6840   1.000000      0.9084500       1.320413      0.5161331      0.5647382    
        6860  0.8750000      0.8428750       1.170784      0.5164239      0.6127384    
        6880  0.8750000      0.8638000       1.531231      0.4989926      0.5874024    
        6900  0.8750000      0.8454250       1.294871      0.4700876      0.5613943    
        6920  0.8750000      0.8621375       1.321625      0.4710891      0.5415385    
        6940  0.8750000      0.8410375       1.441295      0.4450187      0.5391787    
        6960  0.8750000      0.8617000       1.417965      0.4618160      0.5491277    
        6980  0.8750000      0.8401125       1.146729      0.4629230      0.5434319    
        7000   1.000000      0.8690000       1.479517      0.4586973      0.5504683    
        7020  0.8750000      0.8413250       1.123599      0.4751980      0.5639648    
        7040  0.8750000      0.8619250       1.248179      0.4573006      0.5505326    
        7060  0.8750000      0.8413250       1.258305      0.4357192      0.5155030    
        7080  0.8750000      0.8614625       1.328875      0.4426162      0.5261111    
        7100  0.8750000      0.8416750       1.106365      0.4451858      0.5190431    
        7120  0.9375000      0.8606375       1.587450      0.4397854      0.5583271    
        7140  0.8750000      0.8416000       1.281684      0.4369105      0.5161290    
        7160  0.8750000      0.8627375       1.523979      0.4266566      0.5353400    
        7180  0.8750000      0.8420625       1.467868      0.4272567      0.4972453    
        7200   1.000000      0.8805250       1.476484      0.4466162      0.5684115    
        7220  0.8750000      0.8369875       1.428529      0.4492830      0.5260772    
        7240  0.8750000      0.8614000       1.368681      0.4552590      0.5652072    
        7260  0.8750000      0.8490250       1.421542      0.4308919      0.5122070    
        7280  0.8750000      0.8611250       1.343082      0.4206451      0.4963579    
        7300  0.8750000      0.8372000       1.487167      0.4230314      0.4975148    
        7320   1.000000      0.9236000       1.552539      0.4145665      0.4790533    
        7340  0.8750000      0.8431000       1.406152      0.4146763      0.4967861    
        7360   1.000000      0.9560375       1.602960      0.4307992      0.4984616    
        7380  0.8750000      0.8472250      0.9243122      0.4734652      0.5613945    
        7400  0.8750000      0.8618625       1.325188      0.4494813      0.5144873    
        7420  0.8750000      0.8473375       1.203282      0.4340984      0.5159904    
        7440  0.8750000      0.8594625       1.348663      0.4431919      0.5361328    
        7460  0.8750000      0.8477000       1.358131      0.4284907      0.4742883    
        7480  0.8750000      0.8609625       1.467133      0.4453854      0.5255733    
        7500  0.8750000      0.8407375       1.192233      0.4218610      0.4819336    
        7520   1.000000      0.9376875       1.445353      0.4226622      0.4785155    
        7540  0.8750000      0.8412250       1.454265      0.4320349      0.5031952    
        7560   1.000000      0.9725750       1.559394      0.4300360      0.4951172    
        7580  0.8750000      0.8451250       1.340676      0.4336784      0.5090029    
        7600   1.000000      0.9728125       1.322790      0.4295318      0.5235152    
        7620   1.000000      0.8459625       1.256467      0.4335614      0.5073906    
        7640   1.000000      0.9625250       1.281615      0.4723137      0.5260145    
        7660  0.8750000      0.8418875       1.256415      0.4561158      0.5262026    
        7680   1.000000      0.9729125       1.502618      0.4535328      0.5112424    
        7700  0.8750000      0.8430875       1.151054      0.4491286      0.5136719    
        7720   1.000000      0.9733125       1.422585      0.4467745      0.5130072    
        7740  0.8750000      0.8484375      0.9696237      0.4600485      0.5249022    
        7760   1.000000      0.9770875       1.259922      0.4534456      0.5316806    
        7780   1.000000      0.8499875       1.410098      0.4290554      0.5134082    
        7800   1.000000      0.9764625       1.480034      0.4750594      0.5255190    
        7820   1.000000      0.9691750      0.9354753      0.4664325      0.5097657    
        7840   1.000000      0.9751250       1.302278      0.4739636      0.5449219    
        7860   1.000000      0.8820625       1.441051      0.4764235      0.5315745    
        7880   1.000000      0.9730500       1.446015      0.4931092      0.5523415    
        7900   1.000000      0.9611125      0.8964990      0.4741100      0.5442178    
        7920   1.000000      0.9384000       1.343236      0.4525269      0.5341696    
        7940   1.000000      0.8521250       1.434230      0.4509289      0.5234132    
        7960  0.9875000      0.9151750       1.597570      0.4663277      0.5078125    
        7980  0.8750000      0.8421250       1.566580      0.4510104      0.5043440    
        8000  0.9375000      0.9121250       1.555307      0.4757416      0.5355314    
        8020  0.8750000      0.8131375       1.513269      0.4695285      0.5537980    
        8040   1.000000      0.9726875       1.423834      0.4644303      0.5355313    
        8060  0.8750000      0.8502250       1.014171      0.4888200      0.5481657    
        8080   1.000000      0.9766625       1.392592      0.4692427      0.5486686    
        8100  0.8750000      0.8388875       1.233124      0.4822705      0.5541781    
        8120   1.000000      0.9753750       1.334625      0.4766760      0.5661158    
        8140  0.8750000      0.8466750       1.422693      0.4559586      0.5339644    
        8160   1.000000      0.9759750       1.524169      0.4429714      0.5287573    
        8180  0.8750000      0.8472250       1.342137      0.4442820      0.5192507    
        8200   1.000000      0.9704250       1.417086      0.4605824      0.5220386    
        8220  0.8750000      0.8424375       1.134665      0.4422691      0.5507686    
        8240   1.000000      0.9711250       1.390685      0.4535541      0.5114465    
        8260  0.8750000      0.8470625       1.339284      0.4380544      0.4928193    
        8280   1.000000      0.9741625       1.529240      0.4507952      0.5154951    
        8300  0.8750000      0.8533375       1.030197      0.4508664      0.5260770    
        8320   1.000000      0.9751500       1.491676      0.4353763      0.4936523    
        8340  0.8750000      0.8486250       1.304162      0.4304048      0.5160698    
        8360   1.000000      0.9737500       1.427209      0.4352837      0.5028976    
        8380  0.8750000      0.8483125       1.017073      0.4487451      0.5010406    
        8400   1.000000      0.9743500       1.322178      0.4821787      0.5542958    
        8420   1.000000      0.8449875       1.282607      0.4898783      0.5551507    
        8440   1.000000      0.9692625       1.586566      0.4681398      0.5699168    
        8460  0.8750000      0.8457750       1.182115      0.4528614      0.5447215    
        8480   1.000000      0.9723000       1.395289      0.4556332      0.5223725    
        8500  0.8750000      0.8480000       1.127000      0.4194483      0.5034013    
        8520   1.000000      0.8932875       1.712343      0.4209268      0.4960938    
        8540  0.8750000      0.8474375       1.000031      0.4002789      0.4761249    
        8560   1.000000      0.9724125       1.638476      0.3835534      0.4513315    
        8580  0.8750000      0.8517750      0.9578364      0.4001333      0.4683195    
        8600   1.000000      0.9580875       1.785360      0.4239738      0.4682558    
        8620  0.8750000      0.8455750       1.332148      0.4285060      0.5230770    
        8640   1.000000      0.8626125       1.437805      0.4322721      0.5410651    
        8660  0.8750000      0.8537000       1.496833      0.4397685      0.5009183    
        8680  0.8750000      0.8585750       1.432340      0.4440867      0.5477778    
        8700  0.8750000      0.8433000       1.316034      0.4399553      0.5024415    
        8720  0.9875000      0.8697875       1.353821      0.4562882      0.5416172    
        8740  0.8750000      0.8449875       1.267133      0.4476192      0.5077778    
        8760   1.000000      0.8684000       1.645828      0.4226384      0.5142734    
        8780   1.000000      0.8682000       1.376119      0.4429826      0.4965820    
        8800  0.9750000      0.9162750       1.701965      0.4109360      0.4669421    
        8820  0.8750000      0.8362125       1.499835      0.4294448      0.4913077    
        8840  0.9375000      0.9166125       1.665865      0.4076270      0.4863280    
        8860  0.8750000      0.7934625       1.537580      0.4307872      0.5176899    
        8880  0.9375000      0.9162375       1.644155      0.4165234      0.4899408    
        8900  0.8125000      0.7890250       1.436549      0.4297254      0.5019132    
        8920  0.9375000      0.9147125       1.619624      0.4163884      0.4950283    
        8940  0.8750000      0.8399375      0.9945305      0.4071418      0.5441674    
        8960  0.8750000      0.8601500       1.378824      0.4101754      0.4895942    
        8980  0.8750000      0.8510375      0.9851876      0.4152122      0.5229777    
        9000  0.8750000      0.8567000       1.549419      0.4291832      0.4963579    
        9020  0.8750000      0.8397625       1.561886      0.4025258      0.4716553    
        9040  0.8750000      0.8612000       1.299904      0.4227287      0.4965820    
        9060  0.8750000      0.8390625       1.254632      0.4207403      0.4811762    
        9080  0.8750000      0.8633750       1.232977      0.4317620      0.5145562    
        9100  0.8750000      0.8466875      0.8715951      0.4028502      0.4448242    
        9120  0.8750000      0.8616500       1.279450      0.4067911      0.5098224    
        9140  0.8750000      0.8467500      0.9022660      0.3773556      0.4575195    
        9160  0.8750000      0.8303000       1.492241      0.3999926      0.5017751    
        9180  0.8750000      0.8401000       1.391842      0.3695078      0.4412305    
        9200  0.8750000      0.8612375       1.357258      0.4062748      0.4742884    
        9220  0.8750000      0.8286250       1.488742      0.3943525      0.4550046    
        9240  0.8750000      0.8617000       1.199094      0.4146287      0.4866851    
        9260  0.8750000      0.8218125       1.166640      0.4406828      0.5036280    
        9280  0.8750000      0.8620625       1.440598      0.4375083      0.5084654    
        9300  0.8750000      0.8342625       1.105066      0.4514170      0.5079082    
        9320  0.9375000      0.8608000       1.281265      0.4677999      0.5230769    
        9340  0.8750000      0.8459000       1.325020      0.4544466      0.5108132    
        9360  0.8750000      0.8583250       1.447757      0.4529973      0.5532600    
        9380  0.8750000      0.8415875       1.770028      0.4415479      0.5145912    
        9400  0.9375000      0.8950000       1.593649      0.4607535      0.5401865    
        9420  0.8750000      0.8397125       1.365091      0.4517529      0.5301769    
        9440  0.8750000      0.8608625       1.489018      0.4580396      0.5416981    
        9460  0.8750000      0.8459625       1.675955      0.4539226      0.5417688    
        9480  0.8750000      0.8609750       1.514605      0.4631916      0.5719326    
        9500  0.8750000      0.8395500       1.621008      0.4594415      0.5336914    
        9520  0.9375000      0.9138500       1.756403      0.4465209      0.5434570    
        9540  0.8750000      0.7883750       1.619629      0.4638103      0.5294445    
        9560  0.9375000      0.9164250       1.869758      0.4537125      0.5151367    
        9580  0.8750000      0.7840875       1.646902      0.4603694      0.5427778    
        9600  0.9375000      0.9156500       1.690929      0.4306218      0.5116667    
        9620  0.8750000      0.8479375       1.211059      0.4712133      0.5364203    
        9640  0.9375000      0.8642250       1.455448      0.4605466      0.5677779    
        9660  0.8750000      0.8437750       1.487267      0.4449092      0.5391787    
        9680  0.8750000      0.8610875       1.472598      0.4576429      0.5827778    
        9700  0.8750000      0.8475250       1.431530      0.4487073      0.5546322    
        9720  0.8750000      0.8554125       1.444818      0.4694434      0.5820107    
        9740   1.000000      0.8508125       1.441881      0.4705907      0.5898226    
        9760  0.8750000      0.8588125       1.409296      0.4760711      0.5854491    
        9780   1.000000      0.8502250       1.341706      0.4793428      0.5772642    
        9800  0.8750000      0.8593375       1.451785      0.4784928      0.5738813    
        9820  0.8750000      0.8453625       1.517596      0.4581013      0.5376670    
        9840  0.8750000      0.8605875       1.477501      0.4633321      0.5618545    
        9860  0.8750000      0.8430875       1.556277      0.4730270      0.5344380    
        9880  0.8750000      0.8602000       1.530615      0.4739414      0.5622145    
        9900  0.8750000      0.8440125       1.472034      0.4513658      0.5410651    
        9920  0.8750000      0.8617000       1.500353      0.4586264      0.5627519    
        9940  0.8750000      0.8441125       1.521367      0.4840610      0.5463059    
        9960  0.8750000      0.8625250       1.488293      0.4860545      0.5651976    
        9980   1.000000      0.8496250       1.478330      0.4820978      0.5442178    
       10000  0.9375000      0.9170125       1.867050      0.4480934      0.5055096    
       10020  0.8750000      0.8015750       1.657993      0.4497011      0.5348024    
       10040  0.9375000      0.9161750       2.063833      0.4531844      0.5253906    
       10060  0.8750000      0.7873750       1.803538      0.4510614      0.5220459    
       10080  0.9375000      0.9130000       1.999136      0.4489161      0.5292307    
       10100  0.8750000      0.8028875       1.666194      0.4345274      0.5249022    
       10120  0.9375000      0.9173000       1.602849      0.4141772      0.4701558    
       10140  0.8750000      0.8365750       1.394550      0.4093106      0.4903581    
       10160  0.9375000      0.9151875       1.592856      0.3905969      0.4757785    
       10180  0.8750000      0.8443750       1.476556      0.4255476      0.4954087    
       10200  0.8750000      0.8585375       1.450444      0.4448826      0.5268555    
       10220  0.8750000      0.8447875       1.519949      0.4418557      0.5086506    
       10240  0.9375000      0.9127250       1.752210      0.4394293      0.4998885    
       10260  0.8750000      0.8509500       1.451262      0.4469155      0.5150883    
       10280  0.9375000      0.9158250       1.623666      0.4324047      0.5013018    
       10300  0.8750000      0.8501875       1.280240      0.4248748      0.5229492    
       10320  0.9125000      0.8600250       1.420450      0.4374366      0.5260146    
       10340   1.000000      0.8522875       1.447341      0.4192317      0.4831315    
       10360  0.9375000      0.9128625       1.606618      0.4047447      0.4614257    
       10380  0.8750000      0.7885000       1.594435      0.4063928      0.4816345    
       10400  0.9375000      0.9168750       1.627048      0.4290643      0.4794923    
       10420  0.8750000      0.8502625       1.452076      0.4265188      0.5073243    
       10440  0.9375000      0.9157625       1.692714      0.4173519      0.4825528    
       10460  0.8750000      0.8326500       1.560407      0.4437365      0.4951171    
       10480  0.9375000      0.9145125       1.608252      0.4300952      0.5055099    
       10500  0.8750000      0.8491250       1.446563      0.4368867      0.5444336    
       10520  0.9375000      0.9167875       1.632757      0.4181557      0.5031954    
       10540  0.8750000      0.8018000       1.484020      0.4408638      0.5141457    
       10560  0.9375000      0.9183125       1.786333      0.4272365      0.4843894    
       10580  0.8750000      0.8394500       1.531025      0.4418655      0.5151368    
       10600  0.9375000      0.9155250       1.623545      0.4396138      0.4988663    
       10620  0.8750000      0.7999625       1.571852      0.4422631      0.5150297    
       10640   1.000000      0.9319500       1.454729      0.4772609      0.5234375    
       10660  0.8750000      0.8451125       1.317123      0.4741644      0.5294445    
       10680   1.000000      0.9689375       1.187084      0.4803971      0.5563115    
       10700   1.000000      0.9649875       1.212938      0.4583555      0.5292307    
       10720   1.000000      0.9728500       1.014524      0.4899698      0.5689091    
       10740   1.000000      0.9676125       1.124745      0.4854711      0.5558075    
       10760   1.000000      0.9696500       1.206385      0.4938796      0.5595271    
       10780   1.000000      0.8704750       1.359519      0.4574211      0.5180146    
       10800   1.000000      0.9721500       1.258619      0.4739169      0.5804989    
       10820   1.000000      0.9525875       1.218776      0.4794429      0.5249023    
       10840   1.000000      0.9707500       1.166917      0.4866498      0.5486391    
       10860   1.000000      0.9724625      0.9824286      0.4831436      0.5505325    
       10880   1.000000      0.9508750       1.318217      0.4930328      0.5652072    
       10900   1.000000      0.9281500       1.035331      0.4727596      0.5817751    
       10920   1.000000      0.9755000       1.002470      0.4655949      0.5401864    
       10940   1.000000      0.9701250      0.8512335      0.4699182      0.5228928    
       10960   1.000000      0.9713625       1.327025      0.4459274      0.5270850    
       10980  0.8750000      0.8415250       1.229701      0.4320273      0.5000000    
       11000   1.000000      0.9715875       1.131938      0.4594037      0.5473464    
       11020   1.000000      0.8484625       1.450992      0.4435652      0.5217198    
       11040   1.000000      0.9689125       1.190819      0.4610738      0.5255191    
       11060   1.000000      0.8561250       1.420206      0.4407870      0.4981065    
       11080   1.000000      0.9679875       1.202523      0.4616758      0.5263906    
       11100   1.000000      0.9648500       1.223054      0.4443773      0.5018365    
       11120   1.000000      0.9721500       1.309602      0.4558422      0.5278319    
       11140   1.000000      0.9721125      0.8493163      0.4600886      0.5312213    
       11160   1.000000      0.9645000       1.038384      0.4911226      0.5431054    
       11180   1.000000      0.9615625       1.172537      0.4481154      0.5155711    
       11200   1.000000      0.9704125       1.256292      0.4644023      0.5394858    
       11220   1.000000      0.8701500      0.8835691      0.4671783      0.5463867    
       11240   1.000000      0.8819250       1.368403      0.4588624      0.5442177    
       11260  0.8750000      0.8498125       1.393030      0.4505018      0.5337276    
       11280   1.000000      0.9677750       1.525120      0.4815009      0.5257118    
       11300  0.8750000      0.8455000       1.440600      0.4714057      0.5442178    
       11320   1.000000      0.9737000       1.504825      0.4487844      0.5457855    
       11340  0.8750000      0.8505000       1.318412      0.4370961      0.5036731    
       11360   1.000000      0.9306500       1.572927      0.4184978      0.4736160    
       11380  0.8750000      0.8443625       1.411958      0.4231634      0.5151368    
       11400   1.000000      0.9753250       1.423422      0.4623217      0.5546876    
       11420  0.8750000      0.8431625       1.351320      0.4391393      0.5079082    
       11440   1.000000      0.9620750       1.570013      0.4602348      0.5576172    
       11460  0.8750000      0.8477875       1.184169      0.4497193      0.5330579    
       11480   1.000000      0.9188000       1.655700      0.4381891      0.5436851    
       11500  0.8750000      0.8487500       1.567617      0.4240488      0.5047895    
       11520   1.000000      0.8959000       1.479298      0.4258464      0.5225498    
       11540   1.000000      0.8470375       1.495020      0.4015120      0.4736020    
       11560   1.000000      0.9374500       1.584403      0.4529575      0.5092773    
       11580  0.8750000      0.8444000       1.060533      0.4388831      0.5394859    
       11600   1.000000      0.9735750       1.572746      0.4447867      0.5133150    
       11620  0.8750000      0.8409000       1.321169      0.4508916      0.5108133    
       11640   1.000000      0.9708500       1.447926      0.4612332      0.5566865    
       11660  0.8750000      0.8488750      0.9753721      0.4743239      0.5392390    
       11680   1.000000      0.9723125       1.508697      0.4217870      0.4932544    
       11700  0.8750000      0.8500250       1.305220      0.4227141      0.5028976    
       11720   1.000000      0.9699625       1.587256      0.4388114      0.5102957    
       11740  0.8750000      0.8457250       1.416886      0.4124171      0.5135276    
       11760   1.000000      0.9718125       1.469134      0.4237022      0.4877803    
       11780  0.8750000      0.8473750       1.221460      0.4092413      0.4696399    
       11800   1.000000      0.8610625       1.528073      0.4141285      0.4973546    
       11820  0.9375000      0.8495875       1.140841      0.4142888      0.5017751    
       11840   1.000000      0.9508000       1.589525      0.4391760      0.4923145    
       11860  0.8750000      0.8478625       1.217042      0.4224401      0.4923077    
       11880  0.8750000      0.8601250       1.572588      0.4305261      0.5190431    
       11900  0.8750000      0.8416250       1.547474      0.4436358      0.5303030    
       11920   1.000000      0.9661375       1.270986      0.4657982      0.5282840    
       11940   1.000000      0.9560250       1.094334      0.4682156      0.5339645    
       11960   1.000000      0.9718750       1.227717      0.4593352      0.5698242    
       11980   1.000000      0.8485000       1.387850      0.4575587      0.5141601    
       12000   1.000000      0.9696750       1.019485      0.4795499      0.5368048    
       12020   1.000000      0.9654875      0.9759179      0.4954804      0.5405918    
       12040   1.000000      0.9695250       1.177447      0.4864683      0.5476924    
       12060   1.000000      0.9206875       1.345785      0.4528667      0.5561523    
       12080   1.000000      0.9727125       1.293543      0.4692190      0.5395423    
       12100   1.000000      0.9668250       1.030649      0.4835213      0.5530697    
       12120   1.000000      0.9717750       1.211277      0.4572165      0.5428200    
       12140   1.000000      0.8509625       1.355663      0.4416076      0.5284664    
       12160   1.000000      0.9685875       1.057950      0.5065383      0.5689090    
       12180   1.000000      0.9731625      0.9737603      0.4682647      0.5422406    
       12200   1.000000      0.9733375       1.231175      0.4462767      0.5472412    
       12220   1.000000      0.9209375       1.332873      0.4313663      0.5027219    
       12240   1.000000      0.9731750       1.179607      0.4513191      0.5439964    
       12260   1.000000      0.8518625       1.365271      0.4353479      0.5012252    
       12280   1.000000      0.9708625       1.224331      0.4388277      0.5031952    
       12300   1.000000      0.8753500       1.310619      0.4501850      0.5275889    
       12320   1.000000      0.9688875       1.189517      0.4818602      0.5608466    
       12340  0.9375000      0.8492375       1.345594      0.4705269      0.5255732    
       12360   1.000000      0.9618750       1.292150      0.4521563      0.5185548    
       12380   1.000000      0.8525000       1.456203      0.4407783      0.5160034    
       12400  0.9875000      0.8626125       1.437081      0.4514372      0.5375977    
       12420  0.8750000      0.8426375       1.513992      0.4397712      0.5202367    
       12440  0.9875000      0.8593000       1.455088      0.4501953      0.5385674    
       12460   1.000000      0.8573250       1.405865      0.4314971      0.5112426    
       12480  0.9375000      0.9152500       2.002774      0.4432803      0.5211204    
       12500  0.8750000      0.8388250       1.442600      0.4490892      0.5509271    
       12520  0.9375000      0.9186625       1.999328      0.4405496      0.4918691    
       12540   1.000000      0.8475750       1.406049      0.4513239      0.5275483    
       12560  0.9375000      0.9179375       1.952551      0.4686451      0.5217197    
       12580   1.000000      0.8449000       1.220773      0.4700282      0.5211938    
       12600  0.8750000      0.8576000       1.433116      0.4608090      0.5649414    
       12620   1.000000      0.9654000       1.172226      0.4507026      0.5202022    
       12640   1.000000      0.9706125       1.155741      0.4630272      0.5457786    
       12660   1.000000      0.8932375       1.393520      0.4462288      0.5364223    
       12680   1.000000      0.9699625       1.245266      0.4456902      0.5391717    
       12700   1.000000      0.8611250       1.381377      0.4559387      0.5424852    
       12720  0.9375000      0.9150250       1.656057      0.4280797      0.5192899    
       12740  0.8750000      0.8002375       1.436659      0.4308137      0.5132546    
       12760  0.9375000      0.9170500       1.664871      0.4203706      0.5012253    
       12780  0.8750000      0.8048500       1.484095      0.4237267      0.5004882    
       12800  0.9375000      0.9177500       1.566214      0.4150396      0.4736022    
       12820  0.8750000      0.8492375       1.072598      0.4166460      0.4795265    
       12840   1.000000      0.8715875       1.432800      0.4496504      0.5205078    
       12860   1.000000      0.8490625       1.422338      0.4355191      0.5154951    
       12880   1.000000      0.9679750       1.358140      0.4583839      0.5431053    
       12900   1.000000      0.9662750       1.258650      0.4475313      0.5110193    
       12920   1.000000      0.9733625       1.249106      0.4661433      0.5422405    
       12940   1.000000      0.8656500       1.250200      0.4733002      0.5361552    
       12960   1.000000      0.9652250       1.226209      0.4569471      0.5263841    
       12980   1.000000      0.9709625      0.8497097      0.4599999      0.4989350    
       13000   1.000000      0.8681125       1.348049      0.4589530      0.5346678    
       13020   1.000000      0.9615000      0.8976766      0.4483000      0.5181556    
       13040   1.000000      0.9724750       1.178753      0.4807802      0.5275118    
       13060   1.000000      0.8598125       1.382173      0.4714416      0.5246540    
       13080   1.000000      0.9722375       1.055440      0.4830205      0.5385742    
       13100   1.000000      0.8462375       1.594911      0.4595874      0.5549309    
       13120   1.000000      0.9691625       1.340954      0.4594704      0.5477502    
       13140   1.000000      0.9697875      0.8483379      0.4676620      0.5510058    
       13160   1.000000      0.9718625       1.286827      0.4604710      0.5432100    
       13180   1.000000      0.9492375       1.251637      0.4397784      0.5073463    
       13200   1.000000      0.9720125       1.252164      0.4495666      0.5252841    
       13220   1.000000      0.8647875       1.385071      0.4406787      0.5137741    
       13240   1.000000      0.9744125       1.172201      0.4642138      0.5307617    
       13260   1.000000      0.9690625      0.9614642      0.4554264      0.5180147    
       13280   1.000000      0.9648000       1.238559      0.4626595      0.5796046    
       13300   1.000000      0.8555375       1.049188      0.4311944      0.4954087    
       13320   1.000000      0.9716500       1.258779      0.4474081      0.5024415    
       13340   1.000000      0.9523250       1.322811      0.4564736      0.5098225    
       13360   1.000000      0.9699875       1.226068      0.4576467      0.5192837    
       13380   1.000000      0.8633875       1.319029      0.4363241      0.5073461    
       13400   1.000000      0.9705500       1.392857      0.4438581      0.5615245    
       13420   1.000000      0.9673125      0.8448986      0.4568894      0.5112305    
       13440   1.000000      0.9698250       1.195106      0.4481709      0.5151515    
       13441  0.7500000      0.4866875       1.191057      0.4491619      0.5169881    
       13442  0.7500000      0.4945250       1.194359      0.4482878      0.5119376    
       13443  0.7500000      0.5133250       1.197942      0.4484789      0.5119376    
       13444  0.7500000      0.5436125       1.210653      0.4466873      0.5253906    
       13445  0.7500000      0.5942750       1.204444      0.4459802      0.5297851    
       13446  0.8750000      0.6558250       1.176627      0.4480531      0.5298443    
       13447  0.8750000      0.6905750       1.074555      0.4527571      0.5282841    
       13448  0.8750000      0.7259500      0.9774703      0.4551903      0.5292308    
       13449   1.000000      0.7297750      0.9575509      0.4543340      0.5292308    
       13450   1.000000      0.7369625      0.9565610      0.4538316      0.5292309    
       13451   1.000000      0.7420500      0.9750507      0.4528110      0.5368049    
       13452   1.000000      0.7556500       1.028911      0.4509394      0.5368049    
       13453   1.000000      0.7878375       1.177146      0.4486868      0.5453256    
       13454   1.000000      0.8304125       1.291415      0.4460261      0.5280927    
       13455   1.000000      0.8588000       1.341680      0.4445729      0.5103807    
       13456   1.000000      0.8688000       1.344457      0.4449366      0.5090029    
       13457   1.000000      0.8935000       1.327224      0.4450833      0.5056806    
       13458   1.000000      0.9338250       1.297508      0.4434326      0.5056806    
       13459   1.000000      0.9563375       1.275461      0.4425594      0.4918689    
       13460   1.000000      0.9613750       1.269077      0.4427859      0.4918691    
       13461   1.000000      0.9639500       1.270600      0.4431948      0.5055621    
       13462   1.000000      0.9644000       1.268054      0.4427672      0.5097657    
       13463   1.000000      0.9622500       1.269041      0.4437794      0.5079290    
       13464   1.000000      0.9638750       1.265383      0.4446031      0.5278106    
       13465   1.000000      0.9667000       1.267845      0.4442019      0.5215794    
       13466   1.000000      0.9648625       1.264343      0.4451022      0.5105602    
       13467   1.000000      0.9689375       1.261980      0.4462361      0.5203831    
       13468   1.000000      0.9667500       1.259582      0.4474692      0.5289256    
       13469   1.000000      0.9641375       1.258343      0.4474230      0.5405273    
       13470   1.000000      0.9652375       1.254578      0.4472247      0.5302733    
       13471   1.000000      0.9685000       1.252561      0.4477639      0.5171696    
       13472   1.000000      0.9613125       1.249178      0.4485178      0.5350857    
       13473   1.000000      0.9664500       1.246966      0.4485085      0.5311242    
       13474   1.000000      0.9676375       1.243639      0.4484684      0.5284665    
       13475   1.000000      0.9695625       1.244746      0.4497390      0.5364224    
       13476   1.000000      0.9678875       1.249256      0.4499260      0.5364224    
       13477   1.000000      0.9673500       1.240595      0.4502640      0.5449827    
       13478   1.000000      0.9669000       1.238868      0.4506394      0.5170898    
       13479   1.000000      0.9635625       1.235358      0.4497910      0.5395412    
       13480   1.000000      0.9666750       1.235204      0.4500799      0.5174472    
       13481   1.000000      0.9688750       1.234030      0.4500826      0.5462722    
       13482   1.000000      0.9691750       1.229930      0.4491192      0.5154822    
       13483   1.000000      0.9636375       1.227767      0.4501210      0.5361552    
       13484   1.000000      0.9703625       1.232182      0.4507827      0.5361552    
       13485   1.000000      0.9646375       1.217287      0.4523308      0.5361552    
       13486   1.000000      0.9654125       1.214086      0.4519146      0.5361552    
       13487   1.000000      0.9694375       1.214512      0.4533339      0.5154822    
       13488   1.000000      0.9698875       1.210619      0.4537201      0.5420119    
       13489   1.000000      0.9662875       1.214099      0.4538304      0.5371901    
       13490   1.000000      0.9687125       1.208152      0.4534484      0.5226035    
       13491   1.000000      0.9705250       1.210590      0.4540108      0.5169231    
       13492   1.000000      0.9672000       1.213054      0.4540777      0.5462722    
       13493   1.000000      0.9646625       1.213141      0.4544319      0.5505050    
       13494   1.000000      0.9683375       1.209934      0.4538843      0.5208117    
       13495   1.000000      0.9663875       1.210374      0.4539499      0.5330578    
       13496   1.000000      0.9695750       1.208492      0.4541854      0.5284664    
       13497   1.000000      0.9654125       1.210219      0.4539425      0.5606060    
       13498   1.000000      0.9675000       1.206688      0.4542525      0.5444335    
       13499   1.000000      0.9655125       1.207367      0.4542237      0.5428648    
