          20  0.8125000      0.7327000       1.561836      0.4374744      0.5062435    
          40   1.000000      0.9742250       2.006210      0.4067814      0.4728993    
          60  0.8750000      0.7785625       1.673829      0.4141536      0.4809688    
          80   1.000000      0.9443875       1.870988      0.3828718      0.4383432    
         100  0.8750000      0.7938000       1.184086      0.4219379      0.5004032    
         120   1.000000      0.9715375       1.938856      0.4084052      0.4837871    
         140  0.8750000      0.7808000       1.848349      0.4315569      0.4896532    
         160   1.000000      0.9776500       1.991197      0.4202590      0.4802218    
         180  0.8750000      0.7913750       1.152130      0.4466178      0.5134795    
         200   1.000000      0.9791375       1.666520      0.4181029      0.5034013    
         220  0.8750000      0.8406125       1.132175      0.4452996      0.5073255    
         240   1.000000      0.9731125       1.857381      0.4257624      0.4906347    
         260  0.8750000      0.8432750       1.610980      0.4131334      0.4887881    
         280   1.000000      0.9760625       1.769939      0.4155662      0.4738462    
         300  0.8750000      0.7838875       1.541036      0.4079345      0.4938272    
         320   1.000000      0.9776375       1.562603      0.4359134      0.5191327    
         340  0.8125000      0.7430250      0.6992294      0.4584720      0.5367805    
         360   1.000000      0.9783500       1.610127      0.4325359      0.5380274    
         380  0.8125000      0.7858375       1.163239      0.4577024      0.5208117    
         400   1.000000      0.9779000       1.651335      0.4430960      0.5023935    
         420  0.8125000      0.7905750       1.011775      0.4634590      0.5391023    
         440   1.000000      0.9754500       1.658888      0.4341869      0.4973545    
         460  0.8125000      0.7887875      0.9559903      0.4285629      0.5090030    
         480   1.000000      0.9704750       1.842336      0.3833294      0.4513255    
         500  0.8125000      0.7910500       1.249458      0.4197225      0.4864284    
         520   1.000000      0.9788500       1.761335      0.4046666      0.4719527    
         540  0.8125000      0.7572375       1.141226      0.4269436      0.5165029    
         560   1.000000      0.9758500       1.768210      0.4077473      0.4863281    
         580  0.8750000      0.7887750       1.560686      0.4537477      0.5129756    
         600   1.000000      0.9750375       2.062273      0.4327520      0.5327778    
         620  0.8750000      0.7932375       1.300900      0.4390329      0.5161112    
         640   1.000000      0.9645500       2.417978      0.3879098      0.4450880    
         660  0.8750000      0.7836625       2.010250      0.3945076      0.4586982    
         680   1.000000      0.9753500       1.976210      0.3933936      0.4653255    
         700  0.8750000      0.7800500       1.881403      0.3936439      0.4653254    
         720   1.000000      0.9800750       2.029896      0.3930514      0.4926538    
         740  0.8750000      0.7871500       1.572406      0.4018349      0.4926537    
         760   1.000000      0.9037000       1.943641      0.3947430      0.4953389    
         780  0.8750000      0.7946750       1.246661      0.4057019      0.4749388    
         800   1.000000      0.8839250       1.696947      0.3987328      0.4880624    
         820  0.8125000      0.7859875       1.498929      0.4128672      0.4970415    
         840   1.000000      0.8613375       1.648320      0.4129343      0.4852608    
         860  0.8125000      0.7776875       1.664712      0.3971791      0.4628029    
         880   1.000000      0.8678500       1.646646      0.4196519      0.5307617    
         900  0.8125000      0.7780500       1.666579      0.3865370      0.4623507    
         920  0.8750000      0.8589750       1.575922      0.4014297      0.5185184    
         940  0.8750000      0.7797750       1.643813      0.4225099      0.5177336    
         960   1.000000      0.8601250       1.587332      0.4210573      0.5190430    
         980  0.8750000      0.7790000       1.641243      0.4129176      0.5060355    
        1000  0.8750000      0.8619625       1.642889      0.4098296      0.4951481    
        1020  0.8750000      0.7879125       1.583743      0.4490417      0.5306123    
        1040   1.000000      0.9144750       1.707983      0.4680048      0.5207100    
        1060  0.8750000      0.8264750       1.214543      0.4359931      0.5563019    
        1080   1.000000      0.9354000       1.714961      0.4396610      0.5028974    
        1100  0.8750000      0.8403875       1.206533      0.4327496      0.4771072    
        1120   1.000000      0.9420625       1.773302      0.4208119      0.4771072    
        1140  0.8750000      0.8473750       1.254140      0.4123642      0.4640968    
        1160   1.000000      0.9522000       1.777579      0.4011869      0.4785800    
        1180  0.8750000      0.7931500       1.213867      0.4161369      0.5134795    
        1200   1.000000      0.9619250       1.887331      0.4017186      0.4951479    
        1220  0.8750000      0.8253250       1.060642      0.4222401      0.4785157    
        1240   1.000000      0.9760125       1.729047      0.3676772      0.4568412    
        1260  0.8750000      0.7928875       1.238846      0.3853052      0.4481175    
        1280   1.000000      0.9772750       1.736600      0.3928547      0.4898989    
        1300  0.8125000      0.7738000       1.145433      0.4289096      0.5243343    
        1320   1.000000      0.9661125       1.715343      0.4208766      0.5072840    
        1340  0.8125000      0.7377500      0.5088338      0.4384369      0.5515656    
        1360   1.000000      0.9771375       2.206982      0.4121424      0.4899409    
        1380  0.8125000      0.7661375       1.484194      0.4413261      0.5395410    
        1400   1.000000      0.9769375       2.162356      0.4416712      0.5025619    
        1420  0.8125000      0.7349125       1.865611      0.4247834      0.5364203    
        1440   1.000000      0.8828625       2.086487      0.4181366      0.5208116    
        1460  0.8125000      0.7674375       1.493752      0.4018690      0.5024413    
        1480   1.000000      0.9601000       2.213618      0.4354858      0.4985352    
        1500  0.8750000      0.7875500       1.651636      0.4057185      0.4926758    
        1520   1.000000      0.9775125       1.769403      0.4056271      0.4742883    
        1540  0.8125000      0.7823500       1.645704      0.4262045      0.4853077    
        1560   1.000000      0.9767000       1.638414      0.4361448      0.4937278    
        1580  0.8750000      0.7888250       1.351943      0.4421414      0.5247935    
        1600   1.000000      0.9697250       1.697740      0.4476933      0.5004326    
        1620  0.8750000      0.7934250       1.176205      0.4498178      0.5280074    
        1640   1.000000      0.9785250       1.849316      0.4386003      0.5202020    
        1660  0.8750000      0.7904875       1.409568      0.4351016      0.5063477    
        1680  0.9750000      0.9032375       1.935732      0.4127018      0.5202903    
        1700  0.8750000      0.7822500       1.738165      0.4400355      0.5047031    
        1720  0.8750000      0.8606875       1.627334      0.4280982      0.5331901    
        1740  0.8750000      0.8000375       1.639236      0.4302686      0.4939533    
        1760  0.9375000      0.8638500       1.668497      0.4192255      0.5145562    
        1780  0.8750000      0.7895500       1.620993      0.4186336      0.5014782    
        1800   1.000000      0.9165375       1.740719      0.4113391      0.5061764    
        1820  0.8750000      0.7810500       1.617331      0.4101271      0.5014648    
        1840   1.000000      0.9284250       1.681420      0.4007653      0.5133150    
        1860  0.8125000      0.7864500       1.603464      0.4295643      0.4983333    
        1880   1.000000      0.9656625       1.751454      0.4176210      0.5100781    
        1900  0.8750000      0.7780500       1.545644      0.4376088      0.5011112    
        1920   1.000000      0.9786375       2.182426      0.4551069      0.4982699    
        1940  0.8750000      0.7941625       1.259817      0.4571195      0.5275482    
        1960   1.000000      0.9763625       1.810376      0.4307989      0.4934601    
        1980  0.8750000      0.7882750       1.323861      0.4107734      0.4731447    
        2000   1.000000      0.9760125       2.263385      0.4122697      0.4882813    
        2020  0.8750000      0.7845375       1.628715      0.4035925      0.4937565    
        2040   1.000000      0.9797250       1.858020      0.4130201      0.4739853    
        2060  0.8125000      0.7661125       1.156583      0.4171814      0.5303211    
        2080   1.000000      0.9798875       2.090194      0.4130207      0.4766865    
        2100  0.8125000      0.7602875       1.368519      0.4139669      0.5063477    
        2120   1.000000      0.9516625       1.637457      0.4382722      0.5146483    
        2140  0.8750000      0.7888625       1.332578      0.4634022      0.5371093    
        2160   1.000000      0.9784250       1.760128      0.4447558      0.5288086    
        2180  0.8750000      0.7877125       1.644951      0.4432300      0.5190431    
        2200   1.000000      0.9767000       1.838385      0.4286700      0.5135276    
        2220  0.8750000      0.7888250       1.458628      0.4219148      0.5114463    
        2240   1.000000      0.9746000       1.901442      0.4406928      0.5223725    
        2260  0.8750000      0.7695125       1.427335      0.4454607      0.5166492    
        2280   1.000000      0.9802625       1.731671      0.4644754      0.5180664    
        2300  0.8750000      0.7953000       1.101676      0.4489431      0.5286159    
        2320   1.000000      0.9785625       1.701843      0.4982696      0.5772641    
        2340  0.8750000      0.7846500       1.204338      0.4628195      0.5181404    
        2360   1.000000      0.9778625       1.680049      0.4854310      0.5466273    
        2380  0.8750000      0.7923125       1.003107      0.4525590      0.5285375    
        2400   1.000000      0.9772750       1.390792      0.4713634      0.5376276    
        2420  0.8125000      0.7724000      0.7406761      0.4562427      0.5792552    
        2440   1.000000      0.9799750       1.521283      0.4486058      0.5200000    
        2460  0.8750000      0.7861375       1.324681      0.4605349      0.5190250    
        2480   1.000000      0.9751500       1.671155      0.4227279      0.4832452    
        2500  0.8125000      0.7731875       1.177303      0.4358250      0.5467372    
        2520   1.000000      0.9788625       1.659873      0.4010348      0.4708636    
        2540  0.8750000      0.8051000       1.321102      0.3981111      0.4923408    
        2560   1.000000      0.9760750       1.817857      0.3809272      0.4389648    
        2580  0.8750000      0.7914250       1.402369      0.4017827      0.4953173    
        2600   1.000000      0.9778625       1.679372      0.4123183      0.4663086    
        2620  0.8750000      0.7814625       1.517220      0.4016501      0.4696397    
        2640   1.000000      0.9777250       1.741442      0.3940431      0.4878593    
        2660  0.8125000      0.7534500       1.173901      0.4428607      0.5128090    
        2680   1.000000      0.8621500       1.606866      0.4150367      0.4869682    
        2700  0.8750000      0.7799500       1.622621      0.4338072      0.5073242    
        2720   1.000000      0.9746250       1.722509      0.4260473      0.4714793    
        2740  0.8750000      0.7886375       1.353014      0.4382845      0.4842604    
        2760   1.000000      0.9766875       1.742482      0.4015229      0.4758298    
        2780  0.8125000      0.7849500       1.476720      0.4130160      0.4923077    
        2800   1.000000      0.9755875       1.846187      0.3897745      0.4504133    
        2820  0.8750000      0.7826625       1.590641      0.4015852      0.5031952    
        2840   1.000000      0.9753500       1.733203      0.3975224      0.4834038    
        2860  0.8750000      0.7918875       1.162475      0.4099035      0.4726633    
        2880   1.000000      0.9763250       1.736934      0.4144251      0.4905325    
        2900  0.8750000      0.8093125       1.502916      0.4235086      0.5083008    
        2920   1.000000      0.9761750       1.790858      0.4046051      0.4848633    
        2940  0.8750000      0.7880375       1.157262      0.4226318      0.4912764    
        2960   1.000000      0.8622625       1.739792      0.4094401      0.4856804    
        2980  0.8125000      0.7906875       1.463261      0.4156101      0.5022957    
        3000  0.8750000      0.8621625       1.620199      0.4195928      0.5009183    
        3020  0.8750000      0.7900500       1.307013      0.4285303      0.4995675    
        3040   1.000000      0.9777750       1.613122      0.4497817      0.5311418    
        3060  0.8125000      0.7915000       1.282751      0.4276783      0.5045914    
        3080   1.000000      0.9770750       1.631356      0.4283444      0.4908172    
        3100  0.8125000      0.7882500      0.9378068      0.4693136      0.5394445    
        3120   1.000000      0.9743250       1.639683      0.4525114      0.5149912    
        3140  0.8750000      0.7743250       1.098568      0.4475296      0.5261112    
        3160   1.000000      0.9722000       1.419764      0.4330696      0.5063155    
        3180  0.8750000      0.7815000       1.424961      0.4540062      0.4939532    
        3200   1.000000      0.9763625       1.538213      0.4701729      0.5260145    
        3220  0.8125000      0.7287375      0.7687492      0.4756780      0.5616770    
        3240  0.9750000      0.8613500       1.464525      0.4506331      0.5871874    
        3260  0.8125000      0.7597375       1.304412      0.4467044      0.5877779    
        3280   1.000000      0.9729125       1.543550      0.4206327      0.4916667    
        3300  0.8750000      0.7858375       1.442561      0.4313500      0.5053863    
        3320   1.000000      0.9736750       1.443229      0.4319750      0.4966407    
        3340  0.8750000      0.7848750       1.420443      0.4401387      0.5016928    
        3360   1.000000      0.9035750       1.637033      0.4306707      0.5170653    
        3380  0.8750000      0.7776625       1.695594      0.4196853      0.4927160    
        3400   1.000000      0.9760125       1.624237      0.4136678      0.4907284    
        3420  0.8750000      0.7804125       1.633844      0.4222316      0.4912657    
        3440   1.000000      0.9746750       1.644518      0.4052937      0.4624024    
        3460  0.8750000      0.7803000       1.527607      0.4140575      0.5043944    
        3480   1.000000      0.9786125       2.159469      0.4005485      0.4780273    
        3500  0.8125000      0.7871750       1.151703      0.4012417      0.5228927    
        3520   1.000000      0.9771250       1.667045      0.3772607      0.4513315    
        3540  0.8750000      0.7929125       1.465022      0.3999541      0.4790039    
        3560   1.000000      0.9769375       1.626671      0.4014999      0.4710060    
        3580  0.8750000      0.7898375       1.102768      0.4042856      0.4624025    
        3600   1.000000      0.9756000       1.735587      0.4166878      0.4814014    
        3620  0.8750000      0.7806875       1.694937      0.4117932      0.4913494    
        3640   1.000000      0.9760625       1.661014      0.4261467      0.4918689    
        3660  0.8750000      0.7970125       1.007497      0.4591875      0.5260771    
        3680   1.000000      0.9297500       1.720587      0.4362285      0.5215418    
        3700  0.8750000      0.7933500       1.016618      0.4197477      0.5121894    
        3720   1.000000      0.9589125       1.805301      0.4357239      0.4965681    
        3740  0.8750000      0.7914125       1.029798      0.4224953      0.5073904    
        3760   1.000000      0.9780000       1.656172      0.4113212      0.4708637    
        3780  0.8125000      0.7614625      0.7100382      0.4372385      0.5305025    
        3800   1.000000      0.9435875       1.901292      0.4222263      0.4762130    
        3820  0.8750000      0.7978250       1.012485      0.4250701      0.5089443    
        3840   1.000000      0.9743375       1.881436      0.4018188      0.4822374    
        3860  0.8750000      0.7809875       1.534204      0.4270162      0.4772910    
        3880   1.000000      0.9751375       1.733306      0.3883704      0.5145681    
        3900  0.8125000      0.7896250       1.255676      0.3871148      0.4976609    
        3920   1.000000      0.9623625       1.851376      0.3770725      0.4688581    
        3940  0.8750000      0.7860250       1.535160      0.3836916      0.5024414    
        3960   1.000000      0.9779250       1.906988      0.3987460      0.4565382    
        3980  0.8750000      0.7911875       1.507295      0.4035233      0.4663085    
        4000   1.000000      0.9765875       1.812317      0.3853643      0.4752066    
        4020  0.8750000      0.7913000       1.399554      0.4140011      0.4687500    
        4040   1.000000      0.9742750       1.775281      0.3931768      0.4605694    
        4060  0.8750000      0.7796875       1.758466      0.4021297      0.4762130    
        4080   1.000000      0.9784625       1.998597      0.3835321      0.4366392    
        4100  0.8750000      0.7908750       1.871837      0.4085267      0.4622223    
        4120   1.000000      0.9764500       2.171075      0.4061449      0.4892578    
        4140  0.8750000      0.7856125       1.532057      0.4095429      0.4978585    
        4160   1.000000      0.9786125       1.955719      0.4260248      0.4676924    
        4180  0.8750000      0.7886750       1.739385      0.4161108      0.4862687    
        4200   1.000000      0.9783875       2.219394      0.4151031      0.4692384    
        4220  0.8750000      0.7841625       1.883655      0.4136996      0.4771598    
        4240   1.000000      0.9781750       1.798758      0.4010224      0.4772910    
        4260  0.8750000      0.7875250       1.456973      0.4039090      0.4887039    
        4280   1.000000      0.9765750       1.747660      0.4130014      0.4807256    
        4300  0.8750000      0.7875875       1.536904      0.4062867      0.4944908    
        4320   1.000000      0.9742875       1.850478      0.4288580      0.5170069    
        4340  0.8750000      0.7828500       1.576476      0.4333326      0.5131361    
        4360   1.000000      0.9769375       1.938938      0.4500552      0.5096904    
        4380  0.8125000      0.7929375       1.070157      0.4486307      0.5094482    
        4400   1.000000      0.9783375       2.140755      0.4517580      0.5170069    
        4420  0.8125000      0.7888250       1.367259      0.4543161      0.5300000    
        4440   1.000000      0.9776125       2.008715      0.4643126      0.5260144    
        4460  0.8125000      0.7404375       1.015284      0.4713584      0.5530697    
        4480   1.000000      0.9772250       1.603162      0.4637502      0.5493147    
        4500  0.8125000      0.7840375       1.039546      0.4650995      0.5697392    
        4520   1.000000      0.9758750       1.770052      0.4356456      0.5230536    
        4540  0.8750000      0.8456000       1.069011      0.4212269      0.5154951    
        4560   1.000000      0.9735125       1.865949      0.4369107      0.4944905    
        4580  0.8750000      0.8450000       1.438184      0.4367879      0.5028977    
        4600   1.000000      0.9720125       1.479283      0.4336541      0.4926539    
        4620  0.8750000      0.8498750       1.311696      0.4409862      0.5059453    
        4640   1.000000      0.9430500       1.344555      0.4674106      0.5210381    
        4660  0.8750000      0.8528000       1.126418      0.4631375      0.5366591    
        4680   1.000000      0.8840000       1.376391      0.4662610      0.5366592    
        4700  0.8750000      0.8283375       1.216060      0.4810634      0.5448520    
        4720   1.000000      0.9531125       1.267099      0.4949251      0.5618935    
        4740  0.8750000      0.8503125       1.249614      0.5144162      0.5745766    
        4760   1.000000      0.9740250       1.429342      0.5144466      0.5766603    
        4780  0.8750000      0.8317375      0.9145948      0.5229414      0.5826390    
        4800   1.000000      0.9027375       1.189431      0.5098641      0.5966239    
        4820  0.8750000      0.8486875       1.059276      0.4942047      0.5454102    
        4840   1.000000      0.8623750       1.297859      0.4658091      0.5483398    
        4860  0.8750000      0.8428250       1.554338      0.4832702      0.5502930    
        4880  0.8750000      0.8585875       1.472748      0.4711211      0.5613505    
        4900   1.000000      0.8522375       1.440262      0.4425834      0.5249704    
        4920  0.8750000      0.8595125       1.419312      0.4625189      0.5683593    
        4940  0.8750000      0.8470750       1.497786      0.4302909      0.5267402    
        4960  0.8750000      0.8601500       1.416377      0.4507035      0.5477502    
        4980   1.000000      0.8499875       1.458840      0.4272518      0.5101358    
        5000  0.9375000      0.9181375       1.548390      0.4243902      0.4811763    
        5020  0.8750000      0.7992625       1.413628      0.4368049      0.5055622    
        5040  0.9375000      0.8601750       1.492904      0.4482181      0.5225497    
        5060   1.000000      0.9000000       1.231582      0.4280714      0.4882814    
        5080  0.9375000      0.9165625       1.593074      0.4312270      0.5068871    
        5100  0.8750000      0.8243875       1.343391      0.4416558      0.4995409    
        5120   1.000000      0.9686250       1.475810      0.4115829      0.4804733    
        5140   1.000000      0.8455750       1.294386      0.4192564      0.4943312    
        5160   1.000000      0.9672625       1.395670      0.4257948      0.5316805    
        5180  0.8750000      0.8469875       1.195093      0.4187331      0.5062435    
        5200   1.000000      0.8746375       1.304597      0.4320774      0.5192508    
        5220  0.8750000      0.8517625       1.110668      0.4225042      0.4989349    
        5240   1.000000      0.8604625       1.325261      0.4349649      0.5110193    
        5260  0.8750000      0.8487250       1.134091      0.4622565      0.5679012    
        5280   1.000000      0.9174875       1.334843      0.4535173      0.5718343    
        5300  0.8750000      0.8454750       1.071953      0.4599015      0.5344379    
        5320   1.000000      0.9735000       1.320380      0.4443862      0.5127654    
        5340  0.8750000      0.8472375       1.033661      0.4626946      0.5553036    
        5360   1.000000      0.9737125       1.404105      0.4851872      0.5415040    
        5380  0.8750000      0.8337875       1.343894      0.4688913      0.5292939    
        5400   1.000000      0.9719125       1.434845      0.4414779      0.5188166    
        5420  0.8750000      0.8380625       1.540996      0.4112422      0.5145682    
        5440   1.000000      0.9083625       1.412912      0.4443651      0.5386983    
        5460  0.8750000      0.8497000       1.003864      0.4645344      0.5593132    
        5480  0.8750000      0.8615500       1.181193      0.4446184      0.4950001    
        5500  0.8750000      0.8511875      0.8349293      0.4680900      0.5199655    
        5520  0.8750000      0.8613125       1.271026      0.4638619      0.5366668    
        5540  0.8750000      0.8371000       1.239903      0.4475180      0.5498419    
        5560  0.8750000      0.8630375       1.327126      0.4627050      0.5473632    
        5580  0.8750000      0.8149250       1.092573      0.4762884      0.5314565    
        5600  0.8750000      0.8610750       1.365721      0.4683290      0.5608466    
        5620  0.8750000      0.7935375       1.450322      0.4650262      0.5386983    
        5640   1.000000      0.8604125       1.446389      0.4669189      0.5654297    
        5660  0.8750000      0.8434375       1.507678      0.4579364      0.5434570    
        5680  0.8750000      0.8578125       1.371699      0.4704094      0.5885614    
        5700  0.8750000      0.8403875       1.556591      0.4686270      0.5461111    
        5720  0.8750000      0.8608875       1.383543      0.4827342      0.5739730    
        5740  0.8750000      0.8427875       1.515843      0.4689764      0.5725437    
        5760  0.8750000      0.8570500       1.360174      0.4721259      0.5697190    
        5780   1.000000      0.8819250       1.302091      0.4508138      0.5229492    
        5800   1.000000      0.9429625       1.345828      0.4528121      0.4981635    
        5820  0.8750000      0.8539250       1.056766      0.4248785      0.5097656    
        5840   1.000000      0.9738375       1.183143      0.4530877      0.5062434    
        5860   1.000000      0.8699875       1.212158      0.4338090      0.5030074    
        5880   1.000000      0.9699125       1.120451      0.4771303      0.5663896    
        5900  0.8750000      0.8493500       1.321416      0.4367958      0.4954087    
        5920   1.000000      0.9448375       1.522362      0.4640566      0.5159278    
        5940   1.000000      0.9641125       1.324571      0.4701872      0.5226108    
        5960   1.000000      0.9727125       1.053807      0.4946628      0.5581065    
        5980   1.000000      0.9286000       1.369947      0.4547367      0.5240238    
        6000   1.000000      0.9695625       1.062278      0.4834117      0.5487773    
        6020   1.000000      0.8608750       1.289774      0.4586104      0.5671176    
        6040   1.000000      0.9694000       1.220268      0.4648257      0.5406492    
        6060  0.8750000      0.8194250       1.337438      0.4356241      0.5178698    
        6080   1.000000      0.9737125       1.383855      0.4288511      0.5061262    
        6100  0.8750000      0.8408125       1.451800      0.4371167      0.5056805    
        6120   1.000000      0.9725625       1.500003      0.4366905      0.5114465    
        6140  0.8750000      0.8449625       1.375080      0.4463961      0.5084024    
        6160   1.000000      0.9746750       1.356701      0.4581006      0.5282840    
        6180  0.8750000      0.8482750       1.445641      0.4400360      0.5043945    
        6200   1.000000      0.9776000       1.233079      0.4585870      0.5224609    
        6220  0.8750000      0.8475000       1.648994      0.4380592      0.5477022    
        6240   1.000000      0.9749875       1.224577      0.4703502      0.5316201    
        6260  0.8750000      0.8441750       1.371639      0.4494215      0.5218523    
        6280   1.000000      0.9500000       1.345258      0.4760670      0.5457857    
        6300  0.8750000      0.8441875       1.090290      0.4756613      0.5450000    
        6320   1.000000      0.9721250       1.480660      0.4701987      0.5214031    
        6340  0.8750000      0.8514000       1.096345      0.4671314      0.5360528    
        6360  0.8750000      0.8568875       1.354572      0.4510858      0.5361112    
        6380  0.8750000      0.8409875       1.317323      0.4463289      0.5175781    
        6400   1.000000      0.9767750       1.366100      0.4349550      0.5062435    
        6420  0.8750000      0.8452750       1.421710      0.4330997      0.5020811    
        6440   1.000000      0.9739250       1.483686      0.4674950      0.5349037    
        6460  0.8750000      0.8476875       1.220086      0.4494099      0.5145682    
        6480   1.000000      0.9729125       1.358700      0.4442911      0.5274346    
        6500  0.8750000      0.8456875       1.173582      0.4449385      0.5364203    
        6520   1.000000      0.9745750       1.343888      0.4675699      0.5377778    
        6540  0.8750000      0.7986375       1.384020      0.4350611      0.5146484    
        6560   1.000000      0.9733125       1.432377      0.4428374      0.5083008    
        6580  0.8750000      0.8484000      0.9092938      0.4469461      0.5149153    
        6600   1.000000      0.9742625       1.356372      0.4176110      0.4965681    
        6620  0.8750000      0.8458375      0.8825715      0.4251811      0.5107692    
        6640   1.000000      0.9146375       1.390485      0.4201691      0.5013018    
        6660  0.8750000      0.8486875      0.9083951      0.4490027      0.5301084    
        6680   1.000000      0.9453750       1.375866      0.4483562      0.4838868    
        6700  0.8750000      0.7967500       1.379562      0.4382296      0.5145681    
        6720  0.9375000      0.9141875       1.553771      0.4432702      0.5192152    
        6740  0.8750000      0.7891500       1.478649      0.4351950      0.5161132    
        6760   1.000000      0.9173500       1.593050      0.4212631      0.4704834    
        6780  0.8750000      0.8106250       1.329712      0.4455143      0.5159763    
        6800   1.000000      0.9439375       1.544034      0.4770847      0.5319672    
        6820  0.8750000      0.8420500      0.9711823      0.4634531      0.5685205    
        6840   1.000000      0.9503000       1.462259      0.5167904      0.5609268    
        6860  0.8750000      0.8442750       1.279080      0.5000501      0.5734015    
        6880   1.000000      0.9734250       1.318338      0.5044194      0.5523416    
        6900  0.8750000      0.8482500       1.288830      0.4878206      0.5396450    
        6920   1.000000      0.9726750       1.460640      0.4710760      0.5220385    
        6940  0.8750000      0.8427375       1.238480      0.4720992      0.5190312    
        6960   1.000000      0.9760875       1.411213      0.4569463      0.5384948    
        6980  0.8750000      0.8490750       1.079623      0.4603983      0.5312213    
        7000   1.000000      0.9746375       1.437725      0.4388796      0.5217198    
        7020  0.8750000      0.8504000      0.9109211      0.4377415      0.5079365    
        7040   1.000000      0.9734875       1.545938      0.4363185      0.5056229    
        7060  0.8750000      0.8284875       1.361681      0.4281580      0.5174474    
        7080   1.000000      0.9683250       1.547719      0.4389613      0.5244971    
        7100  0.8750000      0.8464375       1.496220      0.4515335      0.5321395    
        7120  0.8750000      0.8558000       1.620103      0.4495864      0.5734017    
        7140  0.8750000      0.8469000       1.595618      0.4472765      0.5709246    
        7160  0.8750000      0.8569625       1.716204      0.4528562      0.5654393    
        7180  0.8750000      0.8445375       1.547836      0.4512561      0.5525494    
        7200  0.9250000      0.8606625       1.720069      0.4479990      0.5087236    
        7220  0.8750000      0.8434625       1.757475      0.4331018      0.5210380    
        7240  0.8750000      0.8596625       1.415213      0.4534251      0.5239334    
        7260  0.8750000      0.8399375       1.899989      0.4258685      0.4785030    
        7280  0.8750000      0.8600625       1.939503      0.4508461      0.5163734    
        7300  0.8750000      0.8479875       1.811435      0.4243621      0.5047896    
        7320  0.8750000      0.8563125       1.653398      0.4230101      0.4963467    
        7340  0.8750000      0.8413125       1.846794      0.4284731      0.5047578    
        7360  0.8750000      0.8597125       1.575638      0.4455631      0.5244972    
        7380  0.8750000      0.8477000       1.436566      0.4330626      0.4903581    
        7400   1.000000      0.8605250       1.566542      0.4376464      0.5119179    
        7420  0.8750000      0.8236625       1.929105      0.4268472      0.4838867    
        7440  0.8750000      0.8592375       1.610793      0.4348405      0.5060355    
        7460  0.8750000      0.8398875       1.773512      0.4078636      0.4696970    
        7480   1.000000      0.8632875       1.662153      0.4458691      0.5229493    
        7500  0.8750000      0.8445000       1.511566      0.4186309      0.4858399    
        7520   1.000000      0.8746625       1.620922      0.4302326      0.5185186    
        7540  0.8750000      0.8451750       1.803704      0.4027336      0.4657988    
        7560  0.8750000      0.8565625       1.723377      0.4173605      0.4972450    
        7580  0.8750000      0.8473500       1.057188      0.4609926      0.5160524    
        7600   1.000000      0.8573875       1.629328      0.4560938      0.5164496    
        7620  0.8750000      0.8443875       1.360402      0.4421729      0.5327776    
        7640  0.8750000      0.8588750       1.550517      0.4530000      0.5583271    
        7660  0.8750000      0.8468625       1.397486      0.4464998      0.5327148    
        7680  0.9375000      0.9178125       1.999790      0.4342045      0.4989976    
        7700  0.8750000      0.7964875       1.794739      0.4458944      0.5224609    
        7720   1.000000      0.9792875       1.880606      0.4514064      0.5312214    
        7740  0.8750000      0.7904875       1.316686      0.4678490      0.5128558    
        7760   1.000000      0.9704625       1.970589      0.4541893      0.5207102    
        7780  0.8125000      0.7844750       1.592469      0.4546680      0.5079082    
        7800   1.000000      0.9701750       1.906150      0.4689509      0.5358127    
        7820  0.8750000      0.8499875      0.9783331      0.4781293      0.5375976    
        7840  0.8750000      0.8605375       2.109188      0.4819972      0.5480062    
        7860  0.8750000      0.8417625       1.449771      0.4570701      0.5192900    
        7880  0.8750000      0.8616250       1.492247      0.4717431      0.5551508    
        7900  0.8750000      0.8470125       1.239225      0.4570149      0.5238888    
        7920  0.8750000      0.8597500       1.595295      0.4612156      0.5659179    
        7940  0.8125000      0.7824875       1.600088      0.4514492      0.5197711    
        7960  0.8750000      0.8586625       1.664771      0.4547819      0.5453255    
        7980  0.8750000      0.8440875       1.315806      0.4277074      0.4939532    
        8000  0.8750000      0.8615250       1.322634      0.4452263      0.5582725    
        8020  0.8750000      0.8511250       1.010090      0.4450124      0.5285836    
        8040  0.8750000      0.8600625       1.409566      0.4550646      0.5465561    
        8060  0.8750000      0.8401250       1.446347      0.4337900      0.4937565    
        8080  0.8750000      0.8620750       1.577975      0.4574506      0.5429475    
        8100  0.8750000      0.8435000      0.9836878      0.4487934      0.5058594    
        8120  0.8750000      0.8586000       1.512003      0.4465852      0.5462332    
        8140  0.8750000      0.8479375       1.054526      0.4518700      0.5394444    
        8160   1.000000      0.8583500       1.449640      0.4510095      0.5638268    
        8180  0.8750000      0.8397875       1.375561      0.4609895      0.5376669    
        8200   1.000000      0.9722000       1.845055      0.4606392      0.5018365    
        8220  0.8750000      0.8447750       1.246381      0.4433223      0.5104561    
        8240   1.000000      0.9729750       1.909440      0.4557410      0.5099481    
        8260  0.8750000      0.8434250       1.321670      0.4302883      0.4917820    
        8280   1.000000      0.9742875       1.950798      0.4562529      0.5091828    
        8300  0.8750000      0.8418625       1.715842      0.4229368      0.4917355    
        8320   1.000000      0.9231000       2.006870      0.4100157      0.5027219    
        8340  0.8750000      0.8393000       1.957195      0.4367464      0.5137740    
        8360   1.000000      0.9642375       1.899647      0.4476883      0.5104058    
        8380  0.8750000      0.8288875       1.109714      0.4295099      0.4912764    
        8400   1.000000      0.9734750       1.824917      0.4324940      0.4907227    
        8420  0.8750000      0.8189250       1.947917      0.4219913      0.4976609    
        8440   1.000000      0.9726250       1.783345      0.4556701      0.5174473    
        8460  0.8750000      0.8424750       1.447269      0.4313590      0.5105602    
        8480   1.000000      0.9740250       1.500765      0.4318431      0.4995408    
        8500  0.8750000      0.8408000       1.347160      0.4153865      0.4994445    
        8520   1.000000      0.9078250       1.416081      0.4261597      0.5224610    
        8540  0.8750000      0.8486000       1.302120      0.4305096      0.5332032    
        8560   1.000000      0.9755500       1.544263      0.4183859      0.4960946    
        8580  0.8750000      0.8448875       1.464150      0.4052607      0.4790533    
        8600   1.000000      0.9732875       1.472726      0.4129858      0.4641874    
        8620  0.8750000      0.8445250       1.296003      0.4131172      0.4709288    
        8640   1.000000      0.9753250       1.389664      0.4570191      0.5073244    
        8660  0.8750000      0.8466875       1.450505      0.4336268      0.5210381    
        8680   1.000000      0.9530750       1.425091      0.4524671      0.5203832    
        8700  0.8750000      0.8389500      0.9407820      0.4731362      0.5210381    
        8720   1.000000      0.9725750       1.552062      0.4543997      0.5458983    
        8740  0.8750000      0.8453000       1.346406      0.4247260      0.5137742    
        8760   1.000000      0.9741625       1.343127      0.4444374      0.5117186    
        8780  0.8750000      0.7916625       1.402076      0.4347542      0.4972154    
        8800   1.000000      0.9708375       1.432089      0.4561765      0.5215421    
        8820  0.8750000      0.8484500      0.8609350      0.4437729      0.5197710    
        8840   1.000000      0.9700125       1.429791      0.4526509      0.5013018    
        8860  0.8750000      0.8464125       1.188513      0.4269213      0.4902343    
        8880   1.000000      0.8639000       1.502016      0.4325676      0.5145912    
        8900  0.8750000      0.8438625       1.477726      0.4185544      0.4923145    
        8920   1.000000      0.9708375       1.455587      0.4442724      0.5078054    
        8940  0.8750000      0.8420875       1.348129      0.4546470      0.5273373    
        8960   1.000000      0.9746250       1.543237      0.4694986      0.5452255    
        8980  0.8750000      0.8489500       1.324886      0.4697754      0.5406903    
        9000   1.000000      0.9743875       1.525344      0.4730150      0.5737304    
        9020  0.8750000      0.8445000       1.408455      0.4463171      0.5361551    
        9040   1.000000      0.9711875       1.423338      0.4666300      0.5356446    
        9060  0.8750000      0.8424250       1.249151      0.4939425      0.5727777    
        9080   1.000000      0.9706875       1.429036      0.4880631      0.5473632    
        9100  0.8750000      0.8393250       1.478207      0.4810307      0.5427061    
        9120   1.000000      0.9731750       1.436667      0.4786561      0.5457294    
        9140  0.8750000      0.8447500       1.239576      0.4461959      0.5337275    
        9160   1.000000      0.9728125       1.335648      0.4396410      0.5082645    
        9180  0.8750000      0.8411875       1.273985      0.4407053      0.5159903    
        9200   1.000000      0.9714375       1.351529      0.4549503      0.5131835    
        9220  0.8750000      0.8482875       1.122634      0.4316416      0.5187304    
        9240   1.000000      0.9729625       1.488478      0.4319295      0.4954087    
        9260  0.8750000      0.8413125       1.341532      0.4194030      0.5027219    
        9280   1.000000      0.8932875       1.419599      0.4288170      0.5177100    
        9300  0.8750000      0.8410750       1.356553      0.4345684      0.5293847    
        9320   1.000000      0.9308000       1.656433      0.4250009      0.5150885    
        9340  0.8750000      0.8444000      0.9928648      0.4406248      0.5131836    
        9360   1.000000      0.9762000       1.743857      0.4465364      0.4981635    
        9380  0.8750000      0.8448250       1.498712      0.4306256      0.5026014    
        9400  0.9750000      0.8596500       1.732044      0.4189890      0.5364203    
        9420  0.8750000      0.8467500       1.610898      0.4112104      0.5289792    
        9440  0.9375000      0.8649000       1.727908      0.4316307      0.5096419    
        9460  0.8750000      0.8276875       1.476876      0.4216758      0.4843894    
        9480  0.9750000      0.8955375       1.971944      0.4234255      0.5240616    
        9500  0.8750000      0.8396125       1.879294      0.4370247      0.5268555    
        9520   1.000000      0.9768375       1.831971      0.4428926      0.5119375    
        9540  0.9375000      0.8495875       1.117519      0.4261816      0.4887696    
        9560   1.000000      0.9518875       1.748702      0.4308147      0.5091828    
        9580  0.8750000      0.8429625       1.347459      0.4313593      0.4866852    
        9600   1.000000      0.9325250       1.623213      0.4485756      0.5103806    
        9620  0.8750000      0.8505000       1.131936      0.4340313      0.4871441    
        9640   1.000000      0.9734125       1.529692      0.4282580      0.5078055    
        9660  0.8750000      0.8460625       1.479242      0.4057871      0.4548897    
        9680   1.000000      0.9752375       1.743809      0.4230203      0.4865916    
        9700  0.8750000      0.8423500       1.283302      0.4102203      0.4823101    
        9720   1.000000      0.9719625       1.399477      0.4180171      0.4799806    
        9740   1.000000      0.8456375       1.070903      0.4303171      0.5227779    
        9760   1.000000      0.9708500       1.382964      0.4605362      0.5444337    
        9780  0.8750000      0.8463375       1.335249      0.4359087      0.5008284    
        9800   1.000000      0.9069625       1.588469      0.4214711      0.5396825    
        9820  0.8750000      0.8473875      0.8637411      0.4372800      0.5175781    
        9840  0.9875000      0.9448875       1.692201      0.4585507      0.5209961    
        9860  0.8750000      0.8497500      0.9950840      0.4498630      0.5270549    
        9880   1.000000      0.9565000       1.645236      0.4430716      0.5102539    
        9900  0.8750000      0.8495375       1.540753      0.4415627      0.4861538    
        9920   1.000000      0.9759125       1.505933      0.4150886      0.4926758    
        9940  0.8750000      0.8418000       1.454676      0.4068289      0.4986225    
        9960   1.000000      0.8891625       1.537586      0.4270286      0.5135275    
        9980  0.8750000      0.8454875       1.073279      0.4396888      0.5385743    
       10000   1.000000      0.9755375       1.540527      0.4084710      0.5024415    
       10020  0.8750000      0.8450500       1.408102      0.4206841      0.4852071    
       10040   1.000000      0.9238875       1.609649      0.4173431      0.4863279    
       10060  0.8750000      0.8386750       1.503050      0.4133049      0.5009183    
       10080  0.9250000      0.8642375       1.453113      0.4260068      0.5174471    
       10100  0.8750000      0.8350000       1.478101      0.4270093      0.5112426    
       10120   1.000000      0.9740500       1.512293      0.4659533      0.5310401    
       10140  0.8750000      0.8418625       1.357177      0.4696620      0.5452256    
       10160   1.000000      0.9731125       1.449444      0.4823583      0.5563114    
       10180  0.8750000      0.8470500       1.113448      0.4801587      0.5527840    
       10200   1.000000      0.9653500       1.859637      0.4334670      0.4909779    
       10220  0.8750000      0.8458500       1.358286      0.4285758      0.5149912    
       10240   1.000000      0.9605250       1.593997      0.4108146      0.5064248    
       10260  0.8750000      0.8424250       1.191737      0.4168210      0.5028974    
       10280   1.000000      0.9346250       1.493069      0.4287238      0.5322580    
       10300  0.8750000      0.8404500       1.029536      0.4349294      0.4852608    
       10320  0.9875000      0.8691500       1.546997      0.4149159      0.4908876    
       10340  0.8750000      0.8369625      0.9923458      0.4416656      0.5119376    
       10360  0.8750000      0.8606375       1.307602      0.4420005      0.5229492    
       10380  0.8750000      0.8496000       1.112597      0.4525363      0.5102540    
       10400  0.8750000      0.8638750       1.334550      0.4559403      0.5749220    
       10420  0.8750000      0.8539000      0.8386906      0.4528095      0.5034015    
       10440  0.8750000      0.8607750       1.289066      0.4588384      0.5135275    
       10460  0.8750000      0.8461000       1.316617      0.4366123      0.4968782    
       10480  0.9375000      0.8751875       1.631121      0.4458995      0.5497606    
       10500  0.8750000      0.8414625       1.611138      0.4477163      0.5099482    
       10520  0.9375000      0.8655750       1.663057      0.4470174      0.5749220    
       10540   1.000000      0.8513000       1.473044      0.4724596      0.5454544    
       10560   1.000000      0.8683625       1.427202      0.4675689      0.5683593    
       10580   1.000000      0.8545500       1.431393      0.4666052      0.5649415    
       10600  0.9375000      0.9137875       1.597495      0.4670206      0.5192837    
       10620  0.8750000      0.8384625       1.544657      0.5057752      0.5610352    
       10640  0.9375000      0.8628250       1.437944      0.4872792      0.5759638    
       10660  0.8750000      0.8471500       1.491309      0.5022788      0.5718002    
       10680  0.8750000      0.8587250       1.531409      0.4954370      0.5759626    
       10700  0.8750000      0.8387375       1.558412      0.4525877      0.5618936    
       10720   1.000000      0.9640500       1.483604      0.4650114      0.5369525    
       10740  0.8750000      0.8484250       1.049371      0.4741261      0.5326524    
       10760   1.000000      0.9740625       1.393022      0.4425133      0.5331318    
       10780  0.8750000      0.8481500       1.374985      0.4367700      0.5346680    
       10800   1.000000      0.8925375       1.654593      0.4282659      0.5111111    
       10820  0.8750000      0.8413250       1.466907      0.3912650      0.4560547    
       10840   1.000000      0.9584375       1.557179      0.3940192      0.4651054    
       10860  0.8750000      0.8452625       1.251204      0.4072381      0.4885217    
       10880  0.8750000      0.8582625       1.634178      0.4095285      0.4969724    
       10900  0.8750000      0.8402375       1.288927      0.4031140      0.4892921    
       10920   1.000000      0.9687875       1.578347      0.3783362      0.4486523    
       10940  0.8750000      0.8439875       1.386719      0.3946379      0.4761249    
       10960   1.000000      0.9499625       2.025064      0.4121410      0.4722655    
       10980  0.8750000      0.8213875       1.593581      0.4001929      0.4848616    
       11000   1.000000      0.9718125       1.987963      0.3837051      0.4484757    
       11020  0.8750000      0.8489875       1.200630      0.3963705      0.4667456    
       11040   1.000000      0.8765750       1.961554      0.3942864      0.4752066    
       11060  0.8750000      0.8459625       1.661413      0.4025198      0.4809689    
       11080   1.000000      0.9740250       2.003798      0.4235010      0.4912659    
       11100  0.8750000      0.8405000       1.913257      0.3949483      0.4540864    
       11120   1.000000      0.9770125       2.048956      0.4020447      0.4826990    
       11140  0.8750000      0.8465250       1.654518      0.3988447      0.4683195    
       11160   1.000000      0.8667250       1.829632      0.4301526      0.4936511    
       11180  0.8750000      0.8451000       1.531260      0.4169176      0.4809689    
       11200   1.000000      0.9596500       1.994246      0.4028506      0.4688582    
       11220  0.8750000      0.8461000       1.358269      0.4232184      0.5156087    
       11240   1.000000      0.9679000       1.343724      0.4465636      0.5161132    
       11260  0.8750000      0.8419000       1.377993      0.4481243      0.5493165    
       11280   1.000000      0.9615250       1.405393      0.4262076      0.5104058    
       11300  0.8750000      0.8392500       1.200169      0.4380909      0.5350000    
       11320   1.000000      0.9726375       1.502097      0.4323820      0.4935721    
       11340  0.8750000      0.8456625       1.293471      0.4300911      0.5102538    
       11360   1.000000      0.9744875       1.510906      0.4358953      0.5097656    
       11380  0.8750000      0.8492125       1.383811      0.4396823      0.5137742    
       11400   1.000000      0.9719000       1.719331      0.4377438      0.5126626    
       11420  0.8750000      0.8430250       1.403929      0.4297662      0.4965820    
       11440   1.000000      0.9716500       1.462616      0.4219371      0.4779614    
       11460  0.8750000      0.8445625       1.292253      0.4200753      0.4887696    
       11480   1.000000      0.9725750       1.516518      0.4227709      0.4885217    
       11500  0.8750000      0.8440625       1.496564      0.4250433      0.5009182    
       11520   1.000000      0.9572375       1.309605      0.4387924      0.5109600    
       11540  0.8750000      0.8275500       1.165821      0.4290989      0.5175107    
       11560   1.000000      0.9725625       1.194723      0.4453717      0.5110192    
       11580  0.8750000      0.8496000       1.383458      0.4459657      0.5301775    
       11600   1.000000      0.9680250       1.167314      0.4691471      0.5263906    
       11620   1.000000      0.9616750      0.9241767      0.4257001      0.5119376    
       11640   1.000000      0.9696750       1.506374      0.4606816      0.5087993    
       11660   1.000000      0.9433750      0.9096220      0.4436801      0.5019531    
       11680   1.000000      0.9709625       1.223087      0.4581515      0.5173964    
       11700   1.000000      0.8513000       1.384051      0.4428509      0.5243929    
       11720   1.000000      0.9739875       1.178344      0.4606124      0.5426599    
       11740   1.000000      0.9551875      0.9286619      0.4627805      0.5327783    
       11760   1.000000      0.8595875       1.516184      0.4496577      0.5278107    
       11780   1.000000      0.8582875       1.238195      0.4370662      0.5346680    
       11800  0.8750000      0.8605500       1.467683      0.4425349      0.5312500    
       11820   1.000000      0.8746000       1.329239      0.4570858      0.5416981    
       11840  0.8750000      0.8611250       1.480992      0.4618505      0.5588311    
       11860   1.000000      0.8494250       1.519720      0.4389638      0.5194921    
       11880  0.9375000      0.9188250       1.650913      0.4164830      0.4909779    
       11900  0.8750000      0.8427875       1.649058      0.4158838      0.4954087    
       11920  0.8750000      0.8571875       1.449579      0.4531178      0.5452255    
       11940  0.8750000      0.8430500       1.529860      0.4557126      0.5240614    
       11960  0.9375000      0.9157125       1.678768      0.4518313      0.5281143    
       11980   1.000000      0.8446250       1.062050      0.4569466      0.5102539    
       12000  0.9875000      0.9208000       1.925564      0.4569920      0.5424805    
       12020  0.8750000      0.8432250       1.642161      0.4495311      0.5119181    
       12040  0.9375000      0.9199875       2.085342      0.4471477      0.4857267    
       12060  0.9375000      0.8298250       1.676307      0.4362602      0.5176028    
       12080  0.9375000      0.8605875       1.582507      0.4460218      0.5286160    
       12100   1.000000      0.8480000       1.470971      0.4334133      0.5027548    
       12120  0.8750000      0.8597625       1.493359      0.4401427      0.5165289    
       12140  0.8750000      0.8484875       1.451866      0.4097006      0.4935364    
       12160  0.9375000      0.9143375       1.642244      0.4332336      0.5140828    
       12180  0.8750000      0.7882375       1.673053      0.4348570      0.5165278    
       12200  0.9375000      0.9150375       1.759854      0.4354602      0.5102539    
       12220  0.8750000      0.8390250       1.549385      0.4418469      0.4944903    
       12240   1.000000      0.8846375       1.525836      0.4611025      0.5292969    
       12260  0.8750000      0.8255500       1.338523      0.4633398      0.5697393    
       12280   1.000000      0.9739500       1.415318      0.4705308      0.5366592    
       12300  0.8750000      0.8501500      0.9654306      0.4734678      0.5296045    
       12320   1.000000      0.9705125       1.268513      0.4881681      0.5434570    
       12340  0.8750000      0.8486500       1.027242      0.4743833      0.5502928    
       12360   1.000000      0.9738625       1.312617      0.4680802      0.5396826    
       12380  0.8750000      0.8319625       1.030719      0.4455092      0.5234375    
       12400   1.000000      0.8944125       1.306412      0.4573483      0.5537920    
       12420   1.000000      0.8461000       1.350631      0.4426136      0.5702767    
       12440   1.000000      0.9704375       1.133693      0.4614847      0.5527345    
       12460  0.8750000      0.8517375       1.071819      0.4447311      0.5082645    
       12480   1.000000      0.9713750       1.276441      0.4562450      0.5298439    
       12500  0.9875000      0.8509625       1.180759      0.4396768      0.5104058    
       12520   1.000000      0.9736625       1.270840      0.4732265      0.5382045    
       12540   1.000000      0.8545875       1.184404      0.4594433      0.5410156    
       12560   1.000000      0.9741375       1.313823      0.4666662      0.5384949    
       12580   1.000000      0.9209875       1.394336      0.4762808      0.5422406    
       12600   1.000000      0.9735625       1.212575      0.4766575      0.5698242    
       12620   1.000000      0.9623250       1.302482      0.4642055      0.5160035    
       12640   1.000000      0.9704625       1.243290      0.4699474      0.5633135    
       12660   1.000000      0.8392625       1.462831      0.4471591      0.5151367    
       12680   1.000000      0.9665625       1.257198      0.4649390      0.5386500    
       12700   1.000000      0.9613125       1.310163      0.4503793      0.5073463    
       12720   1.000000      0.9710625       1.304839      0.4748887      0.5546874    
       12740   1.000000      0.9678250       1.047833      0.4868862      0.5424804    
       12760   1.000000      0.9735875       1.249520      0.4777437      0.5457786    
       12780   1.000000      0.9585750       1.268333      0.4781213      0.5369525    
       12800   1.000000      0.9716125       1.131641      0.4962156      0.5633136    
       12820   1.000000      0.9717625       1.183006      0.4756352      0.5265810    
       12840   1.000000      0.9727750       1.315433      0.4485078      0.5452457    
       12860   1.000000      0.9726875      0.8407487      0.4565924      0.5424851    
       12880   1.000000      0.9718875       1.257839      0.4743082      0.5288086    
       12900   1.000000      0.9653375      0.9636348      0.4519189      0.5149912    
       12920   1.000000      0.9713625       1.145728      0.4684868      0.5566407    
       12940   1.000000      0.9666750       1.178483      0.4692658      0.5286160    
       12960   1.000000      0.9701375       1.203986      0.4792529      0.5424853    
       12980   1.000000      0.9335375       1.343804      0.4478378      0.5041420    
       13000   1.000000      0.9715500       1.209477      0.4841264      0.5572320    
       13020   1.000000      0.8775125       1.242517      0.4565734      0.5260146    
       13040   1.000000      0.9683625       1.192338      0.4600021      0.5511111    
       13060   1.000000      0.9645000       1.151763      0.4829890      0.5301774    
       13080   1.000000      0.9751500       1.195531      0.4939066      0.5774755    
       13100   1.000000      0.9635250      0.8717465      0.4912848      0.5676529    
       13120   1.000000      0.9712000       1.265510      0.4746401      0.5502930    
       13121  0.7500000      0.4886125       1.269491      0.4753457      0.5671006    
       13122  0.7500000      0.4961250       1.270651      0.4759511      0.5671006    
       13123  0.7500000      0.5083000       1.278226      0.4756309      0.5684052    
       13124  0.7500000      0.5408750       1.280388      0.4740863      0.5633662    
       13125  0.7500000      0.5852375       1.275721      0.4740142      0.5697392    
       13126  0.8750000      0.6285875       1.250351      0.4740796      0.5628622    
       13127  0.8750000      0.6556625       1.218220      0.4739021      0.5616770    
       13128  0.8750000      0.6965500       1.163371      0.4723426      0.5467456    
       13129  0.8750000      0.7281000       1.106899      0.4721112      0.5413224    
       13130  0.8750000      0.7321500       1.071282      0.4727009      0.5390625    
       13131   1.000000      0.7343250       1.072122      0.4722522      0.5522462    
       13132   1.000000      0.7422500       1.090077      0.4717061      0.5522802    
       13133   1.000000      0.7663875       1.137725      0.4701305      0.5600587    
       13134   1.000000      0.8007750       1.227554      0.4660124      0.5566406    
       13135   1.000000      0.8317000       1.292440      0.4652132      0.5467373    
       13136   1.000000      0.8525000       1.297800      0.4651902      0.5368047    
       13137   1.000000      0.8528625       1.290221      0.4653689      0.5361553    
       13138   1.000000      0.8574375       1.286528      0.4652231      0.5312175    
       13139   1.000000      0.8735000       1.248191      0.4663833      0.5312175    
       13140   1.000000      0.8987125       1.206538      0.4680248      0.5426598    
       13141   1.000000      0.9326000       1.150782      0.4702222      0.5405275    
       13142   1.000000      0.9645875       1.094081      0.4722524      0.5405275    
       13143   1.000000      0.9700250       1.085116      0.4721575      0.5261750    
       13144   1.000000      0.9679750       1.086591      0.4724964      0.5417688    
       13145   1.000000      0.9702500       1.084856      0.4719202      0.5415385    
       13146   1.000000      0.9694750       1.085992      0.4717432      0.5444337    
       13147   1.000000      0.9704500       1.079209      0.4718853      0.5417688    
       13148   1.000000      0.9718000       1.081033      0.4719504      0.5489073    
       13149   1.000000      0.9658875       1.083941      0.4712515      0.5405827    
       13150   1.000000      0.9718000       1.082434      0.4707351      0.5417687    
       13151   1.000000      0.9731625       1.081466      0.4711059      0.5405827    
       13152   1.000000      0.9688375       1.086374      0.4712715      0.5573772    
       13153   1.000000      0.9755125       1.084942      0.4705189      0.5426639    
       13154   1.000000      0.9667250       1.081537      0.4711870      0.5426639    
       13155   1.000000      0.9708250       1.086650      0.4708161      0.5426639    
       13156   1.000000      0.9699875       1.074172      0.4719566      0.5558075    
       13157   1.000000      0.9677125       1.085027      0.4722707      0.5558075    
       13158   1.000000      0.9700625       1.086896      0.4729961      0.5673972    
       13159   1.000000      0.9708375       1.085177      0.4716186      0.5673972    
       13160   1.000000      0.9683375       1.071938      0.4716477      0.5673972    
       13161   1.000000      0.9678500       1.065825      0.4719622      0.5673972    
       13162   1.000000      0.9713500       1.069125      0.4723862      0.5673972    
       13163   1.000000      0.9704375       1.060909      0.4738081      0.5718003    
       13164   1.000000      0.9709625       1.064716      0.4736554      0.5864015    
       13165   1.000000      0.9687500       1.065429      0.4720263      0.5830184    
       13166   1.000000      0.9698750       1.056810      0.4731438      0.5830184    
       13167   1.000000      0.9691250       1.065816      0.4736359      0.5830184    
       13168   1.000000      0.9693000       1.059633      0.4748312      0.5728409    
       13169   1.000000      0.9632625       1.057531      0.4753375      0.5735019    
       13170   1.000000      0.9637000       1.058819      0.4736687      0.6005859    
       13171   1.000000      0.9680000       1.062728      0.4712710      0.5699168    
       13172   1.000000      0.9697500       1.052557      0.4724272      0.5868886    
       13173   1.000000      0.9651375       1.055634      0.4724989      0.5699168    
       13174   1.000000      0.9705250       1.058742      0.4717392      0.5756835    
       13175   1.000000      0.9716750       1.058648      0.4716460      0.5699168    
       13176   1.000000      0.9680625       1.072184      0.4710723      0.5563020    
       13177   1.000000      0.9682875       1.061900      0.4725294      0.5744016    
       13178   1.000000      0.9724375       1.066875      0.4715803      0.5552663    
       13179   1.000000      0.9706750       1.071477      0.4709966      0.5578512    
