         200   1.000000      0.9413750       1.310702      0.3287390      0.4533333    
         400   1.000000      0.9465000       1.305810      0.3279355      0.4861591    
         600   1.000000      0.9505625       1.301876      0.3273766      0.4413266    
         800   1.000000      0.9466250       1.316949      0.3276343      0.4215561    
        1000   1.000000      0.9443750       1.298736      0.3298481      0.4407510    
        1200   1.000000      0.9449375       1.307659      0.3286511      0.4289880    
        1400   1.000000      0.9436875       1.309041      0.3278603      0.4194216    
        1600   1.000000      0.9447500       1.317253      0.3284478      0.4323978    
        1800   1.000000      0.9370000       1.312344      0.3294662      0.4592000    
        2000   1.000000      0.9411250       1.313593      0.3284912      0.4192000    
        2200   1.000000      0.9459375       1.312126      0.3273561      0.4447087    
        2400   1.000000      0.9409375       1.306022      0.3287513      0.4595718    
        2600   1.000000      0.9467500       1.313149      0.3278828      0.4462501    
        2800   1.000000      0.9452500       1.314812      0.3281023      0.4272083    
        3000   1.000000      0.9452500       1.310866      0.3272129      0.4493800    
        3200   1.000000      0.9424375       1.311886      0.3284780      0.4062500    
        3400   1.000000      0.9425625       1.305432      0.3288821      0.4318857    
        3600   1.000000      0.9378125       1.309444      0.3282192      0.4445646    
        3800   1.000000      0.9458750       1.312898      0.3280240      0.4237501    
        4000   1.000000      0.9408125       1.304946      0.3289824      0.4297338    
        4200   1.000000      0.9450000       1.306577      0.3283311      0.4238281    
        4400   1.000000      0.9437500       1.315887      0.3284999      0.4316049    
        4600   1.000000      0.9450000       1.321149      0.3297917      0.4318857    
        4800   1.000000      0.9406875       1.306426      0.3285973      0.4364543    
        5000   1.000000      0.9422500       1.313246      0.3294966      0.4372222    
        5200   1.000000      0.9495625       1.308936      0.3273914      0.4318857    
        5400   1.000000      0.9466250       1.308258      0.3295736      0.4318858    
        5600   1.000000      0.9492500       1.314281      0.3303807      0.4609375    
        5800   1.000000      0.9424375       1.308663      0.3288692      0.4264000    
        6000   1.000000      0.9465000       1.312618      0.3294669      0.4418287    
        6200   1.000000      0.9433750       1.306687      0.3302593      0.4238281    
        6400   1.000000      0.9455000       1.309864      0.3294488      0.4237500    
        6600   1.000000      0.9457500       1.312533      0.3284902      0.4296706    
        6800   1.000000      0.9400000       1.317089      0.3297157      0.4565217    
        7000   1.000000      0.9434375       1.313747      0.3305060      0.4623074    
        7200   1.000000      0.9511250       1.313159      0.3278047      0.4484912    
        7400   1.000000      0.9425625       1.306365      0.3288058      0.4413265    
        7600   1.000000      0.9467500       1.306064      0.3282154      0.4733334    
        7800   1.000000      0.9466875       1.313700      0.3300795      0.4413265    
        8000   1.000000      0.9388125       1.314191      0.3297829      0.4699583    
        8200   1.000000      0.9468750       1.311552      0.3285796      0.4339796    
        8400   1.000000      0.9475625       1.305448      0.3281623      0.4446368    
        8600   1.000000      0.9412500       1.313053      0.3284303      0.4727273    
        8800   1.000000      0.9395625       1.307200      0.3293826      0.4248001    
        9000   1.000000      0.9424375       1.305341      0.3282988      0.4447087    
        9200   1.000000      0.9423750       1.312156      0.3309483      0.4348188    
        9400   1.000000      0.9388750       1.300700      0.3293503      0.4362139    
        9600   1.000000      0.9476250       1.307463      0.3275752      0.4289879    
        9800   1.000000      0.9431250       1.309460      0.3277083      0.4466667    
       10000   1.000000      0.9500000       1.308655      0.3278201      0.4446366    
       10200   1.000000      0.9420625       1.313348      0.3276726      0.4622961    
       10400   1.000000      0.9416250       1.317140      0.3287539      0.4559950    
       10600   1.000000      0.9479375       1.308819      0.3281112      0.4227161    
       10800   1.000000      0.9396250       1.313191      0.3302423      0.4350304    
       11000   1.000000      0.9453125       1.302646      0.3279469      0.4413265    
       11200   1.000000      0.9435000       1.308321      0.3279326      0.4493801    
       11400   1.000000      0.9413125       1.313985      0.3280359      0.4210069    
       11600   1.000000      0.9405000       1.302948      0.3283733      0.4677821    
       11800   1.000000      0.9433750       1.310306      0.3278190      0.4470699    
       12000   1.000000      0.9475625       1.311693      0.3280741      0.4366319    
       12200   1.000000      0.9448125       1.304651      0.3292369      0.4286420    
       12400   1.000000      0.9464375       1.310830      0.3270481      0.4326923    
       12600   1.000000      0.9460000       1.309054      0.3281274      0.4329104    
       12800   1.000000      0.9465625       1.312905      0.3279412      0.4786680    
       13000   1.000000      0.9481250       1.313059      0.3279273      0.4565217    
       13200   1.000000      0.9455000       1.306462      0.3281944      0.4466666    
       13400   1.000000      0.9428125       1.324722      0.3272571      0.4231405    
       13600   1.000000      0.9490000       1.312306      0.3264076      0.4318857    
       13800   1.000000      0.9424375       1.311359      0.3301269      0.4366449    
       14000   1.000000      0.9392500       1.310014      0.3302096      0.4326923    
       14200   1.000000      0.9412500       1.298218      0.3283517      0.4318857    
       14400   1.000000      0.9403125       1.312623      0.3293597      0.4362139    
       14600   1.000000      0.9396875       1.313782      0.3322863      0.4237500    
       14800   1.000000      0.9413750       1.306759      0.3317200      0.4848486    
       15000   1.000000      0.9381875       1.318357      0.3315925      0.4333641    
       15200   1.000000      0.9474375       1.317489      0.3320422      0.4215502    
       15400   1.000000      0.9520625       1.312569      0.3302621      0.4286421    
       15600   1.000000      0.9401875       1.304852      0.3329126      0.4445153    
       15800   1.000000      0.9443125       1.308234      0.3337696      0.4493803    
       16000   1.000000      0.9435625       1.315740      0.3341239      0.4413265    
       16200   1.000000      0.9443750       1.301970      0.3333345      0.4490581    
       16400   1.000000      0.9388750       1.310441      0.3313745      0.4302863    
       16600   1.000000      0.9396250       1.309535      0.3332561      0.4462810    
       16800   1.000000      0.9474375       1.315141      0.3318780      0.4357025    
       17000   1.000000      0.9385625       1.306989      0.3336393      0.4237500    
       17200   1.000000      0.9470625       1.313246      0.3333280      0.4398149    
       17400   1.000000      0.9439375       1.316458      0.3315355      0.4387755    
       17600   1.000000      0.9405625       1.310427      0.3301816      0.4493802    
       17800   1.000000      0.9403125       1.299798      0.3309255      0.4472657    
       18000   1.000000      0.9436875       1.314653      0.3323530      0.4848486    
       18200   1.000000      0.9425000       1.303753      0.3315895      0.4480153    
       18400   1.000000      0.9446250       1.303599      0.3310274      0.4237500    
       18600   1.000000      0.9414375       1.307189      0.3329239      0.4466667    
       18800   1.000000      0.9431250       1.313061      0.3335020      0.4690845    
       19000   1.000000      0.9391250       1.299669      0.3337521      0.4244792    
       19200   1.000000      0.9446875       1.307933      0.3310632      0.4533334    
       19400   1.000000      0.9420000       1.308699      0.3313449      0.4318858    
       19600   1.000000      0.9419375       1.309989      0.3337164      0.4521684    
       19800   1.000000      0.9454375       1.308762      0.3317196      0.4445646    
       20000   1.000000      0.9436875       1.305241      0.3318637      0.4498125    
       20200   1.000000      0.9418750       1.314768      0.3320831      0.4377162    
       20400   1.000000      0.9461875       1.302003      0.3343102      0.4466667    
       20600   1.000000      0.9410000       1.310985      0.3357443      0.4413264    
       20800   1.000000      0.9413750       1.315158      0.3345034      0.4824220    
       21000   1.000000      0.9462500       1.314457      0.3318334      0.4168242    
       21200   1.000000      0.9443125       1.302190      0.3320671      0.4192000    
       21400   1.000000      0.9453750       1.307053      0.3328421      0.4338375    
       21600   1.000000      0.9416250       1.321560      0.3349746      0.4196597    
       21800   1.000000      0.9456250       1.312068      0.3362056      0.4493802    
       22000   1.000000      0.9368750       1.314519      0.3368468      0.4191999    
       22200   1.000000      0.9390000       1.313095      0.3366428      0.4493802    
       22400   1.000000      0.9438125       1.308460      0.3358916      0.4191999    
       22600   1.000000      0.9435625       1.310018      0.3364312      0.4362140    
       22800   1.000000      0.9427500       1.307774      0.3366839      0.4321329    
       23000   1.000000      0.9405625       1.316595      0.3369895      0.4315173    
       23200   1.000000      0.9459375       1.300477      0.3365646      0.4437501    
       23400   1.000000      0.9450000       1.309053      0.3365840      0.4523809    
       23600   1.000000      0.9450000       1.305415      0.3368598      0.4387756    
       23800   1.000000      0.9441875       1.309651      0.3353967      0.4352172    
       24000   1.000000      0.9407500       1.313089      0.3354036      0.4650000    
       24200   1.000000      0.9394375       1.307909      0.3368787      0.4413264    
       24400   1.000000      0.9396875       1.315091      0.3368311      0.4312001    
       24600   1.000000      0.9490000       1.311648      0.3353615      0.4237500    
       24800   1.000000      0.9409375       1.307925      0.3356466      0.4548760    
       25000   1.000000      0.9383125       1.313670      0.3363029      0.4244792    
       25200   1.000000      0.9446875       1.316552      0.3341927      0.4318858    
       25400   1.000000      0.9401250       1.318437      0.3354439      0.4387755    
       25600   1.000000      0.9377500       1.304747      0.3371442      0.4415681    
       25800   1.000000      0.9479375       1.314008      0.3344989      0.4238282    
       26000   1.000000      0.9408125       1.315706      0.3350905      0.4466667    
       26200   1.000000      0.9425625       1.309958      0.3353898      0.4192841    
       26400   1.000000      0.9435000       1.308854      0.3360496      0.4458162    
       26600   1.000000      0.9488750       1.312602      0.3346237      0.4413266    
       26800   1.000000      0.9392500       1.299753      0.3366551      0.4445646    
       27000   1.000000      0.9407500       1.311580      0.3352206      0.4466667    
